// Observation conducted on 2014.03.14 at Ht rev. 2 
// Base frequency: 8415.99 MHz 
// Format : Time(UTC) [s]  | Signal-to-Noise ratio  |       Spectral max     |  Freq. detection [Hz]  |  Doppler noise [Hz] 
// 
   5.6730000000000000e+04   3.6606000000000000e+04   1.0252352822877490e+04   3.2223248141309828e+03   7.4080903577195667e+05  -8.1688205227692379e-05
   5.6730000000000000e+04   3.6616000000000000e+04   1.0417785413885380e+04   3.1617507348151730e+03   7.4081131088578422e+05  -3.8606964642440289e-04
   5.6730000000000000e+04   3.6626000000000000e+04   9.7107191579140217e+03   3.1994917589004276e+03   7.4081358296698146e+05   1.0149462699473588e-03
   5.6730000000000000e+04   3.6636000000000000e+04   9.8579955225311260e+03   3.2062245351808142e+03   7.4081584831440670e+05   4.0651110077760677e-04
   5.6730000000000000e+04   3.6646000000000000e+04   1.0045332589679485e+04   3.1958784512260513e+03   7.4081811062200856e+05   1.4687981173437947e-03
   5.6730000000000000e+04   3.6656000000000000e+04   1.0142788751748027e+04   3.1839904574025645e+03   7.4082036511402973e+05  -5.8779274900189193e-04
   5.6730000000000000e+04   3.6666000000000000e+04   9.9507620673888850e+03   3.2123812942984136e+03   7.4082261636668781e+05  -1.2009513750399492e-03
   5.6730000000000000e+04   3.6676000000000000e+04   1.0425565571900810e+04   3.1686321242754993e+03   7.4082486337060842e+05  -1.3940239887233474e-03
   5.6730000000000000e+04   3.6686000000000000e+04   9.6692036536069518e+03   3.1602438928958463e+03   7.4082710712691967e+05  -1.7991595575495012e-04
   5.6730000000000000e+04   3.6696000000000000e+04   9.3672898932428398e+03   3.1865369093702097e+03   7.4082934560246777e+05   3.9412432272456499e-04
   5.6730000000000000e+04   3.6706000000000000e+04   8.9642912206728015e+03   3.1921566276009371e+03   7.4083157702504750e+05  -1.4582616843199503e-03
   5.6730000000000000e+04   3.6716000000000000e+04   1.0357543906713781e+04   3.1437234310504841e+03   7.4083380738368840e+05   2.3774471844717482e-04
   5.6730000000000000e+04   3.6726000000000000e+04   9.5856073119056873e+03   3.1668820023801245e+03   7.4083603089485527e+05  -3.1565816698275739e-04
   5.6730000000000000e+04   3.6736000000000000e+04   1.0004335336413060e+04   3.1768124180122854e+03   7.4083825075878354e+05   6.7444080400491657e-05
   5.6730000000000000e+04   3.6746000000000000e+04   9.4899222054286056e+03   3.1806043587734057e+03   7.4084046646850219e+05   8.6570725250112446e-04
   5.6730000000000000e+04   3.6756000000000000e+04   9.4310433367746464e+03   3.1422089730371904e+03   7.4084267574883380e+05  -2.1047065433776879e-04
   5.6730000000000000e+04   3.6766000000000000e+04   1.0141357512643701e+04   3.1391518632342854e+03   7.4084488207837089e+05   3.0302881566512951e-04
   5.6730000000000000e+04   3.6776000000000000e+04   8.9208557520458035e+03   3.1759047844679581e+03   7.4084708497215307e+05   1.9067236833052448e-03
   5.6730000000000000e+04   3.6786000000000000e+04   8.6172726942556856e+03   3.1571326131363171e+03   7.4084928190752841e+05   2.0633936563854149e-03
   5.6730000000000000e+04   3.6796000000000000e+04   8.3712543151466689e+03   3.0765488292581067e+03   7.4085147349911404e+05   1.3730435454135659e-03
   5.6730000000000000e+04   3.6806000000000000e+04   9.3300250315072899e+03   3.1405764086178788e+03   7.4085365991394408e+05  -1.1948488690904924e-05
   5.6730000000000000e+04   3.6816000000000000e+04   1.0270524389304068e+04   3.2493205856226700e+03   7.4085584215762152e+05  -1.1006766973196136e-03
   5.6730000000000000e+04   3.6826000000000000e+04   8.5762764068016768e+03   3.0642139434402720e+03   7.4085802112539660e+05  -1.0126278509687836e-03
   5.6730000000000000e+04   3.6836000000000000e+04   1.0580693400081647e+04   3.1058331686480378e+03   7.4086019423411449e+05  -2.3457324622313536e-03
   5.6730000000000000e+04   3.6846000000000000e+04   9.2014276362640212e+03   3.0712267314254173e+03   7.4086237051406177e+05   3.9154843721007637e-03
   5.6730000000000000e+04   3.6856000000000000e+04   1.0332262974103180e+04   3.0441801575359777e+03   7.4086453314844833e+05   9.3938496888767986e-04
   5.6730000000000000e+04   3.6866000000000000e+04   9.7049873296791684e+03   3.1151987620355931e+03   7.4086669040883996e+05  -3.0173454330224558e-03
   5.6730000000000000e+04   3.6876000000000000e+04   9.2358940000438961e+03   3.0256984179299238e+03   7.4086884946918860e+05  -7.9566751514903444e-04
   5.6730000000000000e+04   3.6886000000000000e+04   1.0529793137660714e+04   3.0838960755923299e+03   7.4087100321901543e+05   4.7899686865093827e-04
   5.6730000000000000e+04   3.6896000000000000e+04   9.7695775775080765e+03   3.0223262248754841e+03   7.4087315004985582e+05  -8.1678853462108236e-04
   5.6730000000000000e+04   3.6906000000000000e+04   1.0182761386964721e+04   3.2014091967617965e+03   7.4087529586953518e+05   1.2098030404104065e-03
   5.6730000000000000e+04   3.6916000000000000e+04   1.0797417222486501e+04   3.1548437351418756e+03   7.4087743525355845e+05   1.1192519425549108e-03
   5.6730000000000000e+04   3.6926000000000000e+04   9.0029363189157939e+03   3.0874405523135651e+03   7.4087957028795686e+05   9.8254130421082664e-04
   5.6730000000000000e+04   3.6936000000000000e+04   1.0094597881767899e+04   3.1858602819345788e+03   7.4088169958505442e+05  -6.0307568185180571e-04
   5.6730000000000000e+04   3.6946000000000000e+04   1.0204554844034283e+04   3.0528090514853884e+03   7.4088382621497603e+05  -5.8256533532130561e-04
   5.6730000000000000e+04   3.6956000000000000e+04   8.8263722428333076e+03   3.0792989553548259e+03   7.4088594786725123e+05  -1.2815087396802483e-03
   5.6730000000000000e+04   3.6966000000000000e+04   9.3221478171023518e+03   3.0420444967434705e+03   7.4088806541251007e+05  -1.8444040465510625e-03
   5.6730000000000000e+04   3.6976000000000000e+04   8.5797725415669793e+03   2.9729993539929487e+03   7.4089018040378962e+05  -7.3335826198217546e-04
   5.6730000000000000e+04   3.6986000000000000e+04   8.3759361999041612e+03   3.0036173948987603e+03   7.4089228838341252e+05  -2.4212071477904828e-03
   5.6730000000000000e+04   3.6996000000000000e+04   9.7125009197395229e+03   3.0246709229572343e+03   7.4089439478724112e+05  -1.4872597015482825e-03
   5.6730000000000000e+04   3.7006000000000000e+04   9.8007334627411947e+03   3.0104614763852596e+03   7.4089649802563153e+05   4.6365752916699421e-04
   5.6730000000000000e+04   3.7016000000000000e+04   1.0103453508958934e+04   2.9762813094218945e+03   7.4089859399110917e+05  -6.9112197422782629e-04
   5.6730000000000000e+04   3.7026000000000000e+04   9.6816506272481110e+03   3.0194856110776236e+03   7.4090069021539146e+05   2.5649193148638005e-03
   5.6730000000000000e+04   3.7036000000000000e+04   1.0614823876823319e+04   2.9941057020392664e+03   7.4090277871722204e+05   2.2353181210519324e-03
   5.6730000000000000e+04   3.7046000000000000e+04   8.6668259507253752e+03   2.9502267494396233e+03   7.4090486102296563e+05  -1.6877181872132496e-04
   5.6730000000000000e+04   3.7056000000000000e+04   8.9346503170485576e+03   2.9827694685649367e+03   7.4090694028534950e+05  -1.5098381682037143e-03
   5.6730000000000000e+04   3.7066000000000000e+04   1.0281440073244104e+04   2.9269744419539743e+03   7.4090902045720711e+05   2.1497367145002499e-03
   5.6730000000000000e+04   3.7076000000000000e+04   9.1200347918981461e+03   2.9582188309802355e+03   7.4091109052947874e+05  -2.1432339326565852e-04
   5.6730000000000000e+04   3.7086000000000000e+04   9.0294637554514029e+03   2.9471740148801196e+03   7.4091315954990964e+05   4.3051211810052337e-04
   5.6730000000000000e+04   3.7096000000000000e+04   9.1442420964701669e+03   2.8881954240154355e+03   7.4091522651413165e+05   3.0646634805862050e-03
   5.6730000000000000e+04   3.7106000000000000e+04   8.8621557937974449e+03   2.9607049820216389e+03   7.4091728299607092e+05  -7.5314989260277798e-04
   5.6730000000000000e+04   3.7116000000000000e+04   9.9838452984991764e+03   2.9064198654316492e+03   7.4091934178526537e+05   1.7514095575279498e-03
   5.6730000000000000e+04   3.7126000000000000e+04   9.3627847648594106e+03   2.9339988926865353e+03   7.4092139122314495e+05  -1.0954211056741769e-03
   5.6730000000000000e+04   3.7136000000000000e+04   8.2258908315822464e+03   2.9794250511894757e+03   7.4092343918155972e+05  -1.4369746334068623e-03
   5.6730000000000000e+04   3.7146000000000000e+04   8.2849127818800262e+03   3.0290803491534402e+03   7.4092548529316694e+05   3.4423441661601828e-04
   5.6730000000000000e+04   3.7156000000000000e+04   8.2376047892214610e+03   2.9672350989658426e+03   7.4092752573898865e+05   4.1406847992675466e-04
   5.6730000000000000e+04   3.7166000000000000e+04   9.4708680450195425e+03   3.0231510479518515e+03   7.4092956173331535e+05  -2.8326520691734913e-05
   5.6730000000000000e+04   3.7176000000000000e+04   8.3712414313331265e+03   3.0072505834773528e+03   7.4093159210007021e+05  -2.1741566940818302e-03
   5.6730000000000000e+04   3.7186000000000000e+04   9.3124986718502623e+03   2.9298084486798089e+03   7.4093362163215200e+05  -1.2456345003784008e-03
   5.6730000000000000e+04   3.7196000000000000e+04   9.8073350070277411e+03   3.0204224253849684e+03   7.4093564549327362e+05  -2.0941398079230567e-03
   5.6730000000000000e+04   3.7206000000000000e+04   7.8529428809626579e+03   2.9302443308425463e+03   7.4093766981755337e+05   1.3993739322586407e-03
   5.6730000000000000e+04   3.7216000000000000e+04   9.5185629379468210e+03   2.9462674628532186e+03   7.4093968730259221e+05   1.9174582930645556e-03
   5.6730000000000000e+04   3.7226000000000000e+04   9.6144638938734988e+03   2.9196661462566917e+03   7.4094169690267683e+05  -1.6006258914558202e-03
   5.6730000000000000e+04   3.7236000000000000e+04   9.3101440163813895e+03   2.8889958165142621e+03   7.4094371164304833e+05   3.8553623525103831e-03
   5.6730000000000000e+04   3.7246000000000000e+04   8.4689260493905458e+03   2.9338753684712210e+03   7.4094571331380121e+05   6.0544403027051885e-05
   5.6730000000000000e+04   3.7256000000000000e+04   8.6251788352551721e+03   2.9281555955490039e+03   7.4094771401618363e+05  -8.9877597736176540e-04
   5.6730000000000000e+04   3.7266000000000000e+04   9.2653007253652704e+03   2.9042448337156511e+03   7.4094971267590288e+05  -1.1180626881923672e-04
   5.6730000000000000e+04   3.7276000000000000e+04   9.5698634705969107e+03   2.9055351507185314e+03   7.4095170493730193e+05  -1.9490853759407401e-03
   5.6730000000000000e+04   3.7286000000000000e+04   8.3034453846329980e+03   2.9041196688263535e+03   7.4095369605273800e+05  -1.1731055707286941e-03
   5.6730000000000000e+04   3.7296000000000000e+04   9.4302197968879136e+03   2.9639087316763448e+03   7.4095568248243548e+05  -1.3384562322471538e-03
   5.6730000000000000e+04   3.7306000000000000e+04   8.6221911134047277e+03   2.8986811992552966e+03   7.4095766404612758e+05  -2.6401816199950190e-03
   5.6730000000000000e+04   3.7316000000000000e+04   8.8837920497423129e+03   2.8823726560183504e+03   7.4095964670072775e+05   8.6389234843409213e-04
   5.6730000000000000e+04   3.7326000000000000e+04   8.8712194384123795e+03   2.8904981001522528e+03   7.4096162070974091e+05  -5.7742860974485666e-04
   5.6730000000000000e+04   3.7336000000000000e+04   9.7951380499328734e+03   2.9211715295622021e+03   7.4096359269708302e+05  -3.5488676689965359e-04
   5.6730000000000000e+04   3.7346000000000000e+04   8.8505088540469606e+03   2.9300238532506173e+03   7.4096556070705177e+05  -4.3879950305836246e-04
   5.6730000000000000e+04   3.7356000000000000e+04   8.1441059669079050e+03   2.8841607632521905e+03   7.4096752748162963e+05   1.8982453244689168e-03
   5.6730000000000000e+04   3.7366000000000000e+04   9.1803155545100490e+03   2.9181217496942886e+03   7.4096948916913907e+05   2.7900459041347858e-03
   5.6730000000000000e+04   3.7376000000000000e+04   8.3498586458899317e+03   2.8520840462092629e+03   7.4097144365020329e+05   1.0274880969518563e-04
   5.6730000000000000e+04   3.7386000000000000e+04   8.2116713192870939e+03   2.9343210280992357e+03   7.4097339761964022e+05   5.1674460974027170e-04
   5.6730000000000000e+04   3.7396000000000000e+04   8.0540483030054020e+03   2.8171877424364579e+03   7.4097534650476812e+05  -5.5502444138255669e-04
   5.6730000000000000e+04   3.7406000000000000e+04   8.0111147656522353e+03   2.8050806827823835e+03   7.4097729573149292e+05   2.2990238622924153e-03
   5.6730000000000000e+04   3.7416000000000000e+04   8.8426074082915020e+03   2.8577459999315056e+03   7.4097923492366611e+05  -1.3115284640434766e-03
   5.6730000000000000e+04   3.7426000000000000e+04   8.8264981472656018e+03   2.9006762349914220e+03   7.4098117839247372e+05   2.9102903860120932e-03
   5.6730000000000000e+04   3.7436000000000000e+04   8.3521915342000739e+03   2.9195768284128567e+03   7.4098311093985313e+05  -2.4773815982825909e-04
   5.6730000000000000e+04   3.7446000000000000e+04   8.9604686316722054e+03   2.9102914732266868e+03   7.4098503895851353e+05  -4.4070029389331467e-03
   5.6730000000000000e+04   3.7456000000000000e+04   8.7420031555787755e+03   2.8384959546275877e+03   7.4098697172023053e+05  -3.0976525374626362e-04
   5.6730000000000000e+04   3.7466000000000000e+04   8.5530754021819448e+03   2.8292659328160312e+03   7.4098889728122752e+05   8.6223338257696014e-05
   5.6730000000000000e+04   3.7476000000000000e+04   9.1666267259520118e+03   2.9017758052002750e+03   7.4099081963049853e+05   7.5604545065743878e-04
   5.6730000000000000e+04   3.7486000000000000e+04   7.3473204389550738e+03   2.8756236553080894e+03   7.4099273757177335e+05   4.8958518345898483e-04
   5.6730000000000000e+04   3.7496000000000000e+04   9.0800286299864165e+03   2.8603177015005735e+03   7.4099465239347995e+05   5.6149108763747790e-04
   5.6730000000000000e+04   3.7506000000000000e+04   1.0452300143636310e+04   2.8468613309048205e+03   7.4099656423833722e+05   1.1007716884705587e-03
   5.6730000000000000e+04   3.7516000000000000e+04   9.1904429268015101e+03   2.8516278721447184e+03   7.4099847005444765e+05  -9.5811127027900511e-04
   5.6730000000000000e+04   3.7526000000000000e+04   8.5917055147917126e+03   2.8262422725298093e+03   7.4100037320082949e+05  -2.2697083167031451e-03
   5.6730000000000000e+04   3.7536000000000000e+04   9.7850278742094724e+03   2.9361634477665461e+03   7.4100227818227012e+05   1.6572722515775240e-03
   5.6730000000000000e+04   3.7546000000000000e+04   8.9387686981602528e+03   2.8646112843849505e+03   7.4100417431731662e+05   1.2795688962796703e-04
   5.6730000000000000e+04   3.7556000000000000e+04   9.2846820430872176e+03   2.8859152872570148e+03   7.4100607191693946e+05   3.4399715806330278e-03
   5.6730000000000000e+04   3.7566000000000000e+04   8.8402251055246907e+03   2.7671754483502541e+03   7.4100795934618334e+05  -5.4905161050555762e-05
   5.6730000000000000e+04   3.7576000000000000e+04   8.8837868046971289e+03   2.8541082278649496e+03   7.4100984612464416e+05  -8.5026412614297442e-04
   5.6730000000000000e+04   3.7586000000000000e+04   9.7334840983411614e+03   2.7463297478432100e+03   7.4101173346835247e+05   2.2568198043018128e-03
   5.6730000000000000e+04   3.7596000000000000e+04   9.3886347202687375e+03   2.7201672945655441e+03   7.4101360936192225e+05  -2.7620620027164478e-03
   5.6730000000000000e+04   3.7606000000000000e+04   7.9095208476908847e+03   2.7457857654226514e+03   7.4101548937697394e+05  -3.4822723387151200e-04
   5.6730000000000000e+04   3.7616000000000000e+04   7.5189884389374165e+03   2.7725283364290121e+03   7.4101736308362568e+05  -9.4440997565925500e-04
   5.6730000000000000e+04   3.7626000000000000e+04   1.0130278883624756e+04   2.8021787481749443e+03   7.4101923530262592e+05   2.5737351859334012e-04
   5.6730000000000000e+04   3.7636000000000000e+04   8.1997023455273193e+03   2.8328522480096603e+03   7.4102109916711017e+05  -3.6224162154212536e-03
   5.6730000000000000e+04   3.7646000000000000e+04   9.2121970411615530e+03   2.8266409323808743e+03   7.4102296445072722e+05  -2.8227155335116549e-03
   5.6730000000000000e+04   3.7656000000000000e+04   7.5343528633967526e+03   2.7932321795805947e+03   7.4102482811287395e+05  -3.9661931384671334e-04
   5.6730000000000000e+04   3.7666000000000000e+04   9.1866083712921391e+03   2.8113256520390901e+03   7.4102668765738653e+05   1.1473100288412752e-03
   5.6730000000000000e+04   3.7676000000000000e+04   9.1315393471608259e+03   2.8201129948281291e+03   7.4102854258866061e+05   1.3011657554216072e-03
   5.6730000000000000e+04   3.7686000000000000e+04   8.2747597274944310e+03   2.7424192905732575e+03   7.4103039605377719e+05   3.1998230290355423e-03
   5.6730000000000000e+04   3.7696000000000000e+04   8.4695702551056747e+03   2.7880524941068802e+03   7.4103223951847479e+05  -1.7030860125260006e-03
   5.6730000000000000e+04   3.7706000000000000e+04   9.0271863254081127e+03   2.6807780125273116e+03   7.4103408774207358e+05   1.3397521769320520e-03
   5.6730000000000000e+04   3.7716000000000000e+04   8.7806866989418377e+03   2.8267818762984211e+03   7.4103592756902461e+05  -8.3911571357475623e-04
