# Observation conducted on 2014.03.14 at Ht rev. 2 
# Base frequency: 8415.99 MHz 
# Format: UTC Time     |    Signal-to-Noise     |      Spectral max      | Freq detection [Hz] |   Doppler noise [Hz]  |
# 
2014-03-14T08:50:06.000 1.372287589371449576e+04 3.634625063821278218e+03   738838.763878993224 -9.0860213163068693e-05
2014-03-14T08:50:16.000 1.212192806987573567e+04 3.674198050489744674e+03   738845.460698321811 +1.2343937714831554e-03
2014-03-14T08:50:26.000 1.228084519823841583e+04 3.657122130450420627e+03   738852.143667615019 +3.1630205685360124e-03
2014-03-14T08:50:36.000 1.386958619041346356e+04 3.696657946830897799e+03   738858.805634062504 -1.4840276888890005e-03
2014-03-14T08:50:46.000 1.362387871685965547e+04 3.628406566985057452e+03   738865.458144492935 -1.1861066809615297e-03
2014-03-14T08:50:56.000 1.068988087993959016e+04 3.626608955073725610e+03   738872.096686136909 -4.8211663875008526e-04
2014-03-14T08:51:06.000 1.313332567681611363e+04 3.608571343800936120e+03   738878.720183005906 -4.7412523497314402e-04
2014-03-14T08:51:16.000 1.359382928010152864e+04 3.638988676234611830e+03   738885.327351062442 -2.4721977210901969e-03
2014-03-14T08:51:26.000 1.302446609651161816e+04 3.634281167060626558e+03   738891.925303198048 +6.1058039409545017e-04
2014-03-14T08:51:36.000 1.423046624893973967e+04 3.653374533671719291e+03   738898.505711511243 +4.2038050912651670e-04
2014-03-14T08:51:46.000 1.314883651567108245e+04 3.602313202247623394e+03   738905.073376421235 +1.7317448193807650e-03
2014-03-14T08:51:56.000 1.257605136368672174e+04 3.580435446675779076e+03   738911.625086569809 +1.3074854538217553e-03
2014-03-14T08:52:06.000 1.224784068481277973e+04 3.638181996537759005e+03   738918.160662161419 -1.0579733611848496e-03
2014-03-14T08:52:16.000 1.296594149910433225e+04 3.666870460159632785e+03   738924.686509228428 +1.0156668859053752e-03
2014-03-14T08:52:26.000 1.241674323972164166e+04 3.641923993891116879e+03   738931.194759380538 -3.6567137397014449e-04
2014-03-14T08:52:36.000 1.306901894384568368e+04 3.614289590276106992e+03   738937.688027148950 -2.6130972836426736e-03
2014-03-14T08:52:46.000 1.146846157274650977e+04 3.557316464633416217e+03   738944.173558591981 +1.4938511662876408e-03
2014-03-14T08:52:56.000 1.322731069706819289e+04 3.571042692394094047e+03   738950.640831402736 +1.4073158610017344e-03
2014-03-14T08:53:06.000 1.306819157460707538e+04 3.471063619492276302e+03   738957.092671283055 -7.2508475341237499e-05
2014-03-14T08:53:16.000 1.341470442612139959e+04 3.657472431872676225e+03   738963.529378632200 -2.6706868715109522e-03
2014-03-14T08:53:26.000 1.336564910618182330e+04 3.551480509365216676e+03   738969.956259788130 -1.1063029617162099e-03
2014-03-14T08:53:36.000 1.312210264992532757e+04 3.609004110549561574e+03   738976.365787531831 -2.9319555090978611e-03
2014-03-14T08:53:46.000 1.445668087678736083e+04 3.616419075848995817e+03   738982.765207684599 -9.2716183348784420e-04
2014-03-14T08:53:56.000 1.070044505313002810e+04 3.538518613850460042e+03   738989.150004230440 +3.6676377544608840e-04
2014-03-14T08:54:06.000 1.364282068376982716e+04 3.599567373923904142e+03   738995.521107290871 +1.8546846357594404e-03
2014-03-14T08:54:16.000 1.180454827109698454e+04 3.668440056260467372e+03   739001.875840199413 +8.3471480286334565e-04
2014-03-14T08:54:26.000 1.185898197181915566e+04 3.583297898554105814e+03   739008.217508778675 +5.8749598611029796e-04
2014-03-14T08:54:36.000 1.250048144697096177e+04 3.619949224113319360e+03   739014.550035137334 +5.0099934381933053e-03
2014-03-14T08:54:46.000 1.326024332119797145e+04 3.649167090330712199e+03   739020.859601747943 +2.5957397338061128e-04
2014-03-14T08:54:56.000 1.219130845419373145e+04 3.581511457964257716e+03   739027.161311017117 +1.4135740917708972e-03
2014-03-14T08:55:06.000 1.288038124215427160e+04 3.636522158460072660e+03   739033.446900092531 +1.8410738823604331e-04
2014-03-14T08:55:16.000 1.337511647327257924e+04 3.646442438079105614e+03   739039.721172868274 +1.3500689302645696e-03
2014-03-14T08:55:26.000 1.595361480950055920e+04 3.638559716091595874e+03   739045.979399508447 +1.5665788373553369e-04
2014-03-14T08:55:36.000 1.109969695250943187e+04 3.501309182718766351e+03   739052.225529358257 +5.2828789239356411e-04
2014-03-14T08:55:46.000 1.515989563687202462e+04 3.547009104465453674e+03   739058.454141734750 -2.9806218847170385e-03
2014-03-14T08:55:56.000 1.170725460795852450e+04 3.523960415310254575e+03   739064.675517680356 -1.1389550036255967e-04
2014-03-14T08:56:06.000 1.303394744808986979e+04 3.519126672191768193e+03   739070.878449340118 -2.1042219556193231e-03
2014-03-14T08:56:16.000 1.160383821477271158e+04 3.509571787503281485e+03   739077.073352981242 +1.4398620000974915e-03
2014-03-14T08:56:26.000 1.138056776453621205e+04 3.545676815982511926e+03   739083.251263685292 +1.5286644349998824e-03
2014-03-14T08:56:36.000 1.319899065620938745e+04 3.548698873567867849e+03   739089.415493960609 +1.4499496356847883e-03
2014-03-14T08:56:46.000 1.109358940090846772e+04 3.489685205272441181e+03   739095.564688635524 -1.7616885122606618e-04
2014-03-14T08:56:56.000 1.287879353720043946e+04 3.637778685791679891e+03   739101.702746434137 +5.2434570056902885e-04
2014-03-14T08:57:06.000 1.242431133844876604e+04 3.562451111068963201e+03   739107.827537429868 +1.3969074134365655e-03
2014-03-14T08:57:16.000 1.293947367109057814e+04 3.542629309728376938e+03   739113.935697157867 -9.4758163595543010e-04
2014-03-14T08:57:26.000 1.145093667328000447e+04 3.646833065947542309e+03   739120.032949785586 -8.0956055046499387e-04
2014-03-14T08:57:36.000 1.316051916807104863e+04 3.588816151969053863e+03   739126.120293681277 +2.7847576019439657e-03
2014-03-14T08:57:46.000 1.323941667978178884e+04 3.611705630424855372e+03   739132.187001108774 -9.1691994578013681e-04
2014-03-14T08:57:56.000 1.179028878688833538e+04 3.521582948798901725e+03   739138.246662133257 +1.6509393461774380e-03
2014-03-14T08:58:06.000 1.275566577170511664e+04 3.547933813238889343e+03   739144.288213471533 -5.9945700354546716e-04
2014-03-14T08:58:16.000 1.224828155516118386e+04 3.544420009663678684e+03   739150.319074988482 -2.7273077648715116e-04
2014-03-14T08:58:26.000 1.310278842719837849e+04 3.541827720607382616e+03   739156.336871504202 +2.3147364174747056e-04
2014-03-14T08:58:36.000 1.376213167258597241e+04 3.532590216643387066e+03   739162.338044884964 -2.6694208227127092e-03
2014-03-14T08:58:46.000 1.218621716367263252e+04 3.533590805845240538e+03   739168.331365256803 -2.2971090811552133e-04
2014-03-14T08:58:56.000 1.158452505613726316e+04 3.530099285457350561e+03   739174.308855757234 -4.5066188749842695e-04
2014-03-14T08:59:06.000 1.102524583411527601e+04 3.534806090487645179e+03   739180.271928397473 -1.9446462944188168e-03
2014-03-14T08:59:16.000 1.177903904684447662e+04 3.466507335297010286e+03   739186.224841785617 -4.7742111530624237e-04
2014-03-14T08:59:26.000 1.129371376317221620e+04 3.458573957582148978e+03   739192.161577931256 -2.0913236172646066e-03
2014-03-14T08:59:36.000 1.388139160588390223e+04 3.512727883356383700e+03   739198.088020017953 -9.2750053511281283e-04
2014-03-14T08:59:46.000 1.352516030458055138e+04 3.511675935619794473e+03   739204.001122862683 -5.5448305261052149e-05
2014-03-14T08:59:56.000 1.307722138952494061e+04 3.498124657091535028e+03   739209.900253690197 -1.3223972564446740e-04
2014-03-14T09:00:06.000 1.174116973242181666e+04 3.440279457314088177e+03   739215.786252733902 -3.4192439272828778e-04
2014-03-14T09:00:16.000 1.289541943956127579e+04 3.435223264384807862e+03   739221.659770823200 -5.7940756732932641e-05
2014-03-14T09:00:26.000 1.316069958154517917e+04 3.467703104780151534e+03   739227.517321285326 -2.7912161502854360e-03
2014-03-14T09:00:36.000 1.221155953543145915e+04 3.415031754788462422e+03   739233.365970298997 -1.4998127477383605e-03
2014-03-14T09:00:46.000 1.347298038722127967e+04 3.424781118687842536e+03   739239.201110468362 -8.1535587469261372e-04
2014-03-14T09:00:56.000 1.115902786219501832e+04 3.442557817003551463e+03   739245.022942052688 -5.6180330659572064e-04
2014-03-14T09:01:06.000 1.288390405681990887e+04 3.430715411632689666e+03   739250.833356473129 +1.1280599943574998e-03
2014-03-14T09:01:16.000 1.245317061311965517e+04 3.486258854774059273e+03   739256.629462657147 +1.3389653200874818e-03
2014-03-14T09:01:26.000 1.248100544677896323e+04 3.428440012361717891e+03   739262.411522636306 +3.0875818674758193e-04
2014-03-14T09:01:36.000 1.014669081052459842e+04 3.384652038102294682e+03   739268.183569532819 +2.0463836086719311e-03
2014-03-14T09:01:46.000 1.187384719284985113e+04 3.455611327342416644e+03   739273.941280622268 +2.2049478344570161e-03
2014-03-14T09:01:56.000 1.246619256557753215e+04 3.402317819753688582e+03   739279.684031048906 +1.3543395596116170e-04
2014-03-14T09:02:06.000 1.115134306753800956e+04 3.346747919922047004e+03   739285.417124796193 +1.1176705471598325e-03
2014-03-14T09:02:16.000 1.224290238463442074e+04 3.321387015722504202e+03   739291.134958076058 -4.7627830201690818e-04
2014-03-14T09:02:26.000 1.120115659929732647e+04 3.386384449125939682e+03   739296.845153616508 +2.9521723746483985e-03
2014-03-14T09:02:36.000 1.186150894251785576e+04 3.405262456792576359e+03   739302.537237220211 +9.0468727489678724e-04
2014-03-14T09:02:46.000 1.364743804560021636e+04 3.388944960397019713e+03   739308.219588855398 +1.7371008193549642e-03
2014-03-14T09:02:56.000 1.248976568963565114e+04 3.318087625488849426e+03   739313.888757814537 +1.9745757067539671e-03
2014-03-14T09:03:06.000 1.036446382874203118e+04 3.408459263726055724e+03   739319.543375901645 +2.2478801201941681e-04
2014-03-14T09:03:16.000 1.288099704462783120e+04 3.336677749354277239e+03   739325.186737859738 -2.4164460830888856e-04
2014-03-14T09:03:26.000 1.195693402437476470e+04 3.409765995469168956e+03   739330.818436273956 +1.4373901933595334e-04
2014-03-14T09:03:36.000 1.162937346757206433e+04 3.386379340287162904e+03   739336.436821647803 -2.9268030846196780e-04
2014-03-14T09:03:46.000 1.407632910617929520e+04 3.404277274414771910e+03   739342.041775757796 -1.6932499278254909e-03
2014-03-14T09:03:56.000 1.174207177509296889e+04 3.391503246796855365e+03   739347.637631846708 +2.5114974312145932e-04
2014-03-14T09:04:06.000 1.332367604846791619e+04 3.356568231695142913e+03   739353.222695451463 +3.8219303753521672e-03
2014-03-14T09:04:16.000 1.253911422135435350e+04 3.359692699527404784e+03   739358.788678648532 +7.0704105598906608e-04
2014-03-14T09:04:26.000 1.275913187040479170e+04 3.365859244506953928e+03   739364.344101140043 -5.9794540436541865e-04
2014-03-14T09:04:36.000 1.201986877097915021e+04 3.319128215104365154e+03   739369.891334876185 +2.2547878411387501e-03
2014-03-14T09:04:46.000 1.143182950354547393e+04 3.283270761109921750e+03   739375.422625761246 +1.4870079830870964e-03
2014-03-14T09:04:56.000 1.154946268671799953e+04 3.359680939163189578e+03   739380.938799429103 -2.0997931305828388e-03
2014-03-14T09:05:06.000 1.214193806204060456e+04 3.363797557460875396e+03   739386.446945524192 -1.4401184174630544e-03
2014-03-14T09:05:16.000 1.150260659152198605e+04 3.363042313435068081e+03   739391.940982578904 -2.6395885884085142e-03
2014-03-14T09:05:26.000 1.261014855668609562e+04 3.310976333715424062e+03   739397.424381945864 -2.2510116306193595e-03
2014-03-14T09:05:36.000 1.350808894687593602e+04 3.297064516745998844e+03   739402.893895665649 -3.5465145803073028e-03
2014-03-14T09:05:46.000 1.390071151796453523e+04 3.288051366177486670e+03   739408.354092488182 -1.9815230803033046e-03
2014-03-14T09:05:56.000 1.110569683886686835e+04 3.342814721613855454e+03   739413.801271638367 -1.2809970926355163e-03
2014-03-14T09:06:06.000 1.095162340665297961e+04 3.286413411303925386e+03   739419.236009374727 -8.9287276443883457e-04
2014-03-14T09:06:16.000 1.139855732950252241e+04 3.365211906055063082e+03   739424.658737961785 -4.0908950984430703e-04
2014-03-14T09:06:26.000 1.281859949496722584e+04 3.229155962264357640e+03   739430.069599744282 +2.8848209774423594e-04
2014-03-14T09:06:36.000 1.164951036708523134e+04 3.264686238528760896e+03   739435.467068441329 -3.5066627879132284e-04
2014-03-14T09:06:46.000 1.096496248228276636e+04 3.275932306582075398e+03   739440.854575097095 +1.0802707512311829e-03
2014-03-14T09:06:56.000 1.151966344984439638e+04 3.253067625166209382e+03   739446.230287859333 +2.7251887161128252e-03
2014-03-14T09:07:06.000 1.122306414732917256e+04 3.236031440547867533e+03   739451.589739186456 +9.2280225089780288e-05
2014-03-14T09:07:16.000 1.071390856958834411e+04 3.283733019531153332e+03   739456.939567719470 -2.0409383523656288e-04
2014-03-14T09:07:26.000 1.071121407676186027e+04 3.275980989048835909e+03   739462.278093522880 +1.3183596558974386e-04
2014-03-14T09:07:36.000 1.182491215359326452e+04 3.154654874095842843e+03   739467.606997114606 +2.7562765981201665e-03
2014-03-14T09:07:46.000 1.232587553075248070e+04 3.258948829077845403e+03   739472.922684217338 +4.0506235857264983e-03
2014-03-14T09:07:56.000 1.049072367632505666e+04 3.256640887803399892e+03   739478.221883269143 +7.1897078146321292e-04
2014-03-14T09:08:06.000 1.057739770865100400e+04 3.242023646339620427e+03   739483.511206362513 -6.5095115451185848e-04
2014-03-14T09:08:16.000 1.079586225114426452e+04 3.234223123898661015e+03   739488.789805654553 -9.3136589225650812e-04
2014-03-14T09:08:26.000 9.202292504018572799e+03 3.214556533014098932e+03   739494.056351333973 -1.4764841226906356e-03
2014-03-14T09:08:36.000 1.212341107385104442e+04 3.229302022624508936e+03   739499.311299338122 -1.8547876871934932e-03
