// Observation conducted on 2014.03.14 at Ht rev. 2 
// Base frequency: 8415.99 MHz 
// Format : Time(UTC) [s]  | Signal-to-Noise ratio  |       Spectral max     |  Freq. detection [Hz]  |  Doppler noise [Hz] 
// 
   5.6730000000000000e+04   3.5407000000000000e+04   1.2912855527235521e+04   3.3385731010454379e+03   7.4049693129913579e+05  -8.6199403745013115e-04
   5.6730000000000000e+04   3.5417000000000000e+04   1.1416505775751741e+04   3.4951695140624843e+03   7.4049989551537042e+05  -9.5032580600218353e-04
   5.6730000000000000e+04   3.5427000000000000e+04   1.0841154581040149e+04   3.4378418958084631e+03   7.4050285417240078e+05   1.3143143496563425e-04
   5.6730000000000000e+04   3.5437000000000000e+04   1.2316377245082185e+04   3.3909710605771538e+03   7.4050580449222820e+05  -4.1085601492341084e-04
   5.6730000000000000e+04   3.5447000000000000e+04   9.7411087500524773e+03   3.3326612614204855e+03   7.4050874898573139e+05  -8.2480031096565654e-05
   5.6730000000000000e+04   3.5457000000000000e+04   1.0931612844405321e+04   3.4103499589818007e+03   7.4051168751508207e+05   9.6252551156794652e-04
   5.6730000000000000e+04   3.5467000000000000e+04   1.1246219450813276e+04   3.3406835352654330e+03   7.4051461909354315e+05   1.7211838820685443e-03
   5.6730000000000000e+04   3.5477000000000000e+04   9.7028043371322947e+03   3.2937444347300711e+03   7.4051754333604872e+05   1.7921564250400479e-03
   5.6730000000000000e+04   3.5487000000000000e+04   1.1643497913013533e+04   3.2489865544111844e+03   7.4052045867157076e+05  -4.1188994009644375e-04
   5.6730000000000000e+04   3.5497000000000000e+04   9.7976310808685539e+03   3.3357929737334507e+03   7.4052337245829974e+05   2.4508987960416562e-03
   5.6730000000000000e+04   3.5507000000000000e+04   1.1070574534102889e+04   3.3313837791556748e+03   7.4052627610870195e+05   1.7766218679753365e-03
   5.6730000000000000e+04   3.5517000000000000e+04   9.9416947490125494e+03   3.3946366532005623e+03   7.4052917193734960e+05  -1.3654531858264818e-04
   5.6730000000000000e+04   3.5527000000000000e+04   1.1904361792720894e+04   3.3565411900196523e+03   7.4053206236107962e+05  -8.8819167342535366e-04
   5.6730000000000000e+04   3.5537000000000000e+04   1.0933764367319149e+04   3.3443161778541448e+03   7.4053494846343854e+05   5.8877581841443316e-04
   5.6730000000000000e+04   3.5547000000000000e+04   1.1704301474968976e+04   3.2957848150417913e+03   7.4053782559038408e+05  -3.7616618817537528e-04
   5.6730000000000000e+04   3.5557000000000000e+04   9.7504924003424621e+03   3.3920915411025221e+03   7.4054069691512373e+05  -6.2631714490635204e-04
   5.6730000000000000e+04   3.5567000000000000e+04   1.0745544781162975e+04   3.2521481323500211e+03   7.4054356206925353e+05  -5.4661379999743076e-04
   5.6730000000000000e+04   3.5577000000000000e+04   1.2361712005279007e+04   3.3320770461343177e+03   7.4054641962993471e+05  -1.5764522518111335e-03
   5.6730000000000000e+04   3.5587000000000000e+04   9.8664683889323987e+03   3.2777850060251080e+03   7.4054927288282861e+05  -4.4675178310171759e-04
   5.6730000000000000e+04   3.5597000000000000e+04   1.0155997861674718e+04   3.3556883873128745e+03   7.4055211735141615e+05  -1.6506356819263601e-03
   5.6730000000000000e+04   3.5607000000000000e+04   1.0077186396800329e+04   3.2889273894316452e+03   7.4055495880635828e+05   5.6593156898543384e-04
   5.6730000000000000e+04   3.5617000000000000e+04   1.1532323289458096e+04   3.3945801082443040e+03   7.4055778914773732e+05  -1.9136149639962241e-03
   5.6730000000000000e+04   3.5627000000000000e+04   1.1695433186612672e+04   3.2687701926391810e+03   7.4056061564703658e+05  -1.8344593029269163e-03
   5.6730000000000000e+04   3.5637000000000000e+04   1.0737520950838079e+04   3.3091308456954039e+03   7.4056343635850225e+05  -1.1590419990170631e-03
   5.6730000000000000e+04   3.5647000000000000e+04   1.0802913133720698e+04   3.2292501724890672e+03   7.4056625185622729e+05   6.7002473042521160e-04
   5.6730000000000000e+04   3.5657000000000000e+04   1.0042808554450334e+04   3.3483939797902353e+03   7.4056905854745267e+05   4.3258526716272172e-05
   5.6730000000000000e+04   3.5667000000000000e+04   1.3139698281481247e+04   3.3260240410129422e+03   7.4057185804841516e+05  -1.4398435539533239e-03
   5.6730000000000000e+04   3.5677000000000000e+04   9.9413515956643241e+03   3.2346886860366967e+03   7.4057465760253079e+05   3.4473783183557316e-03
   5.6730000000000000e+04   3.5687000000000000e+04   1.2030380938536791e+04   3.2255081732722183e+03   7.4057744460867322e+05   2.0870268064072661e-03
   5.6730000000000000e+04   3.5697000000000000e+04   1.1328644937474759e+04   3.2827209547785319e+03   7.4058022492123756e+05   3.1671140266098519e-04
   5.6730000000000000e+04   3.5707000000000000e+04   9.3038442531564397e+03   3.2423329717828974e+03   7.4058300288679439e+05   2.4662040846124000e-03
   5.6730000000000000e+04   3.5717000000000000e+04   1.1900625559425020e+04   3.2658591205359303e+03   7.4058577113184275e+05   1.1451922199512410e-03
   5.6730000000000000e+04   3.5727000000000000e+04   1.0713471316984916e+04   3.1815135303077273e+03   7.4058853359166451e+05   2.7213436419515347e-04
   5.6730000000000000e+04   3.5737000000000000e+04   1.1776466261293286e+04   3.2130437767486255e+03   7.4059129236678302e+05   1.9307199004288123e-03
   5.6730000000000000e+04   3.5747000000000000e+04   1.1657934125412676e+04   3.2627626413085773e+03   7.4059404271680163e+05   1.3637081522119843e-03
   5.6730000000000000e+04   3.5757000000000000e+04   1.1720887886413608e+04   3.2617429758344001e+03   7.4059678602983884e+05  -5.7635770190245239e-05
   5.6730000000000000e+04   3.5767000000000000e+04   1.0665144124032398e+04   3.1697158742620368e+03   7.4059952408312960e+05  -5.7293856843898539e-04
   5.6730000000000000e+04   3.5777000000000000e+04   1.0728492130672665e+04   3.2123301438982967e+03   7.4060225585455960e+05  -1.2211835593234355e-03
   5.6730000000000000e+04   3.5787000000000000e+04   1.0571242076267390e+04   3.2288479026635673e+03   7.4060498415147373e+05   7.8809850197103515e-04
   5.6730000000000000e+04   3.5797000000000000e+04   9.2814054735831887e+03   3.1725432500214870e+03   7.4060770440698031e+05   8.7113475501610083e-04
   5.6730000000000000e+04   3.5807000000000000e+04   1.1374060109420163e+04   3.2376224721701278e+03   7.4061041579759226e+05  -1.8124483158317162e-03
   5.6730000000000000e+04   3.5817000000000000e+04   9.6200620800979359e+03   3.1533893243147022e+03   7.4061312492740306e+05  -6.7544742091740773e-04
   5.6730000000000000e+04   3.5827000000000000e+04   1.1459587905749242e+04   3.2593540358629239e+03   7.4061582320638385e+05  -4.3247849728231813e-03
   5.6730000000000000e+04   3.5837000000000000e+04   1.0354228092629297e+04   3.2762515799101038e+03   7.4061852235104388e+05  -1.0608471868636116e-03
   5.6730000000000000e+04   3.5847000000000000e+04   1.0191457356795068e+04   3.1747034399873573e+03   7.4062121134406980e+05  -1.9178448083039257e-03
   5.6730000000000000e+04   3.5857000000000000e+04   1.0799823331562317e+04   3.2329746196016608e+03   7.4062389599400864e+05  -1.1041286361432867e-03
   5.6730000000000000e+04   3.5867000000000000e+04   1.1601871166078801e+04   3.2098808155598090e+03   7.4062657540708431e+05   4.6962801388872322e-04
   5.6730000000000000e+04   3.5877000000000000e+04   1.0934503845500563e+04   3.3164229315882526e+03   7.4062924849957088e+05   1.7028023871716869e-03
   5.6730000000000000e+04   3.5887000000000000e+04   1.1105347452290880e+04   3.1524988299643592e+03   7.4063191394850076e+05   1.2555329545875793e-03
   5.6730000000000000e+04   3.5897000000000000e+04   1.0793443195322225e+04   3.1909877940270576e+03   7.4063457117632416e+05  -1.4666218946786103e-03
   5.6730000000000000e+04   3.5907000000000000e+04   1.0600882955854398e+04   3.2386409980216990e+03   7.4063722643917904e+05  -2.2441207147494424e-04
   5.6730000000000000e+04   3.5917000000000000e+04   9.6351871233712081e+03   3.1518954150125028e+03   7.4063987403011997e+05  -7.4166643025819212e-04
   5.6730000000000000e+04   3.5927000000000000e+04   9.3462547859048700e+03   3.1811565914307739e+03   7.4064251770181640e+05   7.1740674616194156e-04
   5.6730000000000000e+04   3.5937000000000000e+04   1.0817672899581268e+04   3.2422091060575431e+03   7.4064515147188783e+05  -1.8464448621671181e-03
   5.6730000000000000e+04   3.5947000000000000e+04   9.9933502559380704e+03   3.2586226828074568e+03   7.4064778481947887e+05   1.0290588728594230e-03
   5.6730000000000000e+04   3.5957000000000000e+04   1.0648489341197695e+04   3.2326495938066901e+03   7.4065040967538266e+05   1.2578545561154897e-03
   5.6730000000000000e+04   3.5967000000000000e+04   9.9444794313678158e+03   3.1555809090587754e+03   7.4065302972456196e+05   2.5080572944489177e-03
   5.6730000000000000e+04   3.5977000000000000e+04   1.0501050030721542e+04   3.1649310375313280e+03   7.4065564224800712e+05   2.0438191452285537e-03
   5.6730000000000000e+04   3.5987000000000000e+04   1.0537965151506831e+04   3.1683354527512729e+03   7.4065824845251045e+05   1.0551051807397016e-03
   5.6730000000000000e+04   3.5997000000000000e+04   9.7531202642878143e+03   3.1883988810255064e+03   7.4066084871875739e+05  -9.4215573767542082e-05
   5.6730000000000000e+04   3.6007000000000000e+04   1.0970389070008474e+04   3.2176889908249091e+03   7.4066344610136910e+05   1.6336746961087556e-03
   5.6730000000000000e+04   3.6017000000000000e+04   1.0106596826981449e+04   3.1796744788649817e+03   7.4066603616338293e+05   1.7850223703135271e-03
   5.6730000000000000e+04   3.6027000000000000e+04   9.3143905690521387e+03   3.1346457769296949e+03   7.4066861967862106e+05   1.1168726953201258e-03
   5.6730000000000000e+04   3.6037000000000000e+04   1.0058065005506316e+04   3.1144863452731397e+03   7.4067119517243397e+05  -1.8621852718752052e-03
   5.6730000000000000e+04   3.6047000000000000e+04   1.0460111704366305e+04   3.1468054949627449e+03   7.4067377068672632e+05   8.7300654354294238e-04
   5.6730000000000000e+04   3.6057000000000000e+04   1.0348069192265806e+04   3.2278661073294588e+03   7.4067633736877132e+05   4.5299198654902284e-04
   5.6730000000000000e+04   3.6067000000000000e+04   8.9078737324681661e+03   3.0926217389743965e+03   7.4067889660406916e+05  -1.7534411224460200e-03
   5.6730000000000000e+04   3.6077000000000000e+04   9.2016954573648291e+03   3.1800191159590463e+03   7.4068145512438880e+05   9.6878206738892914e-04
   5.6730000000000000e+04   3.6087000000000000e+04   1.0275619725660979e+04   3.1523281711867476e+03   7.4068400347388594e+05  -8.5285743341501075e-04
   5.6730000000000000e+04   3.6097000000000000e+04   1.1168620437229047e+04   3.1882280046723754e+03   7.4068654957166698e+05   6.8409186042117653e-04
   5.6730000000000000e+04   3.6107000000000000e+04   1.0044769806831539e+04   3.0803795497924784e+03   7.4068908777679468e+05  -7.7941501444911410e-05
   5.6730000000000000e+04   3.6117000000000000e+04   1.0270655198949573e+04   3.1516691727803172e+03   7.4069161932993529e+05  -1.9149033771554969e-03
   5.6730000000000000e+04   3.6127000000000000e+04   9.9917312683927903e+03   3.1693874023421286e+03   7.4069415011268551e+05   1.0382130384414268e-03
   5.6730000000000000e+04   3.6137000000000000e+04   1.0117072485953700e+04   3.0973917827032246e+03   7.4069666969328921e+05  -1.6669150121515486e-03
   5.6730000000000000e+04   3.6147000000000000e+04   1.0769324861756517e+04   3.1578575702296098e+03   7.4069918732269621e+05  -7.9587960021854087e-04
   5.6730000000000000e+04   3.6157000000000000e+04   1.0705518393901393e+04   3.1466541791378017e+03   7.4070170001538447e+05   6.4928021458854346e-04
   5.6730000000000000e+04   3.6167000000000000e+04   1.0565478067653885e+04   3.0329297116847479e+03   7.4070420378166251e+05  -1.3376181518651720e-03
   5.6730000000000000e+04   3.6177000000000000e+04   9.9074118801624172e+03   3.0426379126500751e+03   7.4070670618591958e+05   7.9135009366382292e-04
   5.6730000000000000e+04   3.6187000000000000e+04   1.0949373704740379e+04   3.0255710546892765e+03   7.4070919870061614e+05  -1.5077907992235851e-03
   5.6730000000000000e+04   3.6197000000000000e+04   9.7624626185419129e+03   3.0692786231156661e+03   7.4071168468680012e+05  -4.8904010046726398e-03
   5.6730000000000000e+04   3.6207000000000000e+04   1.0557484477760985e+04   3.0813343517251333e+03   7.4071417501238058e+05   1.4950498407415580e-03
   5.6730000000000000e+04   3.6217000000000000e+04   1.0060287655111662e+04   3.1537916880568177e+03   7.4071665141608752e+05  -6.2905631432386144e-04
   5.6730000000000000e+04   3.6227000000000000e+04   9.4090289364412893e+03   3.0085039392934036e+03   7.4071912614296947e+05   9.6601171856036672e-04
   5.6730000000000000e+04   3.6237000000000000e+04   9.5494207459236859e+03   3.0667840438610106e+03   7.4072159111655853e+05  -1.8124993163155523e-03
   5.6730000000000000e+04   3.6247000000000000e+04   1.0622131726763377e+04   3.0996898062124219e+03   7.4072405392732110e+05  -1.3903751375892170e-03
   5.6730000000000000e+04   3.6257000000000000e+04   1.0093777760940728e+04   3.0336738697355936e+03   7.4072651352197945e+05   1.1628875276983308e-03
   5.6730000000000000e+04   3.6267000000000000e+04   1.0551816933637287e+04   3.0849419587628918e+03   7.4072896371764597e+05  -3.5178278517378203e-04
   5.6730000000000000e+04   3.6277000000000000e+04   9.4534534468408765e+03   3.0708088706607632e+03   7.4073140942990349e+05  -1.0349521417083452e-03
   5.6730000000000000e+04   3.6287000000000000e+04   1.0301551490882290e+04   3.0565256473509744e+03   7.4073385465972801e+05   3.0982429053665328e-03
   5.6730000000000000e+04   3.6297000000000000e+04   8.8312034103786737e+03   2.9383089613318475e+03   7.4073628843116120e+05   1.0557686958918566e-03
   5.6730000000000000e+04   3.6307000000000000e+04   1.0275493157609135e+04   2.9451274892088945e+03   7.4073871714285319e+05  -7.7976212969588232e-04
   5.6730000000000000e+04   3.6317000000000000e+04   8.7834674379220141e+03   2.9195083164194352e+03   7.4074114478528523e+05   1.5661332784020487e-03
   5.6730000000000000e+04   3.6327000000000000e+04   9.0761066643523973e+03   2.9850714222986276e+03   7.4074356592371094e+05   2.6427496345604595e-03
   5.6730000000000000e+04   3.6337000000000000e+04   1.0804977319340225e+04   2.9346235740256125e+03   7.4074597946260602e+05   1.3386441950160588e-03
   5.6730000000000000e+04   3.6347000000000000e+04   1.0184865131894430e+04   2.9275432886597200e+03   7.4074838875953725e+05   9.9550706704576442e-04
   5.6730000000000000e+04   3.6357000000000000e+04   9.2893621788565779e+03   3.0140172180700151e+03   7.4075079252945294e+05   3.1245154275438836e-04
   5.6730000000000000e+04   3.6367000000000000e+04   9.8862660830568420e+03   2.9650210399223342e+03   7.4075319056072482e+05  -9.3794201836772118e-04
   5.6730000000000000e+04   3.6377000000000000e+04   9.3544127215670469e+03   3.0415572227386660e+03   7.4075558474808128e+05  -8.7669277570512349e-04
   5.6730000000000000e+04   3.6387000000000000e+04   9.8569055454299087e+03   2.9610048008617232e+03   7.4075797399094072e+05  -6.2008527982015949e-04
   5.6730000000000000e+04   3.6397000000000000e+04   9.4662850448053214e+03   3.0000207378200398e+03   7.4076035954637593e+05   1.0732963557984476e-03
   5.6730000000000000e+04   3.6407000000000000e+04   1.0057304153791718e+04   2.9515669824492943e+03   7.4076273770470486e+05   4.7815971220188658e-04
   5.6730000000000000e+04   3.6417000000000000e+04   8.6796570529105084e+03   2.8720474645579061e+03   7.4076511119471781e+05   3.0773180469623185e-04
   5.6730000000000000e+04   3.6427000000000000e+04   9.0172022800216091e+03   2.8680174183448621e+03   7.4076747926910582e+05  -2.0081141167338501e-04
   5.6730000000000000e+04   3.6437000000000000e+04   8.6370819625016484e+03   2.9709360641105227e+03   7.4076984312438557e+05   1.3358145633901586e-04
   5.6730000000000000e+04   3.6447000000000000e+04   1.1085501295706261e+04   2.9768467146983817e+03   7.4077220064859348e+05  -8.1646922171785263e-04
   5.6730000000000000e+04   3.6457000000000000e+04   8.1523293906258259e+03   2.9874656065431636e+03   7.4077455253144796e+05  -2.3766097818906928e-03
   5.6730000000000000e+04   3.6467000000000000e+04   8.7987865953346663e+03   3.0119679224093516e+03   7.4077690286425268e+05  -4.7084995901514048e-04
   5.6730000000000000e+04   3.6477000000000000e+04   8.6477096954921817e+03   2.9217499123123862e+03   7.4077924583105289e+05  -9.3040528406618250e-04
   5.6730000000000000e+04   3.6487000000000000e+04   1.1468841529747342e+04   2.9332499444902273e+03   7.4078158453893464e+05  -6.6339676698135008e-04
   5.6730000000000000e+04   3.6497000000000000e+04   9.1260841179223989e+03   2.9059936945981799e+03   7.4078391921685589e+05   5.4398039617353788e-04
   5.6730000000000000e+04   3.6507000000000000e+04   9.1485747830202545e+03   2.9019060661662324e+03   7.4078624942330434e+05   2.2351160548623739e-03
   5.6730000000000000e+04   3.6517000000000000e+04   1.0298279796127375e+04   2.9032269521915609e+03   7.4078857053193217e+05  -2.3137970447351108e-04
