# Observation conducted on 2020.02.22 at Cd rev. 2 
# Base frequency: 0.00 MHz dF: 0.2 Hz dT: 0.00025 s 
# Format: UTC Time     |    Signal-to-Noise     |      Spectral max      | Freq detection [Hz] |   Doppler noise [Hz]  |
# 
2020-02-22T01:50:05.000 5.670133743008383931e+01 3.373348455933005852e+01  4023444.132938560098 +2.5751086604714143e-02
2020-02-22T01:50:15.000 1.289619107026274492e+02 9.213834624288901409e+01  4023436.170280400198 -7.7658191102045748e-03
2020-02-22T01:50:25.000 1.298510364099883247e+02 7.428829811414406947e+01  4023428.271079685539 -3.6476041278774578e-03
2020-02-22T01:50:35.000 1.144557274465630030e+02 7.024046123439264022e+01  4023420.393759944011 +2.1497718574892133e-03
2020-02-22T01:50:45.000 1.208347051543407247e+02 8.156382156014078078e+01  4023412.532519508619 +7.9825638829333911e-03
2020-02-22T01:50:55.000 1.218491034611441250e+02 7.711962136630604903e+01  4023404.673507432919 +2.8726277372470577e-03
2020-02-22T01:51:05.000 1.399928241602138712e+02 7.692261038797452954e+01  4023396.831984419841 +3.8458094950328814e-03
2020-02-22T01:51:15.000 1.231453393525026456e+02 7.899541045603747591e+01  4023388.992377347313 -3.8360648347861570e-03
2020-02-22T01:51:25.000 1.179188329332861400e+02 7.541818405604163900e+01  4023381.163857468870 -1.0919517785282549e-02
2020-02-22T01:51:35.000 1.058328052800559931e+02 7.055626033007195019e+01  4023373.352370711043 -1.1951660552995236e-02
2020-02-22T01:51:45.000 1.308431039508817548e+02 7.425352349853932310e+01  4023365.572619588580 +6.8791860679766614e-03
2020-02-22T01:51:55.000 1.276363493155047593e+02 8.712129607876208581e+01  4023357.783841563389 +3.6993151883280007e-03
2020-02-22T01:52:05.000 1.239532595653552818e+02 7.510133904345221367e+01  4023350.008660520893 -2.1415128912849468e-05
2020-02-22T01:52:15.000 1.294087796293197812e+02 9.191195590503582480e+01  4023342.261628605425 +9.2497065362522318e-03
2020-02-22T01:52:25.000 1.209897312735409827e+02 7.000635076955045122e+01  4023334.504842196126 -7.0983075531785289e-03
2020-02-22T01:52:35.000 9.828575650281460696e+01 5.768303377455672631e+01  4023326.779629177414 -7.9554077883585705e-03
2020-02-22T01:52:45.000 1.168159244379574062e+02 6.867827097077962151e+01  4023319.079733107239 +8.7112445021375595e-04
2020-02-22T01:52:55.000 1.373693868811776326e+02 8.129882699718385197e+01  4023311.385818257462 +1.3391834388585266e-03
2020-02-22T01:53:25.000 1.005854397959227668e+02 6.866973367153035213e+01  4023287.947857444640 +2.9845865677884831e-02
2020-02-22T01:53:35.000 1.461493798023761599e+02 8.202619121265257718e+01  4023280.057775212917 +1.6771520639167647e-02
2020-02-22T01:53:45.000 1.174105267055563644e+02 7.458533955483444799e+01  4023272.173138788901 +1.3635709481150116e-03
2020-02-22T01:53:55.000 1.267754320026051147e+02 7.570011915576820627e+01  4023264.297540783416 -1.3447479266346816e-02
2020-02-22T01:54:05.000 1.434156248395883608e+02 7.732747155129426631e+01  4023256.442052301485 -1.7256814629945438e-02
2020-02-22T01:54:15.000 1.311461184342862225e+02 8.084106021100846817e+01  4023248.590326445643 -2.7075208599171671e-02
2020-02-22T01:54:25.000 9.829230643588434191e+01 6.990301009203308524e+01  4023240.763601354323 -2.2319382076148031e-02
2020-02-22T01:54:35.000 1.214505343032929972e+02 7.657478427882206518e+01  4023232.944942028727 -2.0563583171792743e-02
2020-02-22T01:54:45.000 1.319699797083690100e+02 7.789543733129205805e+01  4023225.136339999270 -2.0433309181157711e-02
2020-02-22T01:54:55.000 1.239888201521678042e+02 9.443242192422124504e+01  4023217.365483761765 +5.1717166644493773e-03
2020-02-22T01:55:05.000 1.106479800510205962e+02 7.503180485275950673e+01  4023209.583997591399 +7.3229691954566078e-03
2020-02-22T01:55:15.000 1.332769364198209416e+02 8.141405554006334455e+01  4023201.812076600734 +5.7047751037089256e-03
2020-02-22T01:55:25.000 1.436564126060058015e+02 8.874500337691749507e+01  4023194.063894314226 +1.4028486266170148e-02
2020-02-22T01:55:35.000 1.209471906884977983e+02 8.039815211288190255e+01  4023186.342647582293 +3.5083996275602658e-02
2020-02-22T01:55:45.000 1.465670554446256517e+02 8.576654580100311875e+01  4023178.581171547063 +1.3613068354061395e-03
2020-02-22T01:55:55.000 1.259260305402576421e+02 7.597604653396317076e+01  4023170.884702541400 +1.7820024756133535e-02
2020-02-22T01:56:05.000 1.263993999005826936e+02 8.490762681068235906e+01  4023163.198379904032 +2.9397778712223044e-02
2020-02-22T01:56:15.000 1.228767288141890788e+02 8.867873927107686427e+01  4023155.518686973024 +3.2457809665288551e-02
2020-02-22T01:56:25.000 1.297394896382419063e+02 7.736425728049202633e+01  4023147.839405079372 +2.0749571509668385e-02
2020-02-22T01:56:35.000 1.271191211489308444e+02 7.775218141334315192e+01  4023140.188987904694 +2.2789679923448599e-02
2020-02-22T01:56:45.000 1.019637913049351567e+02 5.451022404487426343e+01  4023132.551322770305 +2.2629806559962159e-02
2020-02-22T01:56:55.000 1.251788973085605932e+02 8.459103731362345968e+01  4023124.899316632655 -6.5507226067893498e-03
2020-02-22T01:57:05.000 1.335098750338736409e+02 8.009658533075014475e+01  4023117.288691823371 -8.6425957306346390e-03
2020-02-22T01:57:15.000 1.430030506235050041e+02 8.229902046600318499e+01  4023109.684047542978 -1.8538412438374507e-02
2020-02-22T01:57:25.000 1.137595349324028859e+02 6.922377906929887104e+01  4023102.087484154385 -3.3501797284202439e-02
2020-02-22T01:57:35.000 1.302975096384181199e+02 7.969685994809371721e+01  4023094.507756543811 -4.4007432133184921e-02
2020-02-22T01:57:45.000 1.236124629864640383e+02 8.511647516447821715e+01  4023086.939462310169 -5.4546272830975795e-02
2020-02-22T01:57:55.000 1.151165510737863968e+02 8.989722255216801727e+01  4023079.409047792666 -3.7612917860315065e-02
2020-02-22T01:58:05.000 1.316753061164296241e+02 9.145090379310596518e+01  4023071.860168949701 -4.8338130659885792e-02
2020-02-22T01:58:15.000 1.475678835369200783e+02 8.402791138477502386e+01  4023064.333087822422 -4.5085775425832253e-02
2020-02-22T01:58:25.000 1.038986546055418785e+02 7.636409797379467079e+01  4023056.827996057458 -2.6122695485810254e-02
2020-02-22T01:58:35.000 1.203072505534977950e+02 7.874738604526153551e+01  4023049.324208496138 -1.0418523785688194e-02
2020-02-22T01:58:45.000 1.122708477078786871e+02 7.130049055590515650e+01  4023041.832404891960 +1.4602639133158844e-02
2020-02-22T01:58:55.000 1.324667313812834664e+02 8.275640007333603876e+01  4023034.369517766405 +6.7956672224681824e-02
2020-02-22T01:59:05.000 1.370305535290750640e+02 8.673340786416991932e+01  4023026.925082774367 +1.4145640721073960e-01
2020-02-22T01:59:15.000 1.316704149369835477e+02 7.680300950410804717e+01  4023019.403619999997 +1.4209952091096056e-01
2020-02-22T01:59:25.000 1.224728183635945413e+02 7.457193087307925339e+01  4023011.745128596202 +1.2569774895496266e-02
2020-02-22T01:59:35.000 9.495229685208227011e+01 5.342680513279549359e+01  4023004.067057330627 -1.2678583676347444e-01
2020-02-22T01:59:45.000 7.523591304462763674e+01 4.412506140475854721e+01  4022996.361803843174 -2.8045123024833174e-01
2020-02-22T01:59:55.000 6.528452664125916272e+01 3.493026669428257946e+01  4022988.892367718276 -1.8208156368609704e-01
2020-02-22T02:00:05.000 4.314640887573329309e+01 2.596757850818236690e+01  4022981.244272701442 -2.4257441546876632e-01
2020-02-22T02:00:15.000 3.564253239559886310e+01 2.232303885616279970e+01  4022973.969192227349 +9.3562343661119485e-02
2020-02-22T02:00:25.000 4.169393527388244536e+01 2.371073717408259185e+01  4022966.513131481595 +2.7639921009256341e-01
2020-02-22T02:00:35.000 2.727812708034201350e+01 1.625729618130385035e+01  4022959.075070335064 +5.0923458050942827e-01
2020-02-22T02:00:45.000 2.352838828055073250e+01 1.510630687122719173e+01  4022951.635409295093 +7.7704730669256605e-01
2020-02-22T02:00:55.000 1.842274853153943681e+01 1.331284509084874657e+01  4022943.175482265651 +6.6016055579666499e-02
2020-02-22T02:01:05.000 3.085152374357416960e+01 1.677141844728969744e+01  4022934.559158014599 -7.5487262717388148e-01
2020-02-22T02:01:15.000 1.947759569944290803e+01 1.186330273919157285e+01  4022926.817033588886 -6.4962429755860285e-01
2020-02-22T02:01:25.000 1.414105681344571863e+01 9.703227681869661225e+00  4022918.806673792191 -7.5499053833686958e-01
2020-02-22T02:01:35.000 1.112053158247943152e+01 7.964744464396887658e+00  4022910.947124833707 -6.4594870959399486e-01
2020-02-22T02:01:45.000 1.269542863111329467e+01 7.148813862070881875e+00  4022903.186958450358 -3.6765122633028113e-01
2020-02-22T02:01:55.000 1.140476560143567930e+01 7.376756939872627150e+00  4022897.844843119849 +2.4051522567722254e+00
2020-02-22T02:02:05.000 9.446163904452143711e+00 6.480709538195095654e+00  4022887.710044316016 +4.6862169519340569e-01
2020-02-22T02:02:15.000 9.176112449210847899e+00 7.169111651453656364e+00  4022879.890881700907 +9.3829045384404708e-01
