# Observation conducted on 2021.09.06 at Yg rev. 2
# Base frequency: 8410.00 MHz BW: 2 kHz dF: 0.2 Hz dT: 10.0 s Nscans: 5
# Format: scan | UTC Time |   Signal-to-Noise  |    Spectral max    | Freq detection [Hz] |   Doppler noise [Hz]  |
# 
0001 2021-09-06T00:40:07.000 1.382922905015727520e+04 3.462036149487107195e+03  5359561.932956234552 -9.5426416869486275e-03
0001 2021-09-06T00:40:17.000 1.357193694168948241e+04 3.358889099011099461e+03  5359575.271844892763 +2.7556053275930026e-03
0001 2021-09-06T00:40:27.000 1.542982822578400737e+04 3.453902364199466319e+03  5359588.709944061935 -7.1650486585213002e-03
0001 2021-09-06T00:40:37.000 1.379032231330635477e+04 3.453565912949900394e+03  5359602.274759571068 -1.1398350777085398e-02
0001 2021-09-06T00:40:47.000 1.345283472442539642e+04 3.286487005932048760e+03  5359615.987075916491 +1.1238630311368070e-02
0001 2021-09-06T00:40:57.000 1.358827476305598429e+04 3.348704331279054713e+03  5359629.821389060467 +3.5638309254522937e-02
0001 2021-09-06T00:41:07.000 1.434885914628414321e+04 3.393783585742190098e+03  5359643.744652751833 +2.9148900887321361e-02
0001 2021-09-06T00:41:17.000 1.321663745512261085e+04 3.428051608767727430e+03  5359657.747585790232 -1.7118303828283388e-02
0001 2021-09-06T00:41:27.000 1.368207772711694270e+04 3.314285269257758955e+03  5359671.934892667457 +1.9316996230145376e-03
0001 2021-09-06T00:41:37.000 1.469391838184920016e+04 3.306854597533787000e+03  5359686.212733299471 -7.1526283427374437e-03
0001 2021-09-06T00:41:47.000 1.414657519694566872e+04 3.387755709342250611e+03  5359700.608387817629 -1.6704579714428291e-02
0001 2021-09-06T00:41:57.000 1.460280669796499569e+04 3.346991742250210336e+03  5359715.144652501680 -3.5432633583241118e-03
0001 2021-09-06T00:42:07.000 1.257746779342525952e+04 3.244765266510358288e+03  5359729.786740040407 -2.0733402194537121e-03
0001 2021-09-06T00:42:17.000 1.084311702331778724e+04 3.364472199074703440e+03  5359744.562235214747 +1.5670668909024243e-02
0001 2021-09-06T00:42:27.000 1.546950412278200383e+04 3.312337109631394014e+03  5359759.411966956221 -9.1035664340779494e-03
0001 2021-09-06T00:42:37.000 1.336096208631083573e+04 3.291016010255214951e+03  5359774.417776245624 +5.8217276352934277e-03
0001 2021-09-06T00:42:47.000 1.740314981768776124e+04 3.314311766904432716e+03  5359789.508184390143 -1.0657295011583299e-02
0001 2021-09-06T00:42:57.000 1.324407888219874440e+04 3.272162723652194472e+03  5359804.737145756371 -4.2133642119779324e-03
0001 2021-09-06T00:43:07.000 1.385993259745795149e+04 3.224963432322762856e+03  5359820.075602710247 -3.5331503288489330e-03
0001 2021-09-06T00:43:17.000 1.171954328560661997e+04 3.301052035534560673e+03  5359835.541313169524 +9.5102950223235876e-03
0001 2021-09-06T00:43:27.000 1.311487129009949604e+04 3.304864736110014746e+03  5359851.110564733855 +1.1571667643011097e-02
0001 2021-09-06T00:43:37.000 1.324915119175089967e+04 3.332969014464106294e+03  5359866.770325900987 -1.0015362851618193e-02
0001 2021-09-06T00:43:47.000 1.366904659183774675e+04 3.221888914660800310e+03  5359882.577148140408 +1.6639188522731274e-03
0001 2021-09-06T00:43:57.000 1.392431977908315821e+04 3.411240206214016325e+03  5359898.464932885952 -1.9127730435911872e-02
0001 2021-09-06T00:44:07.000 1.348811028930353132e+04 3.277523198611057069e+03  5359914.499038825743 -6.6722135927648196e-03
0001 2021-09-06T00:44:17.000 1.632090699865578790e+04 3.354511871174333010e+03  5359930.621742942370 -1.8335054167209815e-02
0001 2021-09-06T00:44:27.000 1.375723152584120726e+04 3.356973428234251969e+03  5359946.879745587707 -7.0603149002863566e-03
0001 2021-09-06T00:44:37.000 1.402895568684091995e+04 3.292904960260566440e+03  5359963.254839691333 +9.2986097732818962e-03
0001 2021-09-06T00:44:47.000 1.509484568687562205e+04 3.365612266298128361e+03  5359979.729832700454 +1.3900944664442250e-02
0001 2021-09-06T00:44:57.000 1.263954300845126636e+04 3.282198782891627161e+03  5359996.310064943507 +1.2436888453180472e-02
0001 2021-09-06T00:45:07.000 1.433301163835900115e+04 3.248852699781206866e+03  5360013.000282628462 +1.0000637903431198e-02
0001 2021-09-06T00:45:17.000 1.277450458396032082e+04 3.310901276298452558e+03  5360029.784484910779 -9.0625708531888467e-03
0001 2021-09-06T00:45:27.000 1.267264388993774628e+04 3.246685729013438504e+03  5360046.704491313547 -2.5890087745210626e-03
0001 2021-09-06T00:45:37.000 1.415894829800036314e+04 3.240834903115112411e+03  5360063.729682366364 -8.5583675797806780e-04
0001 2021-09-06T00:45:47.000 1.382922689050434383e+04 3.305724715391284917e+03  5360080.884179918095 +2.0599232262384248e-02
0001 2021-09-06T00:45:57.000 1.401016723344031197e+04 3.364380924564998622e+03  5360098.124863367528 +1.8994152834807210e-02
0001 2021-09-06T00:46:07.000 1.460029902856633271e+04 3.270590567593500509e+03  5360115.460123746656 +3.0566411895733840e-03
0001 2021-09-06T00:46:17.000 1.364384075847922759e+04 3.298027364169734938e+03  5360132.919365064241 +2.5255167103068743e-03
0001 2021-09-06T00:46:27.000 1.563580228322525545e+04 3.328775500299980195e+03  5360150.505364519544 +2.0510923921960970e-02
0001 2021-09-06T00:46:37.000 1.331118788347536429e+04 3.232229645684325533e+03  5360168.158909111284 -1.8690533794369912e-03
0001 2021-09-06T00:46:47.000 1.310790220466671235e+04 3.224557448015152204e+03  5360185.949594452977 +5.3104185526535730e-03
0001 2021-09-06T00:46:57.000 1.284094320256886203e+04 3.294232852085273407e+03  5360203.829238807783 -5.8050295192515478e-03
0001 2021-09-06T00:47:07.000 1.367776840483949672e+04 3.361585524327183066e+03  5360221.830890407786 -1.8416487681633955e-03
0001 2021-09-06T00:47:17.000 1.408407685474437130e+04 3.297412317495234220e+03  5360239.938121743500 +1.0967146745315404e-03
0001 2021-09-06T00:47:27.000 1.298119562794612830e+04 3.372758887372924619e+03  5360258.146470948122 -1.1299813317009466e-03
0001 2021-09-06T00:47:37.000 1.447795866162363563e+04 3.287463693100115506e+03  5360276.469617646188 +5.4778638665311519e-03
0001 2021-09-06T00:47:47.000 1.453548567128113427e+04 3.233371290328724626e+03  5360294.897602568381 +1.1279123667463864e-02
0001 2021-09-06T00:47:57.000 1.376192432058462873e+04 3.369422640903268984e+03  5360313.410332781263 -3.5028265922392170e-03
0001 2021-09-06T00:48:07.000 1.398247866544165663e+04 3.282377013332275965e+03  5360332.052704597823 +6.3428017091382571e-03
0001 2021-09-06T00:48:17.000 1.310209289735003404e+04 3.240201152271776664e+03  5360350.786058279686 +2.4689185613624431e-03
0001 2021-09-06T00:48:27.000 1.434727017356258875e+04 3.374140210926721011e+03  5360369.605374889448 -1.9832585403150915e-02
0001 2021-09-06T00:48:37.000 1.343613099156660064e+04 3.377328222301625374e+03  5360388.563416433521 -7.4906984975768864e-03
0001 2021-09-06T00:48:47.000 1.392535866408354741e+04 3.381054538034255529e+03  5360407.618925872259 -1.4552713695366035e-03
0001 2021-09-06T00:48:57.000 1.400373051195785411e+04 3.469043745597472025e+03  5360426.754708200693 -1.8615928878830346e-02
0001 2021-09-06T00:49:07.000 1.466778746091862376e+04 3.423263209768805609e+03  5360446.016162237152 -1.3270287123987146e-02
0001 2021-09-06T00:49:17.000 1.539903899708265089e+04 3.407140721549078080e+03  5360465.372325087897 -1.6079476225513645e-02
0001 2021-09-06T00:49:27.000 1.373771568094619943e+04 3.322651897240691596e+03  5360484.866728215478 +1.6787925904623080e-02
0001 2021-09-06T00:49:37.000 1.350298389379274886e+04 3.311973205035503270e+03  5360504.416163583286 +2.4220479459700077e-03
0001 2021-09-06T00:49:47.000 1.433389215320763651e+04 3.404737203685598615e+03  5360524.062140439637 -1.7371494195117521e-02
0001 2021-09-06T00:49:57.000 1.360915183768435418e+04 3.437810679261674068e+03  5360543.819693476893 -2.7263433587791042e-02
0001 2021-09-06T00:50:07.000 1.492413487725478262e+04 3.389243747852411161e+03  5360563.705762278289 -1.0021397031664492e-02
0001 2021-09-06T00:50:17.000 1.291039360580546781e+04 3.234497581551194344e+03  5360583.688047067262 +2.3458465540215911e-03
0001 2021-09-06T00:50:27.000 1.528708777655815538e+04 3.334828951328734092e+03  5360603.749777299352 -6.6430228465605978e-03
0001 2021-09-06T00:50:37.000 1.576928966431490880e+04 3.377779544655939844e+03  5360623.918810476549 -8.8430549383247126e-03
0001 2021-09-06T00:50:47.000 1.232512200670789025e+04 3.264330843012644891e+03  5360644.201258677989 +2.1435045277939930e-03
0001 2021-09-06T00:50:57.000 1.276990887950050455e+04 3.185581272335519770e+03  5360664.577764634043 +7.2432948209097949e-03
0001 2021-09-06T00:51:07.000 1.442468509091738815e+04 3.327988584653264752e+03  5360685.062461669557 +2.0871777069601197e-02
0001 2021-09-06T00:51:17.000 1.403678328590163801e+04 3.266566784149933483e+03  5360705.611023282632 -1.0171686080866491e-03
0001 2021-09-06T00:51:27.000 1.416555613295778312e+04 3.215933730650359394e+03  5360726.288939346559 +7.3449481333227587e-03
0001 2021-09-06T00:51:37.000 1.488472515693331843e+04 3.283182703862076323e+03  5360747.068757027388 +1.8782160772957468e-02
0001 2021-09-06T00:51:47.000 1.495829270082408766e+04 3.278760461152962307e+03  5360767.923592036590 +6.6852901506990747e-03
0001 2021-09-06T00:51:57.000 1.521036154941360655e+04 3.288318189197676929e+03  5360788.893663691357 +1.1547021766091348e-02
0001 2021-09-06T00:52:07.000 1.334328474268810351e+04 3.361247484831444126e+03  5360809.936456051655 -8.8769637839050120e-03
0001 2021-09-06T00:52:17.000 1.217110466859263033e+04 3.320847686927471841e+03  5360831.107117839158 +8.3193483033028304e-04
0001 2021-09-06T00:52:27.000 1.397173611111562423e+04 3.264688656007260761e+03  5360852.368628003635 +3.9208110777053662e-03
0001 2021-09-06T00:52:37.000 1.622687284268840085e+04 3.306422869755052943e+03  5360873.733929153532 +1.3598684946259708e-02
0001 2021-09-06T00:52:47.000 1.489414236011342109e+04 3.344842382675572935e+03  5360895.165025534108 -7.8655208482132349e-03
0001 2021-09-06T00:52:57.000 1.345529330429787660e+04 3.269438622015564761e+03  5360916.719220831990 -2.9051625404008519e-03
0001 2021-09-06T00:53:07.000 1.324995920760310401e+04 3.294376553269431042e+03  5360938.379825842567 +1.2051785803691928e-02
0001 2021-09-06T00:53:17.000 1.302365313731773313e+04 3.288382650532351818e+03  5360960.123267476447 +1.3691745255528076e-02
0001 2021-09-06T00:53:27.000 1.317568322374712079e+04 3.266681210630385067e+03  5360981.958777629770 +1.1504413777970512e-02
0001 2021-09-06T00:53:37.000 1.127901679882820281e+04 3.264986338002817774e+03  5361003.886304943822 +5.6945147182432265e-03
0001 2021-09-06T00:53:47.000 1.536420009970837964e+04 3.392983588659797078e+03  5361025.890332874842 -1.9000117895757285e-02
0001 2021-09-06T00:53:57.000 1.357659496901728016e+04 3.371523225053365422e+03  5361048.016653312370 -1.6534921768993627e-02
0001 2021-09-06T00:54:07.000 1.235092905451782826e+04 3.278471650576186221e+03  5361070.258446489461 +6.5213094911769076e-03
0001 2021-09-06T00:54:17.000 1.360932029643581518e+04 3.344638155343884591e+03  5361092.553538793698 -1.1755767172303422e-02
0001 2021-09-06T00:54:27.000 1.482522738614756418e+04 3.166901498878356506e+03  5361114.973890576512 +8.4178482688912482e-04
0001 2021-09-06T00:54:37.000 1.362581885857604721e+04 3.187568888012314801e+03  5361137.469605159946 -5.3368214154261295e-03
0001 2021-09-06T00:54:47.000 1.307613177824737431e+04 3.371660273024884646e+03  5361160.085557047278 +1.4827117705976889e-02
0001 2021-09-06T00:54:57.000 1.316034695121727600e+04 3.338592355313296139e+03  5361182.748385887593 -1.1784224720599925e-02
0001 2021-09-06T00:55:07.000 1.349305550041156312e+04 3.223064510138057358e+03  5361205.534753469750 -8.2682205910487045e-03
0001 2021-09-06T00:55:17.000 1.346645409082391598e+04 3.238355591942104184e+03  5361228.417825330049 -1.2201652447174638e-03
0001 2021-09-06T00:55:27.000 1.457325937047734806e+04 3.288879458610178517e+03  5361251.397039524280 +9.0354876300580145e-03
0001 2021-09-06T00:55:37.000 1.311540923870596453e+04 3.276582055651312658e+03  5361274.451400003396 +1.7385161265792703e-03
0001 2021-09-06T00:55:47.000 1.357150784578037201e+04 3.211936638676911571e+03  5361297.605258038267 +1.4743512448376350e-03
0001 2021-09-06T00:55:57.000 1.397674223226978393e+04 3.267319689499372089e+03  5361320.856217911467 +6.0797744417868671e-03
0001 2021-09-06T00:56:07.000 1.266742069481542239e+04 3.311091480048751237e+03  5361344.195664771833 +7.1707755491843272e-03
0001 2021-09-06T00:56:17.000 1.431001203833547152e+04 3.292441264263558878e+03  5361367.625735225156 +7.1131476410073446e-03
0001 2021-09-06T00:56:27.000 1.409796076241733317e+04 3.274936402493352034e+03  5361391.141073142178 +7.7829631732129201e-04
0001 2021-09-06T00:56:37.000 1.308713366986027540e+04 3.284926959951842946e+03  5361414.730309585109 -2.2976823720227912e-02
0001 2021-09-06T00:56:47.000 1.381791448218325604e+04 3.233401921488348762e+03  5361438.463105710223 +5.7331868973733444e-03
0001 2021-09-06T00:56:57.000 1.224789974198259915e+04 3.293217089994592698e+03  5361462.243200621568 -9.1299582378496780e-03
0001 2021-09-06T00:57:07.000 1.293511638989569110e+04 3.298440408077093707e+03  5361486.135559709743 -2.3798997907533703e-03
0001 2021-09-06T00:57:17.000 1.407045707029273035e+04 3.362440954845972101e+03  5361510.100783463567 -1.3196809742453295e-02
0001 2021-09-06T00:57:27.000 1.369129888495107480e+04 3.309316518419040221e+03  5361534.175453403965 -4.7814609631586791e-03
0001 2021-09-06T00:57:37.000 1.366630660909629842e+04 3.195889426599662784e+03  5361558.346446049400 +9.9587508370859706e-03
0001 2021-09-06T00:57:47.000 1.324208763336861193e+04 3.379967560752837016e+03  5361582.572235174477 -1.0287936577924484e-02
0001 2021-09-06T00:57:57.000 1.264481764214369286e+04 3.290655704835060988e+03  5361606.934746881947 +1.6617421638443375e-02
0001 2021-09-06T00:58:07.000 1.321140565872156367e+04 3.471153325738043804e+03  5361631.344867249019 +1.7721340308298750e-03
0001 2021-09-06T00:58:17.000 1.440525552175144003e+04 3.429402185657732844e+03  5361655.860155877657 +2.9454190499791366e-03
0002 2021-09-06T01:00:05.000 1.339387018913145585e+04 3.527561620886601304e+03  5361927.560095620342 +2.7036091183845201e-03
0002 2021-09-06T01:00:15.000 1.436426310657752401e+04 3.455639868068701617e+03  5361953.124037408270 +1.0492522165350238e-02
0002 2021-09-06T01:00:25.000 1.564213610565093950e+04 3.519206965994308121e+03  5361978.754474614747 -1.9842226000719165e-03
0002 2021-09-06T01:00:35.000 1.709676559590781471e+04 3.558362100421332798e+03  5362004.477805772796 -8.1251334171383860e-03
0002 2021-09-06T01:00:45.000 1.626328160990069955e+04 3.546058053014884081e+03  5362030.294537721202 -7.2221558613136958e-03
0002 2021-09-06T01:00:55.000 1.374705126964940791e+04 3.491560476872476102e+03  5362056.202979025431 -7.6723964809843892e-04
0002 2021-09-06T01:01:05.000 1.507610126349407074e+04 3.517332900631049142e+03  5362082.193980135024 +2.2878323131862999e-03
0002 2021-09-06T01:01:15.000 1.351447902129442809e+04 3.484571671650156077e+03  5362108.260486484505 -4.9154371497479596e-03
0002 2021-09-06T01:01:25.000 1.271147375006388393e+04 3.534582141838897769e+03  5362134.437067439780 +1.2386690087964780e-02
0002 2021-09-06T01:01:35.000 1.400171252169170839e+04 3.552889682942201034e+03  5362160.668366943486 -9.6914350535826077e-04
0002 2021-09-06T01:01:45.000 1.508999452516863130e+04 3.519559609994821130e+03  5362187.001504085958 +2.3271863532272614e-03
0002 2021-09-06T01:01:55.000 1.325001544595320411e+04 3.544471447212347812e+03  5362213.420794608071 +6.7808040585077833e-03
0002 2021-09-06T01:02:05.000 1.346299683334857400e+04 3.548720029228524709e+03  5362239.906662726775 -6.9963273945177207e-03
0002 2021-09-06T01:02:15.000 1.458413294701607447e+04 3.510326248872671840e+03  5362266.497654284351 -2.7224101359024644e-04
0002 2021-09-06T01:02:25.000 1.467496152061843168e+04 3.497256395772867108e+03  5362293.172736563720 +6.1048549155202636e-03
0002 2021-09-06T01:02:35.000 1.429056417931045689e+04 3.575059173727539928e+03  5362319.927015466616 +7.4237801001117987e-03
0002 2021-09-06T01:02:45.000 1.401884417996380034e+04 3.498746631121752671e+03  5362346.766385167837 +9.7600372597526075e-03
0002 2021-09-06T01:02:55.000 1.456280850142148847e+04 3.580171554516423839e+03  5362373.671771371737 -5.7809079997923618e-03
0002 2021-09-06T01:03:05.000 1.619624606306588066e+04 3.614716680375208853e+03  5362400.675415665843 -6.7792676688895881e-03
0002 2021-09-06T01:03:15.000 1.348769842531116410e+04 3.509957075737661398e+03  5362427.761739896610 -8.6365359303499645e-03
0002 2021-09-06T01:03:25.000 1.628089512411551550e+04 3.652889242112153624e+03  5362454.945962547325 +4.0408960159084018e-03
0002 2021-09-06T01:03:35.000 1.500197598785137961e+04 3.498983087514314775e+03  5362482.198745824397 +2.0888426189458187e-03
0002 2021-09-06T01:03:45.000 1.453577549228136741e+04 3.527337766193441439e+03  5362509.531947824173 -2.4624930916843368e-03
0002 2021-09-06T01:03:55.000 1.346119773751439061e+04 3.568078464077471835e+03  5362536.950427920558 -4.5831281128130286e-03
0002 2021-09-06T01:04:05.000 1.467952424898572826e+04 3.571484050878936159e+03  5362564.450052946806 -8.2370927224246770e-03
0002 2021-09-06T01:04:15.000 1.495821258563971242e+04 3.575304621612462597e+03  5362592.039617764764 -4.4618541047611870e-03
0002 2021-09-06T01:04:25.000 1.498382370215017181e+04 3.491627635616759562e+03  5362619.731757240370 +1.9543669666859387e-02
0002 2021-09-06T01:04:35.000 1.452026701803304422e+04 3.586449534844986829e+03  5362647.463339079171 +8.1196829273721949e-04
0002 2021-09-06T01:04:45.000 1.557364977997739516e+04 3.522017535820837111e+03  5362675.287243917584 -7.6129698396698578e-03
0002 2021-09-06T01:04:55.000 1.332112616413746218e+04 3.524197306806734105e+03  5362703.202313837595 -6.7271186641164604e-03
0002 2021-09-06T01:05:05.000 1.270156967698409971e+04 3.498489041464571983e+03  5362731.197023435496 -7.8953363398568399e-03
0002 2021-09-06T01:05:15.000 1.432801364995837685e+04 3.467820047742888619e+03  5362759.271607564762 -1.0723610881314016e-02
0002 2021-09-06T01:05:25.000 1.475229104372167603e+04 3.555959370525025406e+03  5362787.433660850860 -7.4595276457785076e-03
0002 2021-09-06T01:05:35.000 1.368971877812924322e+04 3.450096091489991068e+03  5362815.673788188957 -7.3417626888385712e-03
0002 2021-09-06T01:05:45.000 1.417998497739917184e+04 3.422647473114068816e+03  5362844.008638356812 +6.4335451777424169e-03
0002 2021-09-06T01:05:55.000 1.452565004717812008e+04 3.506306926581792595e+03  5362872.404048730619 -1.4247654178234370e-04
0002 2021-09-06T01:06:05.000 1.269362389449251532e+04 3.548039766247656644e+03  5362900.902106426656 +1.5169722402902153e-02
0002 2021-09-06T01:06:15.000 1.545124172798985455e+04 3.500731458761885733e+03  5362929.472572639585 +2.2282462297880560e-02
0002 2021-09-06T01:06:25.000 1.493790008292989114e+04 3.518275210135241650e+03  5362958.111672101542 +1.7570311406757355e-02
0002 2021-09-06T01:06:35.000 1.381854557033215860e+04 3.477887600270952134e+03  5362986.829650495201 +1.1427505298001959e-02
0002 2021-09-06T01:06:45.000 1.351564216786619545e+04 3.516311439116780093e+03  5363015.608788209967 -1.3718272954406530e-02
0002 2021-09-06T01:06:55.000 1.457597475783487607e+04 3.539355693356244501e+03  5363044.501593477093 -5.2127582011962659e-03
0002 2021-09-06T01:07:05.000 1.391432451589607626e+04 3.511547781181840492e+03  5363073.468725127168 -2.2523202774209490e-03
0002 2021-09-06T01:07:15.000 1.450950094155712759e+04 3.557380630609237414e+03  5363102.519293598831 +4.4170486713710488e-03
0002 2021-09-06T01:07:25.000 1.701524808767370268e+04 3.576808886136479941e+03  5363131.630496400408 -7.8647809675658226e-03
0002 2021-09-06T01:07:35.000 1.569503169285526201e+04 3.550939490109315102e+03  5363160.842207411304 +9.1722970012142468e-04
0002 2021-09-06T01:07:45.000 1.421576337536979008e+04 3.499777721533407203e+03  5363190.120434424840 -3.0891553083165486e-03
0002 2021-09-06T01:07:55.000 1.590802695577065970e+04 3.457981916593034839e+03  5363219.490987937897 +6.0653618839978654e-03
0002 2021-09-06T01:08:05.000 1.598420686613067846e+04 3.462112554536312018e+03  5363248.930626812391 +5.2772857526406369e-03
0002 2021-09-06T01:08:15.000 1.317663112576952335e+04 3.484847413854106435e+03  5363278.443135344423 -1.5325977581142070e-03
0002 2021-09-06T01:08:25.000 1.333022336802523932e+04 3.475380181990041365e+03  5363308.032186171971 -1.0556284955896444e-02
0002 2021-09-06T01:08:35.000 1.405880014982576722e+04 3.433639355945336774e+03  5363337.711736410856 -7.7024233371503215e-03
0002 2021-09-06T01:08:45.000 1.573157831414877182e+04 3.435751150980136572e+03  5363367.471583193168 -3.0407454333953865e-03
0002 2021-09-06T01:08:55.000 1.425095208885219654e+04 3.536754945250867877e+03  5363397.313647403382 +5.4816746618371326e-03
0002 2021-09-06T01:09:05.000 1.392180369882552623e+04 3.468824427148912491e+03  5363427.221239716746 +1.3064719220210463e-03
0002 2021-09-06T01:09:15.000 1.451719174679918797e+04 3.481093252562840462e+03  5363457.215589663014 +5.7930690785497055e-03
0002 2021-09-06T01:09:25.000 1.449419116175298768e+04 3.393509114634376147e+03  5363487.274103344418 -3.5235892112268634e-03
0002 2021-09-06T01:09:35.000 1.319827380388193160e+04 3.492808959117616723e+03  5363517.417560049333 -5.7364178842362890e-03
0002 2021-09-06T01:09:45.000 1.540492344372385560e+04 3.549657374971370245e+03  5363547.645067187957 -1.6112342863152662e-03
0002 2021-09-06T01:09:55.000 1.493518835821440916e+04 3.470345287352004561e+03  5363577.946936150081 -7.1088833897192671e-04
0002 2021-09-06T01:10:05.000 1.312701701552709528e+04 3.386598440115900303e+03  5363608.321353252046 -4.7243060292885284e-03
0002 2021-09-06T01:10:15.000 1.305127508056678380e+04 3.436079890674521721e+03  5363638.778346636333 -3.4995742680621333e-03
0002 2021-09-06T01:10:25.000 1.318299238645482365e+04 3.376693709725078861e+03  5363669.305700277910 -9.1299224507110904e-03
0002 2021-09-06T01:10:35.000 1.391603086955875915e+04 3.448641133193606493e+03  5363699.925320857204 +4.1316871818253281e-04
0002 2021-09-06T01:10:45.000 1.309652570719957112e+04 3.448758238805652127e+03  5363730.607581244782 -4.3765472705672437e-03
0002 2021-09-06T01:10:55.000 1.473508323019910677e+04 3.404613993253575245e+03  5363761.375032210723 -8.2834184229341179e-04
0002 2021-09-06T01:11:05.000 1.644172047741393908e+04 3.390852029207900614e+03  5363792.201533848420 -1.4963091414983865e-02
0002 2021-09-06T01:11:15.000 1.512235390245246890e+04 3.442252463294192694e+03  5363823.137097332627 +3.3485065491731798e-03
0002 2021-09-06T01:11:25.000 1.478240218393938812e+04 3.418562436936577342e+03  5363854.117429473437 -1.0069508640526692e-02
0002 2021-09-06T01:11:35.000 1.482928367852811607e+04 3.523924286372158349e+03  5363885.196985117160 -6.4594178513743827e-04
0002 2021-09-06T01:11:45.000 1.533589489870452780e+04 3.456077159921819202e+03  5363916.351913066581 +7.8834930034190620e-03
0002 2021-09-06T01:11:55.000 1.489661227348748434e+04 3.500060816052598057e+03  5363947.581846452318 +1.5266551818285734e-02
0002 2021-09-06T01:12:05.000 1.473329168868662782e+04 3.472593908494382504e+03  5363978.864906230941 -2.6202260085028684e-04
0002 2021-09-06T01:12:15.000 1.570681167570529215e+04 3.542660276999756661e+03  5364010.243102206849 +3.4205292272417864e-03
0002 2021-09-06T01:12:25.000 1.481877819277529125e+04 3.557193528965555288e+03  5364041.696550811641 +6.5427858251041471e-03
0002 2021-09-06T01:12:35.000 1.545112664312311608e+04 3.429652002241824448e+03  5364073.231256365776 +1.5220403057014664e-02
0002 2021-09-06T01:12:45.000 1.450806399624844744e+04 3.465825692210310081e+03  5364104.822343132459 +4.6881993835086178e-03
0002 2021-09-06T01:12:55.000 1.282420475024278312e+04 3.463565581223310801e+03  5364136.502064888366 +7.3097305842111373e-03
0002 2021-09-06T01:13:05.000 1.415469532908186738e+04 3.424660972601763206e+03  5364168.250841128640 +3.6135016398475273e-03
0002 2021-09-06T01:13:15.000 1.467765912595303053e+04 3.526277176072605016e+03  5364200.080532751046 +5.5686795500378139e-03
0002 2021-09-06T01:13:25.000 1.511727483461106749e+04 3.445463860257731540e+03  5364231.981811721809 +3.9547634340806326e-03
0002 2021-09-06T01:13:35.000 1.495117378648093654e+04 3.464286297788149113e+03  5364263.956105664372 +3.0618370260526723e-04
0002 2021-09-06T01:13:45.000 1.386628159281274020e+04 3.464789943586161826e+03  5364296.007520752028 -1.1647842854927148e-03
0002 2021-09-06T01:13:55.000 1.601067780604775544e+04 3.443212798577327248e+03  5364328.133631868288 -2.7778522980952403e-03
0002 2021-09-06T01:14:05.000 1.688622857802481303e+04 3.456598966769453000e+03  5364360.332045577466 -6.8217355133128876e-03
0002 2021-09-06T01:14:15.000 1.427295170631509973e+04 3.451621647489848328e+03  5364392.612779185176 -3.1750710935511961e-03
0002 2021-09-06T01:14:25.000 1.646142994220675973e+04 3.464228175057699445e+03  5364424.972144884989 +4.5777282550716336e-03
0002 2021-09-06T01:14:35.000 1.434040729678111529e+04 3.459034336186270139e+03  5364457.385092238896 -8.5110183152892187e-03
0002 2021-09-06T01:14:45.000 1.558417571473502358e+04 3.481534624564501428e+03  5364489.883727663197 -1.0232768637024492e-02
0002 2021-09-06T01:14:55.000 1.558385498647552413e+04 3.553242949739637424e+03  5364522.459692820907 -8.8443484642084513e-03
0002 2021-09-06T01:15:05.000 1.486801591583677509e+04 3.507295086614944921e+03  5364555.114270105027 -2.9624581734424278e-03
0002 2021-09-06T01:15:15.000 1.315183727895474112e+04 3.487688016230893481e+03  5364587.848505969159 +8.5596733390502760e-03
0002 2021-09-06T01:15:25.000 1.427266274051906476e+04 3.466736806704639548e+03  5364620.625604116358 -1.0974508340950706e-02
0002 2021-09-06T01:15:35.000 1.572797760740966078e+04 3.544317046032982489e+03  5364653.506898867898 -1.3150569645858923e-04
0002 2021-09-06T01:15:45.000 1.479650048422437612e+04 3.422086809512162745e+03  5364686.455311772414 +4.1088626924192804e-03
0002 2021-09-06T01:15:55.000 1.427306761950473265e+04 3.456973068951117057e+03  5364719.466411663219 -2.5864785606017904e-03
0002 2021-09-06T01:16:05.000 1.416359492734664673e+04 3.466709322464120305e+03  5364752.564488961361 +4.1704609352564148e-03
0002 2021-09-06T01:16:15.000 1.421374985474019923e+04 3.424424080974331446e+03  5364785.724046515301 -1.0204115992564766e-03
0002 2021-09-06T01:16:25.000 1.466069133386706380e+04 3.450644174854668108e+03  5364818.963462406769 +3.1555024429508194e-04
0002 2021-09-06T01:16:35.000 1.397460781185045198e+04 3.456004158726732385e+03  5364852.274454561993 -7.6484002420329489e-06
0002 2021-09-06T01:16:45.000 1.407103397928110280e+04 3.449127345931162836e+03  5364885.669454392046 +1.0537014464716776e-02
0002 2021-09-06T01:16:55.000 1.481745750179988681e+04 3.495358649110596161e+03  5364919.107880934142 -8.5362726148332513e-03
0002 2021-09-06T01:17:05.000 1.325279294528028731e+04 3.454309160742743188e+03  5364952.645899982192 -9.6700552307993348e-04
0002 2021-09-06T01:17:15.000 1.263177986130450336e+04 3.456444670416284680e+03  5364986.251661666669 +1.4892248227624805e-03
0002 2021-09-06T01:17:25.000 1.285427686101081235e+04 3.412964436669087263e+03  5365019.937899305485 +1.1659599760378114e-02
0002 2021-09-06T01:17:35.000 1.544251552531706875e+04 3.511993841718376643e+03  5365053.679773252457 +4.7979271492977205e-03
0002 2021-09-06T01:17:45.000 1.423310403567555841e+04 3.413336414995047107e+03  5365087.499850120395 +3.5638910663919887e-03
0002 2021-09-06T01:17:55.000 1.442274462691779081e+04 3.465652791476358743e+03  5365121.390933181159 +8.5345547495307983e-04
0002 2021-09-06T01:18:05.000 1.344244237683844221e+04 3.408799941012104682e+03  5365155.352101916447 -4.1615752230654834e-03
0002 2021-09-06T01:18:15.000 1.438149390729484003e+04 3.457883217148673339e+03  5365189.387611760758 -7.1337905091013454e-03
0003 2021-09-06T01:20:06.000 1.531110058998138629e+04 3.442386391480996735e+03  5365570.744691682048 +3.6920600487064799e-03
0003 2021-09-06T01:20:16.000 1.499110049256543061e+04 3.475549221063047298e+03  5365605.644622349180 -5.8865879368568130e-03
0003 2021-09-06T01:20:26.000 1.599784942504656829e+04 3.325174791755676779e+03  5365640.636095855385 +4.9353630151927055e-03
0003 2021-09-06T01:20:36.000 1.374666938998651676e+04 3.304601798248996147e+03  5365675.689227929339 +6.3247172515730199e-03
0003 2021-09-06T01:20:46.000 1.382604599578254238e+04 3.276034834857252008e+03  5365710.810330348089 +4.6442689005061766e-03
0003 2021-09-06T01:20:56.000 1.420012129659817947e+04 3.301473490938512896e+03  5365745.998176731169 -1.2814037180532978e-03
0003 2021-09-06T01:21:06.000 1.390840280213907135e+04 3.215752799991198117e+03  5365781.262091339566 -2.0771603641378533e-03
0003 2021-09-06T01:21:16.000 1.527167989160227444e+04 3.291676109339888626e+03  5365816.592101722024 -7.6646569473268755e-03
0003 2021-09-06T01:21:26.000 1.561363974591277474e+04 3.292200586452435800e+03  5365851.998282105662 -7.9189715634129243e-03
0003 2021-09-06T01:21:36.000 1.338421167959735430e+04 3.274892837508049524e+03  5365887.479776639491 -3.6453665295539399e-03
0003 2021-09-06T01:21:46.000 1.420043903931578643e+04 3.321087955791124841e+03  5365923.031356880441 -2.1814803744746317e-05
0003 2021-09-06T01:21:56.000 1.414921884216009857e+04 3.480016656102719026e+03  5365958.658144695684 +8.1238918287453981e-03
0003 2021-09-06T01:22:06.000 1.399839362745583276e+04 3.344421091549929315e+03  5365994.336908591911 -2.3895431463643035e-03
0003 2021-09-06T01:22:16.000 1.497041459398675215e+04 3.379688951361636555e+03  5366030.096248880029 -2.9117591616341088e-03
0003 2021-09-06T01:22:26.000 1.385089906130605232e+04 3.408215375614293407e+03  5366065.933796866797 +4.2384361485119371e-03
0003 2021-09-06T01:22:36.000 1.351959042228539511e+04 3.279803540968037396e+03  5366101.815307793207 -1.5134001454725876e-02
0003 2021-09-06T01:22:46.000 1.488336267057848636e+04 3.337643520067407280e+03  5366137.792792244814 -8.9689633040279659e-03
0003 2021-09-06T01:22:56.000 1.605862593521233612e+04 3.406524037539833444e+03  5366173.841056839563 -2.4104905287458682e-03
0003 2021-09-06T01:23:06.000 1.438523161428461572e+04 3.490010906720166076e+03  5366209.968982154503 +1.3471120491203692e-02
0003 2021-09-06T01:23:16.000 1.444645529060124318e+04 3.544171363096332698e+03  5366246.151778222062 +1.3934815444372362e-02
0003 2021-09-06T01:23:26.000 1.328720545192002828e+04 3.408076312921336012e+03  5366282.387915241532 -2.5005211346069700e-03
0003 2021-09-06T01:23:36.000 1.407608287010421191e+04 3.370321782700171298e+03  5366318.708812545054 -4.3671075966358330e-03
0003 2021-09-06T01:23:46.000 1.303765034550023483e+04 3.454110396902512093e+03  5366355.110882506706 +4.7956285527561695e-03
0003 2021-09-06T01:23:56.000 1.547261676252566758e+04 3.507637651061253109e+03  5366391.588854553178 +1.9765054548656732e-02
0003 2021-09-06T01:24:06.000 1.284460876422078763e+04 3.323718586870481431e+03  5366428.091451577842 -1.0688266347642640e-02
0003 2021-09-06T01:24:16.000 1.265310517895401426e+04 3.414999698259507568e+03  5366464.699631136842 -5.5593893951026985e-03
0003 2021-09-06T01:24:26.000 1.496598852835362413e+04 3.431129085375827799e+03  5366501.378530712798 +3.3626321646806900e-04
0003 2021-09-06T01:24:36.000 1.425237640092891525e+04 3.354048182703084876e+03  5366538.118694419041 -2.4103981797907181e-03
0003 2021-09-06T01:24:46.000 1.243251313355308412e+04 3.349375097698759419e+03  5366574.939353392459 +5.4782424970198917e-03
0003 2021-09-06T01:24:56.000 1.452265710135762674e+04 3.297524081664632831e+03  5366611.808751632459 -7.7076601420458237e-03
0003 2021-09-06T01:25:06.000 1.502550911692279078e+04 3.358022975025802225e+03  5366648.768814193085 +2.7711269012797857e-06
0003 2021-09-06T01:25:16.000 1.304719835606617198e+04 3.402607525185832856e+03  5366685.799747942016 +8.8618787088989848e-03
0003 2021-09-06T01:25:26.000 1.301435276396374684e+04 3.308710875309588118e+03  5366722.882092279382 -5.4581904134920478e-04
0003 2021-09-06T01:25:36.000 1.476139289229205315e+04 3.474214606670107969e+03  5366760.053609432653 +9.5866560125159594e-03
0003 2021-09-06T01:25:46.000 1.460437067915147964e+04 3.404578170687315833e+03  5366797.286230492406 +1.1234768177246224e-02
0003 2021-09-06T01:25:56.000 1.422841425012334366e+04 3.270661535240255489e+03  5366834.573511812836 -2.0011471359566717e-03
0003 2021-09-06T01:26:06.000 1.407631578181431541e+04 3.326550679985867191e+03  5366871.950059351511 +4.5284520799668826e-03
0003 2021-09-06T01:26:16.000 1.300610254682221967e+04 3.278404774278891182e+03  5366909.379211151972 -5.7952144966293417e-03
0003 2021-09-06T01:26:26.000 1.402000666022153018e+04 3.272084222111901454e+03  5366946.888075480238 -5.8211361533722084e-03
0003 2021-09-06T01:26:36.000 1.395547615651682281e+04 3.373112885553294745e+03  5366984.465412361547 -6.7469642746118552e-03
0003 2021-09-06T01:26:46.000 1.372879618998038313e+04 3.381351086361543821e+03  5367022.108610169962 -1.1142450761212784e-02
0003 2021-09-06T01:26:56.000 1.240092186008948738e+04 3.329616466628363014e+03  5367059.838889468461 +2.2543864450881301e-03
0003 2021-09-06T01:27:06.000 1.389756603142797212e+04 3.278435534631731571e+03  5367097.625220804475 +2.4550552407163195e-03
0003 2021-09-06T01:27:16.000 1.284285456488063937e+04 3.238169819496118180e+03  5367135.478959958069 +8.5581247367372271e-04
0003 2021-09-06T01:27:26.000 1.311248303707201012e+04 3.285568799330975253e+03  5367173.401170847937 -1.4394258256515968e-03
0003 2021-09-06T01:27:36.000 1.568431631861431197e+04 3.269283445555069648e+03  5367211.393207214773 -3.0374233163001918e-03
0003 2021-09-06T01:27:46.000 1.554920433757176761e+04 3.361245678454878089e+03  5367249.453141659498 -5.8265902023322260e-03
0003 2021-09-06T01:27:56.000 1.550074919550406230e+04 3.317168198880619457e+03  5367287.582908766344 -7.8338712903587293e-03
0003 2021-09-06T01:28:06.000 1.531659273226224650e+04 3.374312426560132735e+03  5367325.780200289562 -1.1329573292528041e-02
0003 2021-09-06T01:28:16.000 1.400995291709201592e+04 3.263090090259702265e+03  5367364.059163304046 -2.1292224514581903e-03
0003 2021-09-06T01:28:26.000 1.414865728851564381e+04 3.252799247651003498e+03  5367402.399375168607 -6.1860885182341008e-04
0003 2021-09-06T01:28:36.000 1.565028696597097405e+04 3.265677100056604104e+03  5367440.807005241513 -5.9208917059550004e-04
0003 2021-09-06T01:28:46.000 1.659795807914430043e+04 3.381183100986484988e+03  5367479.273681701161 -1.0385774063706776e-02
0003 2021-09-06T01:28:56.000 1.394680867081522410e+04 3.299997774897663476e+03  5367517.825931187719 -3.4378903317247023e-03
0003 2021-09-06T01:29:06.000 1.327629144038501545e+04 3.353202603059689409e+03  5367556.457486956380 +1.4019351128581548e-02
0003 2021-09-06T01:29:16.000 1.586982084651959121e+04 3.344313383527763563e+03  5367595.135453093797 +9.1239641284346362e-03
0003 2021-09-06T01:29:26.000 1.453614158161019805e+04 3.396150057745234335e+03  5367633.889983195812 +1.2062859950106032e-02
0003 2021-09-06T01:29:36.000 1.233617325316489041e+04 3.391094635858902166e+03  5367672.706101417542 +7.8928816916459255e-03
0003 2021-09-06T01:29:46.000 1.416552297766339871e+04 3.294231418148773628e+03  5367711.590769638307 +3.6079513997719919e-03
0003 2021-09-06T01:29:56.000 1.300366479853295823e+04 3.402246902058739124e+03  5367750.553882711567 +9.1343270385095821e-03
0003 2021-09-06T01:30:06.000 1.564858411043387605e+04 3.350691927170308190e+03  5367789.567674031481 -3.2638579255035438e-03
0003 2021-09-06T01:30:16.000 1.264065346220327956e+04 3.279773322065983393e+03  5367828.665507238358 -1.9289312012915616e-04
0003 2021-09-06T01:30:26.000 1.616146440847434860e+04 3.278299994395095837e+03  5367867.824370102026 -4.6356210370959161e-03
0003 2021-09-06T01:30:36.000 1.368089830636708757e+04 3.321123493679127932e+03  5367907.070047529414 +9.2215639343748990e-03
0003 2021-09-06T01:30:46.000 1.471969235855069019e+04 3.418734200405783213e+03  5367946.381791529246 +2.0658663173094283e-02
0003 2021-09-06T01:30:56.000 1.556404755924302845e+04 3.251269329294449108e+03  5367985.729502670467 -3.9647230187256360e-04
0003 2021-09-06T01:31:06.000 1.483101872981474844e+04 3.251240766721610271e+03  5368025.164575967938 -2.5222709155059420e-03
0003 2021-09-06T01:31:16.000 1.382621254662608771e+04 3.353740820879894272e+03  5368064.679515413940 +6.8110796274822860e-03
0003 2021-09-06T01:31:26.000 1.464578769180687232e+04 3.268246630254396223e+03  5368104.243223860860 -3.4684916898868323e-03
0003 2021-09-06T01:31:36.000 1.350720063329200821e+04 3.309300766460420618e+03  5368143.891860853881 +2.8228783589838717e-03
0003 2021-09-06T01:31:46.000 1.409895127221639632e+04 3.309235826766645005e+03  5368183.602336859331 +2.6192073136144245e-03
0003 2021-09-06T01:31:56.000 1.405722731033885429e+04 3.351714456671893004e+03  5368223.368830410764 -9.8781983716662580e-03
0003 2021-09-06T01:32:06.000 1.364208836184178836e+04 3.305923646490438387e+03  5368263.214590163901 -1.1398698172115472e-02
0003 2021-09-06T01:32:16.000 1.442663769285187118e+04 3.358482626939150123e+03  5368303.129479249008 -1.2057981914381344e-02
0003 2021-09-06T01:32:26.000 1.455997265986457205e+04 3.228926248004661375e+03  5368343.120092929341 -5.2404091247808537e-03
0003 2021-09-06T01:32:36.000 1.485510999333324617e+04 3.322445559516324465e+03  5368383.178424859419 +1.0672199183545672e-03
0003 2021-09-06T01:32:46.000 1.323480086596320325e+04 3.300685199104193543e+03  5368423.298966391943 +1.3749831333598197e-03
0003 2021-09-06T01:32:56.000 1.299975738868274857e+04 3.277473840873860809e+03  5368463.486325510778 +3.0873619402882468e-04
0003 2021-09-06T01:33:06.000 1.425446945615325058e+04 3.239910283233422433e+03  5368503.734343365766 -8.2733501860730030e-03
0003 2021-09-06T01:33:16.000 1.375694556195361110e+04 3.419042294568216676e+03  5368544.054027581587 -1.3347493827382095e-02
0003 2021-09-06T01:33:26.000 1.347523690876659020e+04 3.298161430255835967e+03  5368584.464941452257 +4.6648808720419765e-03
0003 2021-09-06T01:33:36.000 1.489469344960002854e+04 3.309033205900571375e+03  5368624.924321835861 +3.0150242181434805e-03
0003 2021-09-06T01:33:46.000 1.422220848483096415e+04 3.280117611924415087e+03  5368665.457124141045 +6.6718444342086514e-03
0003 2021-09-06T01:33:56.000 1.477793846463499176e+04 3.305561768308827595e+03  5368706.043014206924 -4.6862329060104457e-03
0003 2021-09-06T01:34:06.000 1.486809484865735976e+04 3.305698765013774391e+03  5368746.718316947110 +5.2773770398744091e-03
0003 2021-09-06T01:34:16.000 1.340039564843292465e+04 3.368280435300487170e+03  5368787.436945982277 -9.5129657880761442e-03
0003 2021-09-06T01:34:26.000 1.312300703432834780e+04 3.323857335932962997e+03  5368828.259728700854 +1.1779927579141258e-02
0003 2021-09-06T01:34:36.000 1.426018899315336421e+04 3.361143335836818551e+03  5368869.125655744225 +8.1555466474583210e-03
0003 2021-09-06T01:34:46.000 1.306239365861626356e+04 3.328029463775230397e+03  5368910.051994093694 -3.1112411290905584e-03
0003 2021-09-06T01:34:56.000 1.424104490843935855e+04 3.274904572168098184e+03  5368951.062103672884 +1.3463996459677221e-03
0003 2021-09-06T01:35:06.000 1.412060466821516275e+04 3.275438315891973616e+03  5368992.133964568377 -4.8551332861279661e-04
0003 2021-09-06T01:35:16.000 1.548002887965745867e+04 3.345003866241568630e+03  5369033.270955385640 -5.2234405413855711e-03
0003 2021-09-06T01:35:26.000 1.493498425959415181e+04 3.312780421521132666e+03  5369074.486803002656 +8.6342637087000174e-04
0003 2021-09-06T01:35:36.000 1.287065825613177549e+04 3.286876896567231597e+03  5369115.772321505472 +8.5920849859348891e-03
0003 2021-09-06T01:35:46.000 1.471846940354636354e+04 3.306648571449396059e+03  5369157.121387824416 +1.1841349996188910e-02
0003 2021-09-06T01:35:56.000 1.355542490409723541e+04 3.304976471459735421e+03  5369198.527994488366 +4.6046046883247982e-03
0003 2021-09-06T01:36:06.000 1.442483235103873631e+04 3.430926737313721333e+03  5369239.996534333564 -8.7255205863812080e-03
0003 2021-09-06T01:36:16.000 1.428972238003419443e+04 3.390767549294760101e+03  5369281.551284295507 -3.8733513910074176e-03
0003 2021-09-06T01:36:26.000 1.322790191087961284e+04 3.346243506589806202e+03  5369323.176526690833 +3.4411048420679435e-03
0003 2021-09-06T01:36:36.000 1.333615410599856841e+04 3.292733024928972100e+03  5369364.863514322788 +4.4672351756389617e-03
0003 2021-09-06T01:36:46.000 1.522707460513951992e+04 3.312900935464649137e+03  5369406.619089888409 +6.0432359100559552e-03
0003 2021-09-06T01:36:56.000 1.331578216390811940e+04 3.463139238849412777e+03  5369448.431854616851 -3.2352722988662208e-03
0003 2021-09-06T01:37:06.000 1.334787698891930449e+04 3.375770949598349034e+03  5369490.327282226644 +2.0987110145824768e-03
0003 2021-09-06T01:37:16.000 1.597272049855395016e+04 3.432330730608004615e+03  5369532.275267648511 -8.0677266489601607e-03
0003 2021-09-06T01:37:26.000 1.649191762008577280e+04 3.399708002597525137e+03  5369574.304198907688 -5.3555399897504685e-03
0003 2021-09-06T01:37:36.000 1.348992136561588813e+04 3.469833217377447454e+03  5369616.393335359171 -1.0515497443293498e-02
0003 2021-09-06T01:37:46.000 1.601234433301255922e+04 3.478415331104623419e+03  5369658.557988713495 -8.2471714615621750e-03
0003 2021-09-06T01:37:56.000 1.514119544606096315e+04 3.375138792037104849e+03  5369700.798085588031 +1.3636062997193219e-03
0003 2021-09-06T01:38:06.000 1.421572778887954883e+04 3.239195844215752913e+03  5369743.110098162666 +1.4775388739849404e-02
0003 2021-09-06T01:38:16.000 1.413933769610070340e+04 3.383371297004024200e+03  5369785.465962134302 +3.9090550941409683e-03
0004 2021-09-06T01:40:05.000 1.487399397510895687e+04 3.543155554787846086e+03  5370250.735052472912 +2.2676826279166562e-03
0004 2021-09-06T01:40:15.000 1.510052635382891822e+04 3.546440402157450990e+03  5370293.914270412177 +6.1675811729173802e-03
0004 2021-09-06T01:40:25.000 1.240084421445131557e+04 3.573453034033024323e+03  5370337.151249120012 +3.4038500530186866e-05
0004 2021-09-06T01:40:35.000 1.621503590097167216e+04 3.645467557083376960e+03  5370380.465100229718 +2.9491645440202774e-03
0004 2021-09-06T01:40:45.000 1.559538639721530490e+04 3.559948616738525743e+03  5370423.841746588238 +8.0652258611735295e-04
0004 2021-09-06T01:40:55.000 1.304046360091110364e+04 3.591162387076747109e+03  5370467.277846884914 -9.7642529398171973e-03
0004 2021-09-06T01:41:05.000 1.270604064604168343e+04 3.541888286457900904e+03  5370510.802577157505 +3.8402555287575518e-04
0004 2021-09-06T01:41:15.000 1.535992009283654079e+04 3.565802693434204684e+03  5370554.373507585377 -1.1207113871591901e-02
0004 2021-09-06T01:41:25.000 1.444818153288257054e+04 3.550439265903897649e+03  5370598.041860737838 +6.6564204458927634e-03
0004 2021-09-06T01:41:35.000 1.616425214487319136e+04 3.419189129007363590e+03  5370641.757436532527 +3.7462411549995518e-03
0004 2021-09-06T01:41:45.000 1.586304391182636755e+04 3.491704243593694173e+03  5370685.533526000567 -6.6747832111104799e-03
0004 2021-09-06T01:41:55.000 1.421010109683772316e+04 3.463340793267213030e+03  5370729.394298801199 -4.6501929205078335e-04
0004 2021-09-06T01:42:05.000 1.292408571466199646e+04 3.373720865258180311e+03  5370773.318346935324 +9.3962389473745123e-04
0004 2021-09-06T01:42:15.000 1.454649907798377171e+04 3.428642318685326700e+03  5370817.303984216414 -4.1748413150344277e-03
0004 2021-09-06T01:42:25.000 1.463806569717922866e+04 3.441891725254382436e+03  5370861.361261180602 -5.7855953132275317e-03
0004 2021-09-06T01:42:35.000 1.439828503271974478e+04 3.438164900571133785e+03  5370905.491086337715 -3.0117683093067167e-03
0004 2021-09-06T01:42:45.000 1.163650864839340466e+04 3.326439657040401471e+03  5370949.692737646401 +3.3970123986364342e-03
0004 2021-09-06T01:42:55.000 1.410911695376132411e+04 3.303258315562896769e+03  5370993.952264214866 -5.3768486918670533e-04
0004 2021-09-06T01:43:05.000 1.322132206497033258e+04 3.363852013437950518e+03  5371038.275791383348 -8.7180321694404483e-03
0004 2021-09-06T01:43:15.000 1.392130775241573247e+04 3.308855422267906761e+03  5371082.686063718982 +1.5730388629435763e-03
0004 2021-09-06T01:43:25.000 1.335771436714959600e+04 3.308441034305611083e+03  5371127.156003790908 +3.2305948885777980e-03
0004 2021-09-06T01:43:35.000 1.593889952734251165e+04 3.332200953497677801e+03  5371171.684024856426 -5.3596272259710531e-03
0004 2021-09-06T01:43:45.000 1.465116871940524288e+04 3.352392195131004883e+03  5371216.294175493531 -1.7659968739280885e-04
0004 2021-09-06T01:43:55.000 1.432876953845787284e+04 3.378453216534044714e+03  5371260.974000489339 +6.2968649594949966e-03
0004 2021-09-06T01:44:05.000 1.401786517029242350e+04 3.386525109695803167e+03  5371305.718918886036 +9.4521443771782270e-03
0004 2021-09-06T01:44:15.000 1.514368300491659829e+04 3.350509339901792828e+03  5371350.525391633622 +5.7224508392437201e-03
0004 2021-09-06T01:44:25.000 1.337253998999613577e+04 3.324948819243708840e+03  5371395.400936223567 +2.5974402285555698e-03
0004 2021-09-06T01:44:35.000 1.262645572874775826e+04 3.303025906635440606e+03  5371440.349495135248 +3.9916527272225721e-03
0004 2021-09-06T01:44:45.000 1.306296289259174227e+04 3.327934578405870525e+03  5371485.365262582898 +4.0712337727200074e-03
0004 2021-09-06T01:44:55.000 1.294735441353343958e+04 3.321792049739213780e+03  5371530.438801907003 -6.6286778487665288e-03
0004 2021-09-06T01:45:05.000 1.427790608604371118e+04 3.341220481918895985e+03  5371575.607665227726 +9.4156809362857512e-03
0004 2021-09-06T01:45:15.000 1.454822927251312649e+04 3.330763764109534804e+03  5371620.819111764431 -5.6499757556593977e-04
0004 2021-09-06T01:45:25.000 1.307583475222927518e+04 3.281352919081036816e+03  5371666.115700945258 +5.9600041047360719e-03
0004 2021-09-06T01:45:35.000 1.319966992493738871e+04 3.315805254626579881e+03  5371711.482094116509 +1.3623122336070992e-02
0004 2021-09-06T01:45:45.000 1.451065895114624436e+04 3.337950862826342473e+03  5371756.902606712654 +6.7106684332429722e-03
0004 2021-09-06T01:45:55.000 1.383455021415671945e+04 3.356445999407203544e+03  5371802.387602468021 -4.4429747865706304e-03
0004 2021-09-06T01:46:05.000 1.355255843553257546e+04 3.429126095300567158e+03  5371847.955633574165 -1.3152167657608516e-03
0004 2021-09-06T01:46:15.000 1.334449084857072376e+04 3.445788171792321009e+03  5371893.582946728915 -7.6892139368283088e-03
0004 2021-09-06T01:46:25.000 1.527062852618788202e+04 3.458322705642687197e+03  5371939.285611286759 -7.5257457799580143e-03
0004 2021-09-06T01:46:35.000 1.584544744438503039e+04 3.395428897988296740e+03  5371985.062571040355 -1.9114417998480349e-03
0004 2021-09-06T01:46:45.000 1.382400345436135831e+04 3.403235675252102737e+03  5372030.904920803383 +2.1778454379273168e-04
0004 2021-09-06T01:46:55.000 1.327796017992469569e+04 3.381240317930420133e+03  5372076.815476864576 +1.6471751912376933e-03
0004 2021-09-06T01:47:05.000 1.397583313620538684e+04 3.323121540800471394e+03  5372122.800022544339 +8.1286674502507577e-03
0004 2021-09-06T01:47:15.000 1.580115049884919063e+04 3.478263030290147071e+03  5372168.838022151031 -9.0516684144859038e-04
0004 2021-09-06T01:47:25.000 1.430483631459116259e+04 3.489887066662320194e+03  5372214.957828406245 +2.8662971545827527e-03
0004 2021-09-06T01:47:35.000 1.441241372670153942e+04 3.446993913514022097e+03  5372261.142065401189 +2.0346730683513674e-03
0004 2021-09-06T01:47:45.000 1.368234685091231222e+04 3.462540490736786978e+03  5372307.394320856780 +1.5480039530757497e-04
0004 2021-09-06T01:47:55.000 1.389074130168624288e+04 3.554311758887510223e+03  5372353.711883505806 -5.5178726258873212e-03
0004 2021-09-06T01:48:05.000 1.583435497157453028e+04 3.576236840635713634e+03  5372400.096811729483 -1.2958677143956264e-02
0004 2021-09-06T01:48:15.000 1.453090197335302764e+04 3.465123735121262598e+03  5372446.572614217177 +1.3069193000774249e-03
0004 2021-09-06T01:48:25.000 1.486860019942530380e+04 3.530472864220885640e+03  5372493.094662096351 -7.3845657545916765e-03
0004 2021-09-06T01:48:35.000 1.486713233314320860e+04 3.544712319923513405e+03  5372539.693619671278 -8.4039127641517553e-03
0004 2021-09-06T01:48:45.000 1.515098916406819990e+04 3.496925783868628059e+03  5372586.370683697984 -5.8993304526211432e-04
0004 2021-09-06T01:48:55.000 1.569145303547552066e+04 3.399015145245673466e+03  5372633.113399128430 +3.5662493771724257e-03
0004 2021-09-06T01:49:05.000 1.447174120601737559e+04 3.543828023014040809e+03  5372679.904202618636 -1.3535293629388434e-02
0004 2021-09-06T01:49:15.000 1.401493500259661414e+04 3.525411479804077317e+03  5372726.788637889549 -6.3879661287273848e-03
0004 2021-09-06T01:49:25.000 1.552390020353243199e+04 3.469451328712299983e+03  5372773.750317851081 +8.5834755172982113e-03
0004 2021-09-06T01:49:35.000 1.448483299114056717e+04 3.474568875028801813e+03  5372820.758350325748 +4.4862246386401239e-04
0004 2021-09-06T01:49:45.000 1.487601475921090787e+04 3.529632215422226182e+03  5372867.845172175206 +1.6055242462016397e-03
0004 2021-09-06T01:49:55.000 1.284885774609462351e+04 3.431384603591672658e+03  5372915.003834873438 +5.0662573274848910e-03
0004 2021-09-06T01:50:05.000 1.553161032639765654e+04 3.506810457947783107e+03  5372962.221640983596 -1.9066260365434573e-03
0004 2021-09-06T01:50:15.000 1.500796460166242468e+04 3.485714484793384145e+03  5373009.519388077781 +1.4438119596889010e-03
0004 2021-09-06T01:50:25.000 1.604574727848498878e+04 3.534220028935040318e+03  5373056.885961945169 +3.9620920406377991e-03
0004 2021-09-06T01:50:35.000 1.529478623906894245e+04 3.420105376072339823e+03  5373104.326421564445 +1.0665263684472848e-02
0004 2021-09-06T01:50:45.000 1.469025317820110286e+04 3.498400175367531574e+03  5373151.819017585367 -2.3860857379531808e-04
0004 2021-09-06T01:50:55.000 1.364678517929417285e+04 3.504833033887662623e+03  5373199.383443072438 -9.0997448226062261e-03
0004 2021-09-06T01:51:05.000 1.469838381188867061e+04 3.540136264073696111e+03  5373247.037186079659 +1.5259374455354191e-03
0004 2021-09-06T01:51:15.000 1.511504414128790813e+04 3.487170975249256117e+03  5373294.752277913503 +3.6250574880796194e-03
0004 2021-09-06T01:51:25.000 1.589315214767743419e+04 3.503708136619077322e+03  5373342.520874092355 -1.0692289070902916e-02
0004 2021-09-06T01:51:35.000 1.489457349257789610e+04 3.527134994641107824e+03  5373390.382403109223 -2.0437707654537007e-03
0004 2021-09-06T01:51:45.000 1.485597674746972007e+04 3.529285857770972143e+03  5373438.299652002752 -7.6892709697631298e-03
0004 2021-09-06T01:51:55.000 1.606982370104139591e+04 3.534335928862365108e+03  5373486.300129007548 -1.6824986869323766e-04
0004 2021-09-06T01:52:05.000 1.531438950128862234e+04 3.494100623218364035e+03  5373534.373551581055 +1.0188261022449296e-02
0004 2021-09-06T01:52:15.000 1.304886697019071471e+04 3.490850518513866973e+03  5373582.505474667065 +8.8859156268199496e-03
0004 2021-09-06T01:52:25.000 1.400572960799547582e+04 3.470141515493350198e+03  5373630.702547088265 +2.5234265275457801e-03
0004 2021-09-06T01:52:35.000 1.503941050654981882e+04 3.499596030699329731e+03  5373678.976012907922 +2.2939088167959198e-03
0004 2021-09-06T01:52:45.000 1.446298617999490489e+04 3.510695981788049721e+03  5373727.317271544598 -4.5501532974867592e-04
0004 2021-09-06T01:52:55.000 1.431156633349887124e+04 3.468060431662993324e+03  5373775.728733280674 -3.3657232788755209e-03
0004 2021-09-06T01:53:05.000 1.464799350034623967e+04 3.526268159976497373e+03  5373824.216258006170 -6.3186827878780605e-04
0004 2021-09-06T01:53:15.000 1.476564169692957876e+04 3.495162892411129633e+03  5373872.773682654835 +1.5290449931626426e-03
0004 2021-09-06T01:53:25.000 1.440924389839155083e+04 3.456935730579867140e+03  5373921.406736400910 +8.7908420005078387e-03
0004 2021-09-06T01:53:35.000 1.399838764655309933e+04 3.485600998346546930e+03  5373970.096954643726 +2.6326472353730423e-03
0004 2021-09-06T01:53:45.000 1.466518557059997875e+04 3.469397413954538479e+03  5374018.868613660336 +7.2735222189521664e-03
0004 2021-09-06T01:53:55.000 1.431302663419356759e+04 3.448716308379824568e+03  5374067.697930076160 -1.1280797050403637e-03
0004 2021-09-06T01:54:05.000 1.514935635898335568e+04 3.393960178032936710e+03  5374116.608222193085 +6.8699950145401090e-04
0004 2021-09-06T01:54:15.000 1.423381926155090332e+04 3.446438745445715540e+03  5374165.587931567803 +1.1001866831747975e-03
0004 2021-09-06T01:54:25.000 1.350854602680221251e+04 3.339039773115092885e+03  5374214.642404651269 +5.3968030114219800e-03
0004 2021-09-06T01:54:35.000 1.569744860992740360e+04 3.372445413930065115e+03  5374263.757065672427 -1.0610748646513457e-03
0004 2021-09-06T01:54:45.000 1.427402404265476798e+04 3.424679836215751493e+03  5374312.946304461919 -3.9467915821660426e-03
0004 2021-09-06T01:54:55.000 1.541662076040905595e+04 3.340191534145425521e+03  5374362.220008500852 +6.5629011793362224e-03
0004 2021-09-06T01:55:05.000 1.386566386013416013e+04 3.421598231641285111e+03  5374411.537564631552 -1.0210441199205889e-02
0004 2021-09-06T01:55:15.000 1.465704686019993642e+04 3.391048545616512911e+03  5374460.959143090062 +5.8370529314970563e-03
0004 2021-09-06T01:55:25.000 1.445447569623476375e+04 3.442945247487135475e+03  5374510.418307583779 -1.1798374887462160e-02
0004 2021-09-06T01:55:35.000 1.420367034359970057e+04 3.382939560044822429e+03  5374559.970321143977 -7.9222557392313320e-03
0004 2021-09-06T01:55:45.000 1.528890771345844769e+04 3.381886775373404816e+03  5374609.591130504385 -6.6575454555959368e-03
0004 2021-09-06T01:55:55.000 1.336471635452025475e+04 3.425474427291168922e+03  5374659.286103214137 -2.7075279099335603e-03
0004 2021-09-06T01:56:05.000 1.584180003402847433e+04 3.402314175986461123e+03  5374709.038838188164 -1.2545264703248904e-02
0004 2021-09-06T01:56:15.000 1.331809326339423205e+04 3.288941679846391253e+03  5374758.890573060140 +4.9937276731952807e-03
0004 2021-09-06T01:56:25.000 1.288465246462707182e+04 3.208633556697061067e+03  5374808.803759240545 +1.2286526462276017e-02
0004 2021-09-06T01:56:35.000 1.352513588155477191e+04 3.236141205077391987e+03  5374858.776005035266 +6.8659064737630615e-03
0004 2021-09-06T01:56:45.000 1.397932386840774780e+04 3.332482334362041001e+03  5374908.819067618810 +4.1229764315175998e-04
0004 2021-09-06T01:56:55.000 1.388849434055671190e+04 3.330759579639736330e+03  5374958.939487103373 -6.1216152232645982e-04
0004 2021-09-06T01:57:05.000 1.313286037022193887e+04 3.263492286084933312e+03  5375009.137355855666 +3.8056797818626369e-03
0004 2021-09-06T01:57:15.000 1.418965770190426883e+04 3.279558651213758367e+03  5375059.400372564793 +1.2840316794608952e-03
0004 2021-09-06T01:57:25.000 1.243455424630022389e+04 3.308741375056784818e+03  5375109.734998684376 -1.7974033337395667e-03
0004 2021-09-06T01:57:35.000 1.279447056912931112e+04 3.300419728448319802e+03  5375160.150476671755 +3.7207953981805990e-03
0004 2021-09-06T01:57:45.000 1.367939093774996763e+04 3.360222850539560113e+03  5375210.624431197532 -4.6210479246155964e-03
0004 2021-09-06T01:57:55.000 1.371411573637673973e+04 3.306218014481544742e+03  5375261.184119631536 +3.4877113989750802e-04
0004 2021-09-06T01:58:05.000 1.235288723821855456e+04 3.261410532418902221e+03  5375311.811683960259 +6.8524026551131101e-04
0004 2021-09-06T01:58:15.000 1.471993268419122796e+04 3.264474881751968951e+03  5375362.512118507177 +1.2943344916038768e-03
0005 2021-09-06T02:00:05.000 1.435771856304057110e+04 3.329886590875370075e+03  5375925.014583063312 +3.3870497416046415e-03
0005 2021-09-06T02:00:15.000 1.404896826807476646e+04 3.300069136833648827e+03  5375976.573912724853 -9.3337760758913629e-03
0005 2021-09-06T02:00:25.000 1.446688708482493166e+04 3.459548947787677662e+03  5376028.234751686454 +6.1877739582314462e-03
0005 2021-09-06T02:00:35.000 1.417095265583076616e+04 3.390284659046630168e+03  5376079.957693624310 +1.0465375378203134e-02
0005 2021-09-06T02:00:45.000 1.401535188508891588e+04 3.340503341100205034e+03  5376131.734195658006 -5.1242675194771437e-03
0005 2021-09-06T02:00:55.000 1.347663863009451961e+04 3.431699779019348625e+03  5376183.614207207225 +9.2874347807310170e-03
0005 2021-09-06T02:01:05.000 1.496222069794831441e+04 3.541083539305043814e+03  5376235.550184017979 +6.0749803677708769e-03
0005 2021-09-06T02:01:15.000 1.382889907879461134e+04 3.405361539006960811e+03  5376287.549559779465 -7.4096142938060447e-03
0005 2021-09-06T02:01:25.000 1.419221904186675602e+04 3.337573503082624484e+03  5376339.630811005831 -1.2771930547387456e-02
0005 2021-09-06T02:01:35.000 1.475659931925777710e+04 3.456088778051888767e+03  5376391.803634149022 -3.9804375614949095e-04
0005 2021-09-06T02:01:45.000 1.348327687397816771e+04 3.471161512350596695e+03  5376444.034596163779 -3.8039576269284234e-03
0005 2021-09-06T02:01:55.000 1.337259191224055212e+04 3.446887161820718120e+03  5376496.345937260427 -8.3286005599347845e-04
0005 2021-09-06T02:02:05.000 1.732495771759316267e+04 3.492811184286039406e+03  5376548.718084600754 -1.1141427071265753e-02
0005 2021-09-06T02:02:15.000 1.577060871210042387e+04 3.520502394372888830e+03  5376601.183263903484 -2.5882196275688329e-03
0005 2021-09-06T02:02:25.000 1.468831288438424235e+04 3.520556234074984786e+03  5376653.712668554857 -4.0645773642609129e-03
0005 2021-09-06T02:02:35.000 1.317680011890927562e+04 3.533755884091997359e+03  5376706.326141322032 +4.1870833458688139e-03
0005 2021-09-06T02:02:45.000 1.333994034539188397e+04 3.528186297996897792e+03  5376759.002319268882 +7.1819461925315409e-04
0005 2021-09-06T02:02:55.000 1.324194998805550676e+04 3.625163120651975078e+03  5376811.758692201227 +2.9324705307089967e-03
0005 2021-09-06T02:03:05.000 1.424625922839905979e+04 3.556536793320161451e+03  5376864.579243195243 -5.2735704679207620e-03
0005 2021-09-06T02:03:15.000 1.569000223161405665e+04 3.548758937221006818e+03  5376917.486786967143 -1.1722282090431690e-03
0005 2021-09-06T02:03:25.000 1.402222794328298005e+04 3.555462299950063425e+03  5376970.483444816433 +1.7270306785576395e-02
0005 2021-09-06T02:03:35.000 1.593916579004567939e+04 3.576269945289638144e+03  5377023.533266559243 +1.4015887298569396e-02
0005 2021-09-06T02:03:45.000 1.414347034633943986e+04 3.554218306973560175e+03  5377076.649957352318 +2.6812346799260922e-03
0005 2021-09-06T02:03:55.000 1.491567698453623962e+04 3.501052733826200438e+03  5377129.841930825263 -8.4089404363112408e-03
0005 2021-09-06T02:04:05.000 1.557103073234551812e+04 3.528187817179225476e+03  5377183.128671668470 +1.4065505649796253e-04
0005 2021-09-06T02:04:15.000 1.360008694371347883e+04 3.488484757945837373e+03  5377236.481081587262 -8.5816823650475260e-04
0005 2021-09-06T02:04:25.000 1.605423207441799059e+04 3.578567867477698201e+03  5377289.922821138054 +1.2164773372774109e-02
0005 2021-09-06T02:04:35.000 1.454737574194392255e+04 3.450935774844474963e+03  5377343.421091440134 +6.3197242642445417e-03
0005 2021-09-06T02:04:45.000 1.397940845840751172e+04 3.522559267902247484e+03  5377396.996097270399 +1.7200919660353977e-03
0005 2021-09-06T02:04:55.000 1.363509654257923285e+04 3.416651284259084605e+03  5377450.652890714817 +3.3260908257943807e-03
0005 2021-09-06T02:05:05.000 1.328725986740941153e+04 3.383031373227814129e+03  5377504.376376751810 -4.0496792029216522e-03
0005 2021-09-06T02:05:15.000 1.344473287393117971e+04 3.442803917478818221e+03  5377558.186012105085 -1.0433783451162526e-03
0005 2021-09-06T02:05:25.000 1.448493949779419563e+04 3.429049583088834424e+03  5377612.076407432556 +6.8622542818275178e-03
0005 2021-09-06T02:05:35.000 1.445999372792507711e+04 3.337041230716404698e+03  5377666.015389519744 -1.2599910094877488e-02
0005 2021-09-06T02:05:45.000 1.508418344579452423e+04 3.423432694378731412e+03  5377720.061815547757 -6.6712091552290076e-04
0005 2021-09-06T02:05:55.000 1.528535113083454780e+04 3.398937314530518961e+03  5377774.170395325869 -2.7245263026998146e-03
0005 2021-09-06T02:06:05.000 1.404206379436057614e+04 3.342568301681941648e+03  5377828.361879043281 +1.8825833124083149e-03
0005 2021-09-06T02:06:15.000 1.467857831660677402e+04 3.241171070727211827e+03  5377882.615676010028 -7.5324944606336430e-03
0005 2021-09-06T02:06:25.000 1.404134323292811132e+04 3.199587056843726714e+03  5377936.961738800630 -1.1137310666526901e-03
0005 2021-09-06T02:06:35.000 1.339236502700763594e+04 3.218212882018263826e+03  5377991.374334508553 -4.6911156914575258e-03
0005 2021-09-06T02:06:45.000 1.251955885699502869e+04 3.246648528328504653e+03  5378045.875643217005 +3.8178121645842111e-03
0005 2021-09-06T02:06:55.000 1.452136548304623648e+04 3.384326820331324143e+03  5378100.434696706012 -6.6533346034702845e-03
0005 2021-09-06T02:07:05.000 1.428597834422189953e+04 3.343290158297560083e+03  5378155.077881954610 -9.8162952938309900e-03
0005 2021-09-06T02:07:15.000 1.541548769651089424e+04 3.329180800476474815e+03  5378209.807453612797 -3.5156849459099249e-03
0005 2021-09-06T02:07:25.000 1.515251645736639512e+04 3.399908285369396708e+03  5378264.607874671929 -3.3883364150142370e-03
0005 2021-09-06T02:07:35.000 1.430917973206634815e+04 3.394651895504397089e+03  5378319.482290432788 -6.3893285220046891e-03
0005 2021-09-06T02:07:45.000 1.355448969761503213e+04 3.349554215742277393e+03  5378374.444989523850 +1.6690214603158893e-03
0005 2021-09-06T02:07:55.000 1.417854082652575198e+04 3.346223599114888657e+03  5378429.475489783101 +2.0304274062254993e-04
0005 2021-09-06T02:08:05.000 1.530346909379897807e+04 3.284856662644448988e+03  5378484.598882020451 +1.4201465627365906e-02
0005 2021-09-06T02:08:15.000 1.490316624233503535e+04 3.317094981999996889e+03  5378539.775393616408 +3.7890210463729086e-03
0005 2021-09-06T02:08:25.000 1.435671915043580884e+04 3.450521796138064474e+03  5378595.035663391463 -4.9870569284848898e-04
0005 2021-09-06T02:08:35.000 1.488247159355105941e+04 3.446306959700791140e+03  5378650.379912821576 +1.4559588014435576e-03
0005 2021-09-06T02:08:45.000 1.454179360617032034e+04 3.413463585062739185e+03  5378705.805862164125 +7.2688749270355393e-03
0005 2021-09-06T02:08:55.000 1.559129453455249131e+04 3.384690241184130173e+03  5378761.298772623762 +2.0962670130302290e-03
0005 2021-09-06T02:09:05.000 1.470386153797560837e+04 3.463240578721892689e+03  5378816.878356871195 +5.5452342762691842e-03
0005 2021-09-06T02:09:15.000 1.457442112053928395e+04 3.494885955917816318e+03  5378872.519250844605 -7.8544518078160763e-03
0005 2021-09-06T02:09:25.000 1.486204797616471660e+04 3.459321622104935159e+03  5378928.259928478859 +2.6437980454829813e-04
0005 2021-09-06T02:09:35.000 1.594314199462352735e+04 3.416480272045241691e+03  5378984.078240120783 +7.6447068829565987e-03
0005 2021-09-06T02:09:45.000 1.518466705789234766e+04 3.472682228787121403e+03  5379039.958715647459 -1.2915624998868225e-03
0005 2021-09-06T02:09:55.000 1.510099463513039154e+04 3.521528364068586143e+03  5379095.921104295179 -6.9037728982266336e-03
0005 2021-09-06T02:10:05.000 1.520636580006540316e+04 3.548389423426062422e+03  5379151.966908996925 -7.7981860707723172e-03
0005 2021-09-06T02:10:15.000 1.431372156190719943e+04 3.488992080518286002e+03  5379208.092801081948 -7.4132834886313503e-03
0005 2021-09-06T02:10:25.000 1.571559072110396846e+04 3.436677050507056720e+03  5379264.304119177163 -5.2086538482853939e-04
0005 2021-09-06T02:10:35.000 1.427752972615876024e+04 3.467249729386259787e+03  5379320.590294369496 +2.1990988580000703e-03
0005 2021-09-06T02:10:45.000 1.461578394382380429e+04 3.486574621656724958e+03  5379376.947916947305 -2.7747788083161140e-03
0005 2021-09-06T02:10:55.000 1.431343656652794743e+04 3.418853238967528341e+03  5379433.395470445044 +2.9287236436630337e-03
0005 2021-09-06T02:11:05.000 1.519412159147708007e+04 3.459461058212874832e+03  5379489.917550615035 +3.7924154299844304e-03
0005 2021-09-06T02:11:15.000 1.461082599271983418e+04 3.406600077919517389e+03  5379546.520636101253 +6.1813570513322702e-03
0005 2021-09-06T02:11:25.000 1.306761366951454875e+04 3.396563522196332087e+03  5379603.196002599783 +1.2570230519486358e-03
0005 2021-09-06T02:11:35.000 1.202899006608891978e+04 3.403897137218337775e+03  5379659.953766021878 -9.7954617717732617e-04
0005 2021-09-06T02:11:45.000 1.536126143627786769e+04 3.479955078299058187e+03  5379716.799446263351 +4.8760290345626345e-03
0005 2021-09-06T02:11:55.000 1.603524893565767525e+04 3.508070844994621439e+03  5379773.710939906538 -3.3958375431666354e-03
0005 2021-09-06T02:12:05.000 1.514703726488337634e+04 3.447155131635810449e+03  5379830.715696131811 +1.5372084154705590e-03
0005 2021-09-06T02:12:15.000 1.431850286023267290e+04 3.534962896010458280e+03  5379887.788943879306 -5.2133732989432247e-03
0005 2021-09-06T02:12:25.000 1.527726062412954343e+04 3.414003954347970193e+03  5379944.954251268879 -1.9761313535582303e-04
0005 2021-09-06T02:12:35.000 1.290146976212190202e+04 3.442688430873912694e+03  5380002.188655963168 -6.4966604380742874e-03
0005 2021-09-06T02:12:45.000 1.523757204156748776e+04 3.486392902149163547e+03  5380059.512877030298 -3.5109304883462755e-03
0005 2021-09-06T02:12:55.000 1.241506844894225651e+04 3.471186302862152843e+03  5380116.916945593432 -1.3294561894099388e-03
0005 2021-09-06T02:13:05.000 1.507368395229322050e+04 3.514928492269004892e+03  5380174.401965255849 +1.0305303152335910e-03
0005 2021-09-06T02:13:15.000 1.192855356335802753e+04 3.444672463143996083e+03  5380231.969958305359 +5.4698053777428868e-03
0005 2021-09-06T02:13:25.000 1.369457072869111471e+04 3.402568956757696469e+03  5380289.618200968951 +9.1423911632091386e-03
0005 2021-09-06T02:13:35.000 1.354797667261922288e+04 3.372759973755587453e+03  5380347.342886848375 +8.1190082814828184e-03
0005 2021-09-06T02:13:45.000 1.373484829012330374e+04 3.360874570819960809e+03  5380405.144408020191 +2.6681494706508602e-03
0005 2021-09-06T02:13:55.000 1.468325342826398810e+04 3.486110683312952915e+03  5380463.022817207500 -7.2817334920500798e-03
0005 2021-09-06T02:14:05.000 1.354495713134245671e+04 3.435139604147690989e+03  5380520.995118817315 -4.8512027192373353e-03
0005 2021-09-06T02:14:15.000 1.301688273934412791e+04 3.470945042365282916e+03  5380579.054796201177 +3.3174124414472321e-03
0005 2021-09-06T02:14:25.000 1.440685666167123964e+04 3.423848935134758449e+03  5380637.185593605973 +8.4197930834761792e-04
0005 2021-09-06T02:14:35.000 1.498033032631413880e+04 3.341946675466189390e+03  5380695.412791159935 +1.2875539903006938e-02
0005 2021-09-06T02:14:45.000 1.527365595406263128e+04 3.461207193141657626e+03  5380753.709119535983 +1.2020960466088582e-02
0005 2021-09-06T02:14:55.000 1.431335048376556733e+04 3.451949216180502845e+03  5380812.080189820379 +3.7608066730854257e-03
0005 2021-09-06T02:15:05.000 1.505253715886093596e+04 3.578225703718047043e+03  5380870.527368281037 -1.0667891894286186e-02
0005 2021-09-06T02:15:15.000 1.487320114153541181e+04 3.503409926844858546e+03  5380929.079010289162 -3.0397276411804341e-03
0005 2021-09-06T02:15:25.000 1.722527880468005242e+04 3.525581423369866570e+03  5380987.694588422775 -1.4012817326488404e-02
0005 2021-09-06T02:15:35.000 1.500260525638084619e+04 3.582943116496308903e+03  5381046.410361587070 -7.4596749716420163e-03
0005 2021-09-06T02:15:45.000 1.493380807423701117e+04 3.542317699625916703e+03  5381105.207289591432 -2.5526510094096007e-03
0005 2021-09-06T02:15:55.000 1.723728745226307001e+04 3.642505440530079795e+03  5381164.085408043116 +6.1097009108834754e-04
0005 2021-09-06T02:16:05.000 1.545646383796776718e+04 3.550328131223508990e+03  5381223.039027530700 -3.7918641704663969e-03
0005 2021-09-06T02:16:15.000 1.560390608915702796e+04 3.657728195789040910e+03  5381282.085990889929 +1.9473003668508679e-03
0005 2021-09-06T02:16:25.000 1.403885260127730362e+04 3.610965090967661581e+03  5381341.209391769022 +7.8698198512938699e-04
0005 2021-09-06T02:16:35.000 1.416916359998600637e+04 3.558284451627774160e+03  5381400.413202537224 -3.4363354749302744e-03
0005 2021-09-06T02:16:45.000 1.374116495113548808e+04 3.549333178281531218e+03  5381459.711213803850 +2.9313163946653726e-03
0005 2021-09-06T02:16:55.000 1.237171480844831603e+04 3.506599666237652400e+03  5381519.091679112986 +8.0060837793780593e-03
0005 2021-09-06T02:17:05.000 1.521873249438190396e+04 3.437355317698212730e+03  5381578.543796638958 +8.4797634360711516e-04
0005 2021-09-06T02:17:15.000 1.474594497846454033e+04 3.379884676857595878e+03  5381638.084774019197 -1.4742998340580016e-03
0005 2021-09-06T02:17:25.000 1.495431708323819475e+04 3.314530541610592991e+03  5381697.716607032344 +2.8953362722177189e-03
0005 2021-09-06T02:17:35.000 1.309956474830428488e+04 3.405820508056556719e+03  5381757.437051087618 +1.1571813898171968e-02
0005 2021-09-06T02:17:45.000 1.515690349303761468e+04 3.458592287132600177e+03  5381817.226981412619 +5.2891149153992956e-03
0005 2021-09-06T02:17:55.000 1.737391855743028282e+04 3.527319898523272059e+03  5381877.102275933139 -2.1687389948965571e-04
0005 2021-09-06T02:18:05.000 1.441974918751822770e+04 3.548807411925244196e+03  5381937.062752861530 -5.2707557422309037e-03
0005 2021-09-06T02:18:15.000 1.412876501800386723e+04 3.460564238653797020e+03  5381997.112588224001 -5.8401141727699732e-03
