# Observation conducted on 2021.09.21 at Yg rev. 2
# Base frequency: 8410.00 MHz BW: 2 kHz dF: 0.2 Hz dT: 10.0 s Nscans: 5
# Format: scan | UTC Time |   Signal-to-Noise  |    Spectral max    | Freq detection [Hz] |   Doppler noise [Hz]  |
# 
0001 2021-09-21T03:30:05.000 6.007596570238737513e+03 1.687839450553723054e+03  5406386.167376119643 +1.0812542951032356e-01
0001 2021-09-21T03:30:15.000 2.553639925307209523e+03 9.356862566724013277e+02  5406339.451795957051 -5.5005366902560127e-01
0001 2021-09-21T03:30:25.000 3.310943282762714261e+03 1.004853840643063222e+03  5406294.012935502455 -1.6391614881638361e-01
0001 2021-09-21T03:30:35.000 3.020652214009799081e+03 8.797586430708419130e+02  5406248.032653721981 -5.5108976410213018e-01
0001 2021-09-21T03:30:45.000 3.119426490289528829e+03 8.417007022597269952e+02  5406203.444067623466 +2.2206881976057960e-01
0001 2021-09-21T03:30:55.000 3.182712476368467833e+03 1.086639556694598241e+03  5406157.868455379270 -2.2262317355557568e-01
0001 2021-09-21T03:31:05.000 4.794261288892958873e+03 1.359050430068826245e+03  5406113.096512148157 -9.3919162855399932e-02
0001 2021-09-21T03:31:15.000 5.535052018619527189e+03 1.500367973910540741e+03  5406068.711061520502 +1.9156791694706496e-01
0001 2021-09-21T03:31:25.000 4.226815677100094035e+03 1.202144890791312264e+03  5406024.300996833481 +2.2330658582040999e-01
0001 2021-09-21T03:31:35.000 5.018230805657508427e+03 1.520649749431942382e+03  5405979.889331332408 +2.4896646556953783e-02
0001 2021-09-21T03:31:45.000 4.214344534989719250e+03 1.337632143473275846e+03  5405935.904156851582 +2.5027528805139809e-02
0001 2021-09-21T03:31:55.000 5.639348804864048361e+03 1.507109808477266370e+03  5405892.356729400344 +2.3556354173706492e-01
0001 2021-09-21T03:32:05.000 6.248343598771508368e+03 1.789889044666681912e+03  5405848.450787590817 -1.3913802934666819e-01
0001 2021-09-21T03:32:15.000 4.280729590357219422e+03 1.370403515265875058e+03  5405805.159299543127 -1.2548036813848285e-01
0001 2021-09-21T03:32:25.000 3.266913888118582236e+03 8.827858002411556981e+02  5405762.224347155541 +1.9256827016988609e-02
0001 2021-09-21T03:32:35.000 4.262869114019847075e+03 1.278586536263826019e+03  5405719.068883053027 -2.8132606238386870e-01
0001 2021-09-21T03:32:45.000 5.094331600368333966e+03 1.517710090007330336e+03  5405676.521583002061 -1.9789647992388384e-01
0001 2021-09-21T03:32:55.000 4.664933093592516343e+03 1.370987456252819129e+03  5405634.412695713341 +1.0045976312505900e-01
0001 2021-09-21T03:33:05.000 3.747720713364779840e+03 1.151900403683776403e+03  5405592.180423323065 +5.2618634561895306e-02
0001 2021-09-21T03:33:15.000 3.838218329640406409e+03 1.214690430340035846e+03  5405550.368162472732 +2.0265863217821331e-01
0001 2021-09-21T03:33:25.000 3.881180600806279017e+03 1.150404674709109713e+03  5405508.737540070899 +3.1289620242421279e-01
0001 2021-09-21T03:33:35.000 3.759412690965452839e+03 1.085096537182785141e+03  5405467.332365919836 +4.2783803578925017e-01
0001 2021-09-21T03:33:45.000 4.841939857398881031e+03 1.315073137711418894e+03  5405425.668092725798 +6.3640737341756889e-02
0001 2021-09-21T03:33:55.000 3.775532897405660606e+03 1.192832977899897514e+03  5405384.413801738061 -1.0990385950856307e-01
0001 2021-09-21T03:34:05.000 3.721193661480620904e+03 1.420245881196655546e+03  5405343.920497139916 +2.5892534704928494e-01
0001 2021-09-21T03:34:15.000 3.436876527031270143e+03 1.225774632800757445e+03  5405302.964136879891 -5.3190762107647054e-02
0001 2021-09-21T03:34:25.000 3.380843648324797414e+03 1.090226061288557958e+03  5405262.411804927513 -1.7843961808728179e-01
0001 2021-09-21T03:34:35.000 6.115098219257608434e+03 1.811428363514322427e+03  5405222.548625921831 +1.6903736026506522e-01
0001 2021-09-21T03:34:45.000 6.494778594134081686e+03 1.940735507713640345e+03  5405182.437035348266 +5.2414594844094609e-02
0001 2021-09-21T03:34:55.000 4.565044328592946840e+03 1.326562516017557982e+03  5405142.574157371186 -3.0440143906844241e-02
0001 2021-09-21T03:35:05.000 3.790378179750464824e+03 1.123074356951550044e+03  5405102.486687691882 -5.5208322153032441e-01
0001 2021-09-21T03:35:15.000 3.862676900604454204e+03 1.280809270829343859e+03  5405063.608048364520 -7.8340651586017884e-02
0001 2021-09-21T03:35:25.000 5.192078249127078379e+03 1.718961873415610398e+03  5405024.531694936566 -1.5001300716789956e-02
0001 2021-09-21T03:35:35.000 5.227784053117389703e+03 1.687855499359884789e+03  5404985.283613820560 -3.3531984088290301e-01
0001 2021-09-21T03:35:45.000 4.599345473580874568e+03 1.423308753263845801e+03  5404947.038545357995 +1.3620596713724353e-01
0001 2021-09-21T03:35:55.000 3.840382704693751293e+03 1.297145653561503195e+03  5404908.303971672431 -9.2177195732006112e-02
0001 2021-09-21T03:36:05.000 6.415610475493292142e+03 1.997822974922034746e+03  5404869.931349792518 -1.6824543415600601e-01
0001 2021-09-21T03:36:15.000 3.194527251268115833e+03 1.281531532668398313e+03  5404831.927145566791 -8.4764043602262973e-02
0001 2021-09-21T03:36:25.000 4.764852892871360382e+03 1.571000407011355492e+03  5404793.775278009474 -3.5704351106596727e-01
0001 2021-09-21T03:36:35.000 5.439906006271734441e+03 1.619909663038593180e+03  5404756.324206303805 -1.3585284363557548e-01
0001 2021-09-21T03:36:45.000 6.488071761086131119e+03 1.986659794790652768e+03  5404718.852443539537 -1.4190616517669241e-01
0001 2021-09-21T03:36:55.000 5.879182736909660889e+03 1.891623541335266509e+03  5404681.428742682561 -3.0567708409432726e-01
0001 2021-09-21T03:37:05.000 4.582946999106593466e+03 1.316625596675255565e+03  5404644.536070576869 -1.4342502476881691e-01
0001 2021-09-21T03:37:15.000 4.146538646961963423e+03 1.240508284064825148e+03  5404608.368035978638 +5.3923246752265197e-01
0001 2021-09-21T03:37:25.000 5.383923604015345518e+03 1.689446611379654769e+03  5404571.488297913224 +3.0672775357822962e-01
0001 2021-09-21T03:37:35.000 3.974471558612309764e+03 1.316053264604008746e+03  5404534.942385965027 +2.0536304632764768e-01
0001 2021-09-21T03:37:45.000 4.398076991743456347e+03 1.464626686656891707e+03  5404498.878639544360 +3.8424935428758999e-01
0001 2021-09-21T03:37:55.000 5.053765668205388465e+03 1.494303921610782709e+03  5404462.898617031053 +4.4571527777100073e-01
0001 2021-09-21T03:38:05.000 5.853126487530717895e+03 1.740886990292043492e+03  5404426.663410949521 +5.1621855215557837e-02
0001 2021-09-21T03:38:15.000 4.010638810161958190e+03 1.311594848705539107e+03  5404391.054032571614 +8.3746829380743293e-02
0001 2021-09-21T03:38:25.000 3.120925796908511074e+03 9.264861605033272554e+02  5404355.798640928231 +2.7101332182121496e-01
0001 2021-09-21T03:38:35.000 4.280429426314065495e+03 1.382645476583483514e+03  5404320.254208855331 -2.8844453147144119e-02
0001 2021-09-21T03:38:45.000 3.391618066390099557e+03 9.720239986574034674e+02  5404285.265214572661 +2.9410049063017141e-02
0001 2021-09-21T03:38:55.000 6.181742300273071123e+03 1.657883674418201963e+03  5404250.394379668869 +9.2533613823206889e-03
0001 2021-09-21T03:39:05.000 3.383773678019302224e+03 1.032749970899847540e+03  5404215.415922507644 -3.1434493447397927e-01
0001 2021-09-21T03:39:15.000 3.893224952974412645e+03 1.114079547653122063e+03  5404181.192570820451 -7.7909940164204272e-02
0001 2021-09-21T03:39:25.000 3.503713387362832691e+03 1.146023769205351982e+03  5404146.857499516569 -1.4752397157701580e-01
0001 2021-09-21T03:39:35.000 2.529110171896577413e+03 8.083887194163687582e+02  5404113.213695276529 +2.8053769455141264e-01
0001 2021-09-21T03:39:45.000 4.464550087468194761e+03 1.441496793170160799e+03  5404078.733565385453 -3.2058467447905054e-01
0001 2021-09-21T03:39:55.000 3.210997013362456528e+03 9.400025020907180533e+02  5404045.584371232428 +2.1709789730755347e-01
0001 2021-09-21T03:40:05.000 6.562076131393730066e+03 1.733164690920297971e+03  5404012.290848867036 +4.1904331060766248e-01
0001 2021-09-21T03:40:15.000 6.301753569428497940e+03 1.768003629910361497e+03  5403978.989595741034 +4.2256480003220526e-01
0001 2021-09-21T03:40:25.000 4.868813296707374320e+03 1.447277969590860494e+03  5403945.283438111655 -1.6880199939805607e-01
0001 2021-09-21T03:40:35.000 4.792198944127039795e+03 1.537276550596316383e+03  5403912.131019473076 -3.9571095519636401e-01
0001 2021-09-21T03:40:45.000 7.296575207519398646e+03 2.106372311172808622e+03  5403879.597137692384 -1.9266863731309056e-01
0001 2021-09-21T03:40:55.000 5.566505036184480559e+03 1.658815556300522076e+03  5403847.178438204341 -6.2341461574078494e-02
0001 2021-09-21T03:41:05.000 7.224152815735822514e+03 2.031659833405444715e+03  5403814.795185472816 -8.3784553266355019e-02
0001 2021-09-21T03:41:15.000 4.289602905120320429e+03 1.273488018058430725e+03  5403782.806817343459 +1.0311225201405703e-01
0001 2021-09-21T03:41:25.000 5.016086587860701002e+03 1.515227661286546436e+03  5403751.025715836324 +3.1139488548080863e-01
0001 2021-09-21T03:41:35.000 3.476729471997521614e+03 1.138379493160378843e+03  5403718.769302865490 -1.4085958731868686e-01
0001 2021-09-21T03:41:45.000 4.107594827071567124e+03 1.137003428770217170e+03  5403687.236924240366 -5.3659290195355432e-02
0001 2021-09-21T03:41:55.000 4.154145441192844373e+03 1.154445698429501817e+03  5403655.774737102911 -8.0210439641405173e-02
0001 2021-09-21T03:42:05.000 4.092161419806976028e+03 1.137139062101005948e+03  5403624.324026764371 -2.7860083800305802e-01
0001 2021-09-21T03:42:15.000 4.195731192032775652e+03 1.180153542800089099e+03  5403593.362435390241 -1.7057153366943112e-01
0001 2021-09-21T03:42:25.000 5.452309153795432394e+03 1.531700260312829641e+03  5403562.443608149886 -2.0187099741644943e-01
0001 2021-09-21T03:42:35.000 4.095698321999853761e+03 1.428108465780983124e+03  5403531.831938184798 -1.0751049275120296e-01
0001 2021-09-21T03:42:45.000 3.458944710390048385e+03 1.078356930823886387e+03  5403501.327838568948 -8.6492452573793344e-02
0001 2021-09-21T03:42:55.000 4.211093246497335713e+03 1.560923729358047240e+03  5403471.222751324996 +1.5319820071715640e-01
0001 2021-09-21T03:43:05.000 2.716179148410612470e+03 9.125401822851492852e+02  5403441.070870588534 +1.6631689056055166e-01
0001 2021-09-21T03:43:15.000 6.083032616923419482e+03 1.933605674669543987e+03  5403410.740811017342 -1.7797255063010198e-01
0001 2021-09-21T03:43:25.000 3.309324307050814241e+03 1.191401022650480400e+03  5403380.895727083087 -2.1597891550084117e-01
0001 2021-09-21T03:43:35.000 4.221933506371569820e+03 1.258646645757626857e+03  5403351.313897195272 -1.6889983540852427e-01
0001 2021-09-21T03:43:45.000 4.142969935253754556e+03 1.225757655858202725e+03  5403322.238979229704 +2.0743340795240783e-01
0001 2021-09-21T03:43:55.000 3.567857609133270216e+03 1.124653307020233569e+03  5403292.670358307660 -8.7096669442757957e-02
0001 2021-09-21T03:44:05.000 4.471898843106326240e+03 1.269069057772318047e+03  5403263.885053855367 +2.2501296938025919e-01
0001 2021-09-21T03:44:15.000 4.891412820927119355e+03 1.691345418628644666e+03  5403234.915907081217 +1.7707302329779395e-01
0001 2021-09-21T03:44:25.000 2.536291606728952047e+03 8.980077114437651744e+02  5403205.817151520401 -1.7622794160729427e-01
0001 2021-09-21T03:44:35.000 5.229206248334197880e+03 1.337138009442143584e+03  5403177.648872449063 +2.2563560119863268e-01
0001 2021-09-21T03:44:45.000 5.276206010166828491e+03 1.420452599747615295e+03  5403149.467627366073 +4.3964626364345349e-01
0001 2021-09-21T03:44:55.000 3.760534652495496630e+03 1.180906062990247619e+03  5403120.563231203705 -2.4397136375944228e-01
0001 2021-09-21T03:45:05.000 3.499043761980907220e+03 1.012934529802697625e+03  5403092.686302024871 -7.4205360283826863e-02
0001 2021-09-21T03:45:15.000 4.522535853719631632e+03 1.392613140255112512e+03  5403064.960707870312 +7.3190041697216657e-02
0001 2021-09-21T03:45:25.000 5.859427738861172656e+03 1.616462150418286683e+03  5403036.981060473248 -2.0681216396530999e-01
0001 2021-09-21T03:45:35.000 4.278254442186420420e+03 1.197475281563997896e+03  5403009.361632349901 -2.9959501245809861e-01
0001 2021-09-21T03:45:45.000 4.078381727180460985e+03 1.262960725429536751e+03  5402982.118900190108 -1.8835449393759521e-01
0001 2021-09-21T03:45:55.000 4.555026768613082822e+03 1.414130623658470313e+03  5402954.942834731191 -1.8281003066294943e-01
0001 2021-09-21T03:46:05.000 4.613114340013675246e+03 1.325856881857379676e+03  5402928.103829210624 -1.2276352880803644e-02
0001 2021-09-21T03:46:15.000 3.407441870537527848e+03 1.085717981547839599e+03  5402901.142347254790 -1.3601595038755931e-01
0001 2021-09-21T03:46:25.000 3.765916748247886517e+03 1.239504860621845182e+03  5402875.123160676099 +5.1099839568132666e-01
0001 2021-09-21T03:46:35.000 3.518400750991617770e+03 1.083628533458580705e+03  5402848.560073091649 +4.4280689079369040e-01
0001 2021-09-21T03:46:45.000 3.700874365349872733e+03 1.014728623279738827e+03  5402821.923630711623 +1.3017318169647751e-01
0001 2021-09-21T03:46:55.000 3.416940960837193416e+03 1.095898422751889257e+03  5402795.863357620314 +2.2281930473081960e-01
0001 2021-09-21T03:47:05.000 2.613518824581008630e+03 7.935159797505170900e+02  5402769.150633200072 -5.0769723174164483e-01
0001 2021-09-21T03:47:15.000 3.105628471808312952e+03 9.578832578258392232e+02  5402743.936129364185 +8.9453453839610106e-02
0001 2021-09-21T03:47:25.000 4.384860083418548129e+03 1.347946255819833823e+03  5402718.194638960995 -1.0798312086194528e-02
0001 2021-09-21T03:47:35.000 5.865212886633464223e+03 1.669671317924821551e+03  5402692.829483293928 +9.4985416517829435e-02
0001 2021-09-21T03:47:45.000 4.062618771936156918e+03 1.180603935242259922e+03  5402667.231831918471 -2.0193031926612548e-01
0001 2021-09-21T03:47:55.000 4.865936785723717549e+03 1.326667582740344415e+03  5402642.201651318930 -1.0150505305875868e-01
0001 2021-09-21T03:48:05.000 4.127096190539732561e+03 1.275870722424415590e+03  5402617.316484792158 -2.6143341850001889e-02
0001 2021-09-21T03:48:15.000 5.093166794882838985e+03 1.570109971734904775e+03  5402592.555981343612 +3.8337964134598224e-03
0002 2021-09-21T03:50:05.000 4.770077937700689290e+03 1.353092833978467525e+03  5402329.791402206756 +5.6116239598509310e-02
0002 2021-09-21T03:50:15.000 4.866525525257856316e+03 1.379266254781045973e+03  5402306.927608120255 +9.2703996915474818e-02
0002 2021-09-21T03:50:25.000 3.572923504322699046e+03 1.029258412308758352e+03  5402283.986566185020 -1.0741802622430896e-01
0002 2021-09-21T03:50:35.000 3.963907172923469716e+03 1.201214622056077815e+03  5402261.433124662377 -7.8732304076197579e-02
0002 2021-09-21T03:50:45.000 6.317182875016361322e+03 1.980633129710462754e+03  5402238.884688716382 -2.0317878896241839e-01
0002 2021-09-21T03:50:55.000 4.232759039855628544e+03 1.284757712942369153e+03  5402216.911441830918 +9.0066787620571631e-02
0002 2021-09-21T03:51:05.000 3.698855375462879238e+03 9.992532826819159482e+02  5402194.737892853096 +2.6140241426219287e-02
0002 2021-09-21T03:51:15.000 3.607261233058041398e+03 1.139999377172089908e+03  5402172.841521436349 +8.3134657928894740e-02
0002 2021-09-21T03:51:25.000 3.883966697214539181e+03 1.404646480775775899e+03  5402151.349220382981 +3.8854300921923368e-01
0002 2021-09-21T03:51:35.000 3.817611506188191925e+03 1.440251735069074357e+03  5402129.732608105056 +4.1457090050255374e-01
0002 2021-09-21T03:51:45.000 5.243648569970497192e+03 1.636302955369696292e+03  5402107.785491176881 -4.4400597246863072e-02
0002 2021-09-21T03:51:55.000 3.436632315634806218e+03 1.240722686434530715e+03  5402086.347160369158 -1.4851863464878079e-01
0002 2021-09-21T03:52:05.000 3.648634681420679954e+03 1.082713243056774445e+03  5402065.162984459661 -1.5186449096574961e-01
0002 2021-09-21T03:52:15.000 7.290520691593415904e+03 2.064506906808433541e+03  5402044.229817061685 -5.7046470479917837e-02
0002 2021-09-21T03:52:25.000 4.324429691293705218e+03 1.285814898621071507e+03  5402023.320760632865 -9.0435607815379612e-02
0002 2021-09-21T03:52:35.000 5.262123998777508859e+03 1.521625924778489889e+03  5402002.882670043968 +1.9533817868591541e-01
0002 2021-09-21T03:52:45.000 2.820303486345476358e+03 8.759233632950378023e+02  5401982.176293891855 +6.1527680151471031e-02
0002 2021-09-21T03:52:55.000 4.379018192601831288e+03 1.440533014947888660e+03  5401961.500031313859 -1.9297450845658656e-01
0002 2021-09-21T03:53:05.000 5.047442356549292526e+03 1.492923104244191109e+03  5401941.502213994041 +8.0646297928979038e-02
0002 2021-09-21T03:53:15.000 5.267672282825555158e+03 1.612833143323178319e+03  5401921.313199601136 +1.3220594697713750e-02
0002 2021-09-21T03:53:25.000 4.821085810488369134e+03 1.412654467868289203e+03  5401901.254029246047 -7.3747580281406044e-02
0002 2021-09-21T03:53:35.000 5.222799146205708894e+03 1.612955109638304748e+03  5401881.668986889534 +1.6447905016684672e-01
0002 2021-09-21T03:53:45.000 4.121053636861493942e+03 1.134550881874402421e+03  5401861.572278036736 -2.5745003170175096e-01
0002 2021-09-21T03:53:55.000 6.334741860756615097e+03 1.902003121545833665e+03  5401842.150649125688 -1.5235346381996351e-01
0002 2021-09-21T03:54:05.000 4.050156096786392936e+03 1.311808222966377571e+03  5401822.831742347218 -9.2162910260299200e-02
0002 2021-09-21T03:54:15.000 5.751025568109305823e+03 1.919249077208509107e+03  5401803.674977859482 -1.7040555814219260e-02
0002 2021-09-21T03:54:25.000 5.580836780857532176e+03 1.624000087539077867e+03  5401784.728671050631 +1.2173842243532818e-01
0002 2021-09-21T03:54:35.000 4.564551231229565019e+03 1.417651950868162203e+03  5401765.588921043091 -7.9325346603354774e-02
0002 2021-09-21T03:54:45.000 3.968949884175283387e+03 1.207313240488268320e+03  5401746.815786144696 -5.9779709185477259e-02
0002 2021-09-21T03:54:55.000 5.797357320723278463e+03 1.859748810408560303e+03  5401728.375607097521 +1.4710255347051773e-01
0002 2021-09-21T03:55:05.000 4.104872175663804228e+03 1.203346806970163698e+03  5401709.437608506531 -2.8907457301988870e-01
0002 2021-09-21T03:55:15.000 7.366357294490958338e+03 2.133203176921858812e+03  5401691.339589015581 -3.0139880860588164e-02
0002 2021-09-21T03:55:25.000 4.723975772726447758e+03 1.360746476390177577e+03  5401673.145484927110 -1.1791028665015800e-02
0002 2021-09-21T03:55:35.000 3.009885390455702236e+03 8.369549492289326054e+02  5401655.322089367546 +2.3312488356907576e-01
0002 2021-09-21T03:55:45.000 3.573679116677667935e+03 1.085021388093064388e+03  5401637.425272196531 +2.6083152659543885e-01
0002 2021-09-21T03:55:55.000 4.912506080049829507e+03 1.630921809983857656e+03  5401619.456651874818 +7.3295470795301312e-02
0002 2021-09-21T03:56:05.000 2.979021720521534007e+03 9.291666541546114786e+02  5401601.752568777651 +7.1997912087908844e-03
0002 2021-09-21T03:56:15.000 4.802992436630566772e+03 1.610766516456472345e+03  5401584.263635011390 +1.3494163458631192e-02
0002 2021-09-21T03:56:25.000 3.452334150255750501e+03 1.107238829235112689e+03  5401566.832415921614 -6.4923354114739595e-02
0002 2021-09-21T03:56:35.000 3.999645890948328088e+03 1.041367074283715510e+03  5401549.708945056424 +2.2308929791051924e-02
0002 2021-09-21T03:56:45.000 4.360059941359043478e+03 1.304285417889502469e+03  5401532.677731894888 +6.0024343666327695e-02
0002 2021-09-21T03:56:55.000 2.450107423462188763e+03 8.575768687476526111e+02  5401515.517373304814 -1.7286040761780441e-01
0002 2021-09-21T03:57:05.000 2.492744933487283561e+03 8.827084501098175906e+02  5401498.858343848027 -4.5554656837680334e-02
0002 2021-09-21T03:57:15.000 4.784045383696503450e+03 1.433211762279022878e+03  5401482.553478102200 +2.9508882886614174e-01
0002 2021-09-21T03:57:25.000 3.723607652333857004e+03 1.414160173027630663e+03  5401465.996042723767 +2.4264618717052144e-01
0002 2021-09-21T03:57:35.000 4.558593956163143048e+03 1.268343638849273020e+03  5401449.420304195955 +3.1690490473124555e-02
0002 2021-09-21T03:57:45.000 4.166191667044956375e+03 1.429022291597855656e+03  5401433.123142546043 -4.0594249870991923e-02
0002 2021-09-21T03:57:55.000 4.642678350750615209e+03 1.220387571740094700e+03  5401416.934462328441 -1.4400183507530073e-01
0002 2021-09-21T03:58:05.000 5.828654794160686833e+03 1.984257903250805612e+03  5401401.148808107711 +1.6311897884634163e-02
0002 2021-09-21T03:58:15.000 5.401430322952944152e+03 1.444240295818905224e+03  5401385.222970487550 -1.0256461982805833e-01
0002 2021-09-21T03:58:25.000 7.445733937717314802e+03 2.059128778089820116e+03  5401369.687840248458 +3.0555729483808136e-02
0002 2021-09-21T03:58:35.000 7.297604879951257317e+03 2.161522345305594172e+03  5401354.140507537872 +1.3058219785648362e-02
0002 2021-09-21T03:58:45.000 3.969768242577022193e+03 1.281341146569991906e+03  5401338.743909456767 +8.1741456702957294e-03
0002 2021-09-21T03:58:55.000 5.384530968407434557e+03 1.747858329168034288e+03  5401323.454971120693 -2.6877829276486409e-02
0002 2021-09-21T03:59:05.000 3.415932828026100196e+03 1.135984047558272323e+03  5401308.343037950806 -2.2459109358237583e-02
0002 2021-09-21T03:59:15.000 4.391479949950278751e+03 1.396380980797492612e+03  5401293.434180895798 +4.7794341902317683e-02
0002 2021-09-21T03:59:25.000 4.851939586212064569e+03 1.387733481540856019e+03  5401278.312917504460 -2.3130664965322009e-01
0002 2021-09-21T03:59:35.000 4.804230427006023092e+03 1.300735609154308349e+03  5401263.734748432413 -1.0396768348311980e-01
0002 2021-09-21T03:59:45.000 4.804594938044995615e+03 1.448150656597522357e+03  5401249.104675816372 -1.6489212017245336e-01
0002 2021-09-21T03:59:55.000 6.202325270785071552e+03 2.022226037059716873e+03  5401234.646451811306 -1.9003227684311241e-01
0002 2021-09-21T04:00:05.000 4.463028481288084549e+03 1.345516350001224509e+03  5401220.689797994681 +1.5063026490713582e-01
0002 2021-09-21T04:00:15.000 4.024233417457008727e+03 1.154742565999564476e+03  5401206.377997974865 +6.7754618828530511e-04
0002 2021-09-21T04:00:25.000 4.054039371931372898e+03 1.134763953416776303e+03  5401192.692037696950 +3.4139581634178734e-01
0002 2021-09-21T04:00:35.000 5.367614696721304426e+03 1.682737754206307955e+03  5401178.526918664575 +6.8089032965644947e-02
0002 2021-09-21T04:00:45.000 5.272186878782553322e+03 1.526012274468891064e+03  5401164.597981092520 -1.0359769856847834e-01
0002 2021-09-21T04:00:55.000 9.028296233881805165e+03 2.341066482604329394e+03  5401151.147423597984 +6.8841836598835471e-02
0002 2021-09-21T04:01:05.000 4.071474165536507371e+03 1.230288074102640621e+03  5401137.738265784457 +1.4873783675670893e-01
0002 2021-09-21T04:01:15.000 3.978947478327886984e+03 1.106819348672971500e+03  5401123.936879727989 -2.9722376078393609e-01
0002 2021-09-21T04:01:25.000 4.779058123026563408e+03 1.491744962411878760e+03  5401111.161346241832 +1.4935527690829531e-01
0002 2021-09-21T04:01:35.000 4.382750014413937606e+03 1.324622619795560468e+03  5401098.308612665161 +3.8574354113666232e-01
0002 2021-09-21T04:01:45.000 4.484581143381180482e+03 1.180732625655971560e+03  5401085.611922927201 +6.4551031991322816e-01
0002 2021-09-21T04:01:55.000 3.840878306025259008e+03 1.219266549963037960e+03  5401071.989289471880 -1.5300218300774304e-01
0002 2021-09-21T04:02:05.000 3.023713242474385424e+03 8.821776304840824423e+02  5401059.543494412675 +9.3322575291722387e-02
0002 2021-09-21T04:02:15.000 5.509497871540135748e+03 1.517310041311928217e+03  5401046.550240135752 -3.3947363618915460e-01
0002 2021-09-21T04:02:25.000 4.388496608091514645e+03 1.338389938018263820e+03  5401034.234260784462 -2.2631205562004200e-01
0002 2021-09-21T04:02:35.000 4.219549474478714728e+03 1.389597143845111987e+03  5401021.663205793127 -4.9919311999235561e-01
0002 2021-09-21T04:02:45.000 6.878832987008263444e+03 1.827078215557452040e+03  5401009.720419749618 -2.7441631196597882e-01
0002 2021-09-21T04:02:55.000 5.135856386570695577e+03 1.497694681937941141e+03  5400997.913370196708 -4.4152093627758397e-02
0002 2021-09-21T04:03:05.000 4.173802092884331614e+03 1.135424151889931636e+03  5400986.068462020718 +1.8372778039974943e-02
0002 2021-09-21T04:03:15.000 4.409450329121339564e+03 1.369739642266677265e+03  5400974.505312277004 +2.3315034567167456e-01
0002 2021-09-21T04:03:25.000 4.828144646447497507e+03 1.325676415753648371e+03  5400962.565169887617 -5.8188563294947926e-02
0002 2021-09-21T04:03:35.000 4.190704210410635824e+03 1.505753104409368461e+03  5400951.058853500523 -4.4436204096655281e-02
0002 2021-09-21T04:03:45.000 3.584570266082039780e+03 1.169417726984949695e+03  5400939.998809387907 +2.8725026886877458e-01
0002 2021-09-21T04:03:55.000 5.000493647536422031e+03 1.486777246415636228e+03  5400928.348041743971 -9.9720619439835900e-02
0002 2021-09-21T04:04:05.000 5.504977268191372787e+03 1.425778568405079113e+03  5400917.510370505042 +1.9888343059608360e-01
0002 2021-09-21T04:04:15.000 4.873556652388250768e+03 1.459481717157220601e+03  5400906.098299712874 -2.0401285986156381e-01
0002 2021-09-21T04:04:25.000 4.901018819121860361e+03 1.403042199231884297e+03  5400895.299710611813 -1.2009896857682634e-01
0002 2021-09-21T04:04:35.000 4.124761929774303098e+03 1.292816892567184368e+03  5400885.112213199958 +4.4867325434029226e-01
0002 2021-09-21T04:04:45.000 3.422510873044372147e+03 1.071675375372641838e+03  5400874.157049073838 +1.2399271328683879e-01
0002 2021-09-21T04:04:55.000 3.607454565603358333e+03 1.098796442799685110e+03  5400863.481680465862 -4.6221614511296139e-02
0002 2021-09-21T04:05:05.000 5.665550001954901745e+03 1.505611963617432821e+03  5400853.102737222798 -4.4873419840882889e-02
0002 2021-09-21T04:05:15.000 5.488751951502705197e+03 1.602005931675395686e+03  5400843.136284044944 +2.4457845354436361e-01
0002 2021-09-21T04:05:25.000 3.732719573988217689e+03 1.023735097156547567e+03  5400832.885212448426 +1.2551225862546289e-01
0002 2021-09-21T04:05:35.000 5.719164395286335093e+03 1.529370052833785621e+03  5400823.364318876527 +6.1322173210214725e-01
0002 2021-09-21T04:05:45.000 4.452110776241867825e+03 1.366298612511372312e+03  5400812.901966017671 +3.6577690284843811e-02
0002 2021-09-21T04:05:55.000 5.716289804853969144e+03 1.661021405566782505e+03  5400803.181208973750 +7.9154481501404916e-02
0002 2021-09-21T04:06:05.000 3.630342480610319853e+03 1.187272638663426733e+03  5400793.181184452027 -2.7938054153844405e-01
0002 2021-09-21T04:06:15.000 3.245834484020629134e+03 9.652352204601793346e+02  5400783.305316179059 -6.3506132817030891e-01
0002 2021-09-21T04:06:25.000 4.727385178250518038e+03 1.615846148241720812e+03  5400774.491457812488 -4.9479942093853424e-02
0002 2021-09-21T04:06:35.000 4.379680170890804220e+03 1.262837416358923292e+03  5400765.133941558190 -1.2773765848658061e-01
0002 2021-09-21T04:06:45.000 3.119980795041567035e+03 9.904346302112729745e+02  5400755.834755236283 -2.6726761801228349e-01
0002 2021-09-21T04:06:55.000 4.419145982855063266e+03 1.419413670269290833e+03  5400746.804529352114 -2.5684748259266144e-01
0002 2021-09-21T04:07:05.000 5.201026067960177897e+03 1.650114972151963229e+03  5400738.137419070117 -1.7171715786616917e-03
0002 2021-09-21T04:07:15.000 5.742526383975260615e+03 1.608900621817015690e+03  5400729.124915206805 -2.0976759483448856e-01
0002 2021-09-21T04:07:25.000 4.515770541006492749e+03 1.256358434084733972e+03  5400720.381917501800 -2.6546710155105302e-01
0002 2021-09-21T04:07:35.000 5.013827238896269591e+03 1.450024194825492486e+03  5400712.192810691893 +1.1621487773345508e-01
0002 2021-09-21T04:07:45.000 3.936753841419660148e+03 1.230582385745314014e+03  5400703.654607942328 +3.2951538981592421e-02
0002 2021-09-21T04:07:55.000 8.565372834605928801e+03 2.333864700631411779e+03  5400695.157733279280 -1.2415858034421490e-01
0002 2021-09-21T04:08:05.000 4.632307250639375525e+03 1.354763350779654502e+03  5400687.342373071238 +2.8576015944474875e-01
0002 2021-09-21T04:08:15.000 4.615673337361241465e+03 1.129372038486137626e+03  5400679.358269355260 +4.1315410333413638e-01
0003 2021-09-21T04:10:05.000 3.123999701498161357e+03 1.015409802000595846e+03  5400598.717739761807 -7.8427097342000707e-02
0003 2021-09-21T04:10:15.000 5.554742012988959686e+03 1.540644789853780367e+03  5400591.930721084587 -2.0336460976147919e-01
0003 2021-09-21T04:10:25.000 5.769023014677314677e+03 1.896358427088578765e+03  5400585.697942123748 +1.0087985771929198e-01
0003 2021-09-21T04:10:35.000 5.873469740832536445e+03 1.802342861100641585e+03  5400579.261137552559 +7.6769069809415683e-02
0003 2021-09-21T04:10:45.000 3.009228753466896706e+03 9.953603750061423625e+02  5400572.719810544513 -1.7548710896642206e-01
0003 2021-09-21T04:10:55.000 3.471726205871292223e+03 1.204791230247971953e+03  5400566.933708383702 +2.0454425854131841e-01
0003 2021-09-21T04:11:05.000 4.034098661487257687e+03 1.137774023403160754e+03  5400560.551604635082 -1.3369828285669882e-01
0003 2021-09-21T04:11:15.000 3.469003470839220427e+03 1.135576653682592223e+03  5400554.166241465136 -5.9682790126259988e-01
0003 2021-09-21T04:11:25.000 3.752327127381529408e+03 1.129000023199225097e+03  5400549.060232005082 +9.8393252604751069e-02
0003 2021-09-21T04:11:35.000 5.279883281939662993e+03 1.551923492764238290e+03  5400543.486683120951 +2.0567717936432928e-01
0003 2021-09-21T04:11:45.000 5.788021720109371927e+03 1.849982940575878047e+03  5400537.894114399329 +1.7412937672816042e-01
0003 2021-09-21T04:11:55.000 7.026843991422641011e+03 1.928570323148684338e+03  5400532.400666270405 +1.2245732365079220e-01
0003 2021-09-21T04:12:05.000 7.524859309945296445e+03 1.987845255206692400e+03  5400526.946091033518 -9.0381229920240003e-03
0003 2021-09-21T04:12:15.000 3.515587947243004692e+03 1.043772391831349069e+03  5400522.144289899617 +3.9407466537056735e-01
0003 2021-09-21T04:12:25.000 2.907269072948911798e+03 9.915484313591526870e+02  5400516.952471449040 +2.8951692187001754e-01
0003 2021-09-21T04:12:35.000 4.705152655808345116e+03 1.299975503231399898e+03  5400511.760038428940 +6.7186636223368623e-02
0003 2021-09-21T04:12:45.000 4.005768453062856224e+03 1.101516478004869441e+03  5400506.562587611377 -2.7684121980712462e-01
0003 2021-09-21T04:12:55.000 4.112860696952971011e+03 1.182613080239798364e+03  5400502.212821199559 +1.1059707528477249e-01
0003 2021-09-21T04:13:05.000 3.680431374410512035e+03 1.123398458073952497e+03  5400497.438041196205 -4.2751279473350223e-02
0003 2021-09-21T04:13:15.000 5.739543892919307837e+03 1.698147959880452845e+03  5400492.750150855631 -2.2455378345898680e-01
0003 2021-09-21T04:13:25.000 6.383593672037466604e+03 1.698619083985131965e+03  5400488.668731704354 +8.5184740709451021e-02
0003 2021-09-21T04:13:35.000 5.984060680770206091e+03 1.908667761769103890e+03  5400484.113673575222 -1.9324745123367396e-01
0003 2021-09-21T04:13:45.000 7.471010667154729163e+03 2.035387852925583502e+03  5400479.903280068189 -2.4116320275766159e-01
0003 2021-09-21T04:13:55.000 4.890262986207851100e+03 1.402345736242277553e+03  5400475.826928454451 -2.6881618921186146e-01
0003 2021-09-21T04:14:05.000 5.687983276629352076e+03 1.715102392691224395e+03  5400472.008992448449 -1.5147778485504659e-01
0003 2021-09-21T04:14:15.000 3.963638625533963932e+03 1.261111339667674883e+03  5400468.556194546632 +2.1791564373461367e-01
0003 2021-09-21T04:14:25.000 6.459156349020890048e+03 2.155591901306686395e+03  5400464.495495919138 -1.3334701208236766e-01
0003 2021-09-21T04:14:35.000 4.294544582307175006e+03 1.169476585824927270e+03  5400461.269306322560 +2.3745867454454128e-01
0003 2021-09-21T04:14:45.000 3.792475666672135048e+03 1.107278090901666246e+03  5400457.423633236438 -1.2335783569369596e-01
0003 2021-09-21T04:14:55.000 4.506269815712393211e+03 1.355707520584825033e+03  5400454.056482653134 -1.1750088760015842e-01
0003 2021-09-21T04:15:05.000 6.128993121347262786e+03 1.766423620871709545e+03  5400451.391474382021 +4.7892701625426071e-01
0003 2021-09-21T04:15:15.000 3.221137552661331483e+03 8.812237652777005223e+02  5400447.722959076986 -3.9457368441276230e-02
0003 2021-09-21T04:15:25.000 5.228790638612907060e+03 1.481508749265039569e+03  5400444.962975210510 +2.3963928923149069e-01
0003 2021-09-21T04:15:35.000 6.016470466288160424e+03 1.742939899297678721e+03  5400441.714723941870 -8.0337865266074004e-02
0003 2021-09-21T04:15:45.000 4.894731623123449026e+03 1.642676832665195207e+03  5400439.028295860626 +5.0935237154817521e-02
0003 2021-09-21T04:15:55.000 5.932459660377458022e+03 1.895541855658946815e+03  5400436.376478538848 +1.0646949966894680e-01
0003 2021-09-21T04:16:05.000 3.893744813760458328e+03 1.112267087390780716e+03  5400433.607614289038 -6.5179220884488132e-02
0003 2021-09-21T04:16:15.000 6.655643664886189072e+03 1.795561478702383511e+03  5400431.200164655223 +1.4654747268423309e-02
0003 2021-09-21T04:16:25.000 5.341031046659475578e+03 1.650585381713984361e+03  5400428.691728658043 -1.1623450710908401e-01
0003 2021-09-21T04:16:35.000 5.951219522437697378e+03 1.424581835532331525e+03  5400426.596318284050 +5.6351374774067153e-02
0003 2021-09-21T04:16:45.000 3.163285182733382044e+03 1.067996325920240452e+03  5400424.412354971282 +3.1011872727844999e-02
0003 2021-09-21T04:16:55.000 4.666704554978889064e+03 1.370321224741757987e+03  5400422.753506334499 +4.2158467510819264e-01
0003 2021-09-21T04:17:05.000 7.118090689212822326e+03 2.222019895218745660e+03  5400420.519232184626 +1.2769205821894047e-01
0003 2021-09-21T04:17:15.000 6.997699128048215243e+03 1.973773426159802057e+03  5400418.616641175933 +5.6597902659177642e-02
0003 2021-09-21T04:17:25.000 9.399120881721000842e+03 2.218968057281528218e+03  5400416.859644635580 +2.2361879537015735e-02
0003 2021-09-21T04:17:35.000 5.531129017762909825e+03 1.679430020219279413e+03  5400415.148048850708 -7.5067897149438081e-02
0003 2021-09-21T04:17:45.000 7.517035143749924828e+03 1.958182846852828106e+03  5400413.518013559282 -1.9939601215480707e-01
0003 2021-09-21T04:17:55.000 3.921350871018047201e+03 1.305711225811277018e+03  5400412.331987638958 +1.1956291194792357e-02
0003 2021-09-21T04:18:05.000 4.309568553680560399e+03 1.262218675645749499e+03  5400410.754838887602 -2.7601872904324409e-01
0003 2021-09-21T04:18:15.000 4.893336480485471839e+03 1.393522735289600405e+03  5400409.771772820503 -7.7996164895694164e-02
0003 2021-09-21T04:18:25.000 4.928294579399639588e+03 1.488064885207813631e+03  5400408.439868563786 -3.3678220508932100e-01
0003 2021-09-21T04:18:35.000 3.797786458966306327e+03 1.016427153099330440e+03  5400407.441720711067 -3.6967190161499280e-01
0003 2021-09-21T04:18:45.000 5.810238879073961471e+03 1.596578298362843043e+03  5400406.870643972419 -8.3244166755775950e-02
0003 2021-09-21T04:18:55.000 4.569820322038681297e+03 1.274672379263154653e+03  5400406.625221985392 +4.2118739761122015e-01
0003 2021-09-21T04:19:05.000 6.376146382525587796e+03 1.653151968405849402e+03  5400405.582920758985 +2.1188314634400740e-02
0003 2021-09-21T04:19:15.000 4.510782089553789774e+03 1.252490022705112324e+03  5400404.926419505849 -1.0046557103135000e-01
0003 2021-09-21T04:19:25.000 3.324815984700914214e+03 1.193555030214089129e+03  5400404.628034982830 +2.8636597547347264e-02
0003 2021-09-21T04:19:35.000 6.791526506621519729e+03 1.979921388943767624e+03  5400404.174079979770 -1.0510044396539796e-01
0003 2021-09-21T04:19:45.000 5.278646141563523997e+03 1.614372920413271004e+03  5400404.220351260155 +1.5421021422116610e-01
0003 2021-09-21T04:19:55.000 5.906938321585324957e+03 1.640806298902657545e+03  5400403.968485957012 +8.2944188196734103e-03
0003 2021-09-21T04:20:05.000 5.521590293101235147e+03 1.689900883217588216e+03  5400403.957014768384 -4.2294926369095273e-03
0003 2021-09-21T04:20:15.000 4.168849706432457424e+03 1.221666093042186731e+03  5400403.998452897184 -7.0759383118229380e-02
0003 2021-09-21T04:20:25.000 3.718550764358100878e+03 1.239676218955826016e+03  5400404.279433031566 -4.5759794511468499e-03
0003 2021-09-21T04:20:35.000 3.077311142692358317e+03 1.012618074652922814e+03  5400404.406784190796 -1.9876365302843624e-01
0003 2021-09-21T04:20:45.000 4.801682157175126122e+03 1.459801126470487134e+03  5400405.294965207577 +2.6122341146390227e-01
0003 2021-09-21T04:20:55.000 4.583888639933640661e+03 1.528145914850203553e+03  5400405.951242731884 +3.8273959721493606e-01
0003 2021-09-21T04:21:05.000 5.527686706536300335e+03 1.608997599278104644e+03  5400406.219174130820 +9.4311055097477930e-03
0003 2021-09-21T04:21:15.000 4.035056666434461476e+03 1.111234355258518690e+03  5400407.037222705781 +7.9851546449731359e-02
0003 2021-09-21T04:21:25.000 4.226110157294217970e+03 1.283052452868430237e+03  5400407.932959049940 +1.2166365280916124e-01
0003 2021-09-21T04:21:35.000 6.757789765601562067e+03 1.898040389391872850e+03  5400408.775073403493 +3.6519985271752375e-03
0003 2021-09-21T04:21:45.000 5.523240972054229132e+03 1.721905224175807234e+03  5400409.718576887622 -1.1907539880269268e-01
0003 2021-09-21T04:21:55.000 3.855181701749036620e+03 1.239169276353223950e+03  5400410.935223096982 -7.4665127220441732e-02
0003 2021-09-21T04:22:05.000 5.212253105157763457e+03 1.636607911259433649e+03  5400412.313213100657 +2.5186981359183847e-02
0003 2021-09-21T04:22:15.000 7.832563811381200139e+03 2.305619438690948755e+03  5400413.984060532413 +3.1210131288253246e-01
0003 2021-09-21T04:22:25.000 4.705746580375849589e+03 1.388946557005116347e+03  5400415.000536217354 -1.6104054810750768e-01
0003 2021-09-21T04:22:35.000 6.068647839421993922e+03 1.691275154234502907e+03  5400416.566364977509 -1.9039864703961484e-01
0003 2021-09-21T04:22:45.000 6.442500898439649973e+03 1.910329513115379996e+03  5400418.292993183248 -1.6440673719012011e-01
0003 2021-09-21T04:22:55.000 4.234978075388787147e+03 1.387060195304995432e+03  5400419.974463400431 -2.8889728291142086e-01
0003 2021-09-21T04:23:05.000 4.533786022367081387e+03 1.476602799996325302e+03  5400422.435683628544 +2.6116815033833518e-01
0003 2021-09-21T04:23:15.000 2.979327712880576655e+03 1.101326512701307593e+03  5400424.455481507815 +2.6475346335871563e-01
0003 2021-09-21T04:23:25.000 5.414669171264518809e+03 1.766202054223575487e+03  5400426.219420020469 -9.2435908243942322e-02
0003 2021-09-21T04:23:35.000 4.575129182236244560e+03 1.326157906557936030e+03  5400428.407027220353 -1.3072291041953576e-01
0003 2021-09-21T04:23:45.000 4.359940058825565757e+03 1.346484621116324433e+03  5400430.820517952554 -4.7736780622130937e-02
0003 2021-09-21T04:23:55.000 5.526956320646571839e+03 1.920916667910018305e+03  5400433.000089962035 -3.0311657500556066e-01
0003 2021-09-21T04:24:05.000 5.874384714434259877e+03 1.805957707471129652e+03  5400435.486882764846 -3.5555194107257648e-01
0003 2021-09-21T04:24:15.000 5.427044389374257662e+03 1.673493351624913430e+03  5400438.485221105628 -5.3929332091229298e-04
0003 2021-09-21T04:24:25.000 5.110267528746301650e+03 1.543065126386270094e+03  5400441.160164262168 -7.2832142743209261e-02
0003 2021-09-21T04:24:35.000 5.253671518675123480e+03 1.436671929621940762e+03  5400444.115382096730 +3.1435311724976600e-02
0003 2021-09-21T04:24:45.000 6.674742346350427397e+03 1.843578935826665656e+03  5400447.225053863600 +1.8664735478137121e-01
0003 2021-09-21T04:24:55.000 5.872509890314841869e+03 1.848168101703606453e+03  5400450.261941695586 +1.6578061491304652e-01
0003 2021-09-21T04:25:05.000 3.218846974579028029e+03 9.679606410476360452e+02  5400453.557642222382 +3.0065602457307250e-01
0003 2021-09-21T04:25:15.000 3.792959130540963997e+03 1.103920749751395988e+03  5400456.574832569808 +5.4185205222438526e-02
0003 2021-09-21T04:25:25.000 5.122947753657580506e+03 1.634211478504611250e+03  5400459.962190079503 +7.5290532170242855e-02
0003 2021-09-21T04:25:35.000 4.137784266520088750e+03 1.272915044054272357e+03  5400463.423599589616 +6.8112791180851673e-02
0003 2021-09-21T04:25:45.000 3.936633193289836072e+03 1.203569957685195959e+03  5400467.270157383755 +3.4401548263554105e-01
0003 2021-09-21T04:25:55.000 5.116337275292135018e+03 1.465978886443249166e+03  5400470.765465645120 +1.6687964091295271e-01
0003 2021-09-21T04:26:05.000 4.718278602346280422e+03 1.408664736566400052e+03  5400474.529724404216 +1.5719614488887146e-01
0003 2021-09-21T04:26:15.000 4.080977981507260665e+03 1.401440769920959610e+03  5400478.116764520295 -1.3090093514108503e-01
0003 2021-09-21T04:26:25.000 4.369741166437011088e+03 1.247840461437435806e+03  5400482.149093103595 -7.4588557527704324e-02
0003 2021-09-21T04:26:35.000 5.747926353166161789e+03 1.698809244135713698e+03  5400486.056979637593 -2.4326821475881388e-01
0003 2021-09-21T04:26:45.000 3.933818497647417644e+03 1.280462885837210479e+03  5400490.382228664123 -9.4792899021399521e-02
0003 2021-09-21T04:26:55.000 3.932415389302004769e+03 1.120738294359862266e+03  5400494.935756329447 +1.8210982094160497e-01
0003 2021-09-21T04:27:05.000 8.469146529021965762e+03 2.407256048241444660e+03  5400499.048618548550 -8.1133685699455782e-02
0003 2021-09-21T04:27:15.000 5.969122745468122048e+03 1.873917534814110013e+03  5400503.581055126153 -2.3898612979337489e-02
0003 2021-09-21T04:27:25.000 4.617591849874759646e+03 1.353078088015963431e+03  5400508.211471560411 +3.2620435052990615e-02
0003 2021-09-21T04:27:35.000 6.134547342655104330e+03 1.937102546638735248e+03  5400512.918010760099 +6.6981531095052560e-02
0003 2021-09-21T04:27:45.000 6.424490338837480522e+03 1.960717305414053953e+03  5400517.531319430098 -8.9737830297053733e-02
0003 2021-09-21T04:27:55.000 6.493903220667728419e+03 2.005829778085189673e+03  5400522.602633113042 +1.1414467794884332e-01
0003 2021-09-21T04:28:05.000 5.793551801507257551e+03 1.665254552532269599e+03  5400527.430663676001 -2.2195941995619247e-02
0003 2021-09-21T04:28:15.000 3.833045072173170411e+03 1.322789671273363638e+03  5400532.503503366373 -1.0187590179384642e-02
0005 2021-09-21T04:50:05.000 4.243993179562849946e+03 1.427158028733510719e+03  5402038.436599766836 +6.8205083631119123e-01
0005 2021-09-21T04:50:15.000 3.852532486455920207e+03 1.279456333942551510e+03  5402056.082235087641 +5.9753218957814624e-01
0005 2021-09-21T04:50:25.000 3.972972380701753536e+03 1.112807924508507540e+03  5402072.867794788443 -4.4347024328931184e-01
0005 2021-09-21T04:50:35.000 3.165477996988202449e+03 1.105838263580632201e+03  5402091.149636745453 -8.4322444093459126e-02
0005 2021-09-21T04:50:45.000 3.149857802926390377e+03 9.960593852410833051e+02  5402109.221977851354 -3.0545436513421009e-02
0005 2021-09-21T04:50:55.000 3.129241216855251878e+03 9.076216376497793590e+02  5402126.666907395236 -6.9980164309504289e-01
0005 2021-09-21T04:51:05.000 6.104321765928724744e+03 1.564976414932549005e+03  5402145.187038978562 -3.8924267509958094e-01
0005 2021-09-21T04:51:15.000 4.007071994548563907e+03 1.030337384186253985e+03  5402163.484677560627 -3.9634201053468127e-01
0005 2021-09-21T04:51:25.000 3.697634243386505659e+03 1.065220091348802725e+03  5402182.341455948539 +6.0741779207432962e-02
0005 2021-09-21T04:51:35.000 4.790635557449619228e+03 1.464221930107099979e+03  5402200.601709103212 -1.7346038684252107e-01
0005 2021-09-21T04:51:45.000 3.608081522886539915e+03 1.164811503030719223e+03  5402219.855646324344 +4.9144437747816022e-01
0005 2021-09-21T04:51:55.000 2.675953006231164181e+03 7.512812354719710584e+02  5402238.755348393694 +7.0770833653409682e-01
0005 2021-09-21T04:52:05.000 4.333855472382076186e+03 1.299288520888133007e+03  5402256.949204131961 +1.2387998522717680e-01
0005 2021-09-21T04:52:15.000 3.900051106877792790e+03 1.068048904176756423e+03  5402275.278272517957 -4.1883355909396874e-01
0005 2021-09-21T04:52:25.000 5.837071923196440366e+03 1.663651799016525047e+03  5402295.007230591960 +3.4438163212155359e-01
0005 2021-09-21T04:52:35.000 4.797728842220634760e+03 1.403053625046612751e+03  5402313.431021568365 -2.9140530701215533e-01
0005 2021-09-21T04:52:45.000 3.882650579725048829e+03 1.078983713874146360e+03  5402332.469779022969 -4.0594557296481071e-01
0005 2021-09-21T04:52:55.000 4.031493883027457741e+03 1.197440306953587879e+03  5402351.373039484955 -7.4959780511630913e-01
0005 2021-09-21T04:53:05.000 3.144861279843195462e+03 9.586479820202512201e+02  5402371.437378880568 -2.5691377705129529e-02
0005 2021-09-21T04:53:15.000 5.559449609160217733e+03 1.745818085555707285e+03  5402390.421301304363 -4.7563733411709558e-01
0005 2021-09-21T04:53:25.000 6.299122321580477546e+03 1.825341059689071926e+03  5402410.217761399224 -2.0640573502146253e-01
0005 2021-09-21T04:53:35.000 4.286477693181437644e+03 1.216279273054127543e+03  5402430.755199384876 +7.1050966630184575e-01
0005 2021-09-21T04:53:45.000 3.543082042955299130e+03 1.006531955749671965e+03  5402450.525967167690 +7.6751779951575827e-01
0005 2021-09-21T04:53:55.000 5.571059421764754006e+03 1.814137837915822047e+03  5402470.758236311376 +1.1928385400719890e+00
0005 2021-09-21T04:54:05.000 4.809412860380818529e+03 1.387066037153708749e+03  5402489.903325900435 +4.3783084944936951e-01
0005 2021-09-21T04:54:15.000 4.659880571896998845e+03 1.317944842052010472e+03  5402509.683559251018 +2.2484977132739917e-01
0005 2021-09-21T04:54:25.000 6.055472630071171807e+03 1.753458614446296679e+03  5402529.535577076487 -9.4401223155955449e-03
0005 2021-09-21T04:54:35.000 4.179162652631849596e+03 1.176469734517965890e+03  5402549.452763631940 -2.7163830920960663e-01
0005 2021-09-21T04:54:45.000 4.915505994575501063e+03 1.409901447202329109e+03  5402569.859112081118 -1.3774265907704830e-01
0005 2021-09-21T04:54:55.000 6.317602768621342875e+03 1.723105794383583543e+03  5402590.470916771330 +1.0854311656692062e-01
0005 2021-09-21T04:55:05.000 3.930560445826752584e+03 1.148643311277942757e+03  5402610.978167141788 +1.5720365489914911e-01
0005 2021-09-21T04:55:15.000 5.062957202049549778e+03 1.669131354367506901e+03  5402631.177541648038 -1.9509385146977820e-01
0005 2021-09-21T04:55:25.000 8.000856809009942481e+03 2.036430340908432072e+03  5402651.980050328188 -3.7356803539069006e-02
0005 2021-09-21T04:55:35.000 6.250598591750697778e+03 1.556704864790760212e+03  5402672.772563447244 +1.7261727614823030e-02
0005 2021-09-21T04:55:45.000 3.876413117403004890e+03 1.177936275145431864e+03  5402693.358874800615 -2.2747341526678608e-01
0005 2021-09-21T04:55:55.000 5.445254198450576951e+03 1.486758643198142636e+03  5402714.334119139239 -1.7646176597327212e-01
0005 2021-09-21T04:56:05.000 6.471579039671676583e+03 1.931978412114448702e+03  5402735.561637094244 +3.3597970010987410e-02
0005 2021-09-21T04:56:15.000 4.293645316828861723e+03 1.279798011625275876e+03  5402756.633103887551 -5.6630891868962863e-03
0005 2021-09-21T04:56:25.000 7.480208962393782713e+03 2.220207025749096374e+03  5402777.705562776886 -1.3725027973498527e-01
0005 2021-09-21T04:56:35.000 6.254185654260651972e+03 1.844224365149562345e+03  5402799.187626448460 +4.7396285485433509e-02
0005 2021-09-21T04:56:45.000 5.080735184465025668e+03 1.515111922315559923e+03  5402820.670592926443 +1.3951790670728317e-01
0005 2021-09-21T04:56:55.000 3.628697703916935097e+03 1.110164571227983288e+03  5402842.180364836007 +1.6495684620292650e-01
0005 2021-09-21T04:57:05.000 3.412653224161807884e+03 9.110270623073162142e+02  5402863.729040062055 +1.3574726268711856e-01
0005 2021-09-21T04:57:15.000 3.798661014838844949e+03 1.159635226678230310e+03  5402885.206726632081 -5.8069620760761609e-02
0005 2021-09-21T04:57:25.000 3.401157538139782901e+03 9.620828531059047464e+02  5402906.812361333519 -2.1762661774948808e-01
0005 2021-09-21T04:57:35.000 4.232750365046588740e+03 1.259782609905513254e+03  5402928.563612849452 -3.2532716185244226e-01
0005 2021-09-21T04:57:45.000 4.383252476247460436e+03 1.314901227727677451e+03  5402950.568429249339 -2.7329753002788948e-01
0005 2021-09-21T04:57:55.000 3.034257629161348177e+03 1.199664967489172113e+03  5402972.866819244809 -2.1605316255659087e-02
0005 2021-09-21T04:58:05.000 4.303054621919324745e+03 1.230752060361093982e+03  5402994.494062929414 -5.3504839308129692e-01
0005 2021-09-21T04:58:15.000 5.839425462956496631e+03 1.646655145766434089e+03  5403017.361704859883 +9.7838438862481780e-02
0005 2021-09-21T04:58:25.000 3.538478169019948382e+03 1.135253377509153552e+03  5403039.378002969548 -2.1476735469570940e-01
0005 2021-09-21T04:58:35.000 3.377080081183391030e+03 1.038858676524300790e+03  5403061.845416704193 -1.7048761190585535e-01
0005 2021-09-21T04:58:45.000 3.200889554990208126e+03 9.318066677563457461e+02  5403084.368578185327 -1.6477204378600163e-01
0005 2021-09-21T04:58:55.000 5.038851744865534783e+03 1.592601096099727101e+03  5403106.979875863530 -1.6531429475378445e-01
0005 2021-09-21T04:59:05.000 5.345519953487291787e+03 1.585498041065553707e+03  5403129.852609628811 +1.1034649332941626e-03
0005 2021-09-21T04:59:15.000 3.400389015019792623e+03 1.176807444815480039e+03  5403152.680034391582 +2.7654369941728877e-02
0005 2021-09-21T04:59:25.000 2.135595034493796447e+03 6.786502782827260489e+02  5403176.045922472142 +4.9802956385156000e-01
0005 2021-09-21T04:59:35.000 3.482947321517887758e+03 1.015091584105772768e+03  5403198.484510289505 -5.3614850753660896e-02
0005 2021-09-21T04:59:45.000 3.672696177780497692e+03 1.115293989899192866e+03  5403221.965496947058 +3.4234106131623321e-01
0005 2021-09-21T04:59:55.000 2.785527006156138214e+03 8.808986014356854639e+02  5403244.923989652656 +1.2092677266878128e-01
0005 2021-09-21T05:00:05.000 3.440634687675467831e+03 1.080739607809168092e+03  5403268.070519807748 -7.4023404141598803e-03
0005 2021-09-21T05:00:15.000 2.968883698978391294e+03 9.568183558192048395e+02  5403290.814791841432 -6.3301587768967238e-01
0005 2021-09-21T05:00:25.000 5.319196311823078759e+03 1.644411939176650776e+03  5403314.875895654783 -3.6895697196769113e-02
0005 2021-09-21T05:00:35.000 4.033272330172663260e+03 1.125248609281627978e+03  5403338.147743280977 -3.2519895821803857e-01
0005 2021-09-21T05:00:45.000 3.001351800151167026e+03 1.025020874067758314e+03  5403362.538766567595 +4.1043982532414702e-01
0005 2021-09-21T05:00:55.000 3.697400727352281592e+03 1.254423348523130699e+03  5403386.413630564697 +5.3462246726496687e-01
0005 2021-09-21T05:01:05.000 2.894131536364600834e+03 7.994758617408192549e+02  5403409.965202420950 +2.4015628360859864e-01
0005 2021-09-21T05:01:15.000 2.673124490084197078e+03 8.404838684298728140e+02  5403433.966707661748 +3.0021064737729830e-01
0005 2021-09-21T05:01:25.000 4.131311764966073497e+03 1.306496531147361566e+03  5403458.070534465834 +3.6712155689269826e-01
0005 2021-09-21T05:01:35.000 5.108520002615604426e+03 1.360387187660858899e+03  5403481.952940960415 +1.1709920383918870e-01
0005 2021-09-21T05:01:45.000 3.244780429425756211e+03 9.434535257927235534e+02  5403506.255414786749 +1.9158782350643835e-01
0005 2021-09-21T05:01:55.000 3.552203890651488109e+03 1.085157272804380455e+03  5403530.365869657136 -2.1537462217111170e-02
0005 2021-09-21T05:02:05.000 6.495145990552574403e+03 1.991927297086182307e+03  5403554.828702435829 +2.2086710799726461e-02
0005 2021-09-21T05:02:15.000 3.699998297596105658e+03 1.346726413999452461e+03  5403579.302953240462 -1.8527663284658047e-02
0005 2021-09-21T05:02:25.000 4.774727124854266549e+03 1.281724684351796441e+03  5403604.086729810573 +1.5470468603734844e-01
0005 2021-09-21T05:02:35.000 3.838293695433943867e+03 1.226216761199203575e+03  5403628.933210270479 +2.9494536242486902e-01
0005 2021-09-21T05:02:45.000 5.965125343378028447e+03 1.546377396736521860e+03  5403653.631836828776 +1.9162626214949799e-01
0005 2021-09-21T05:02:55.000 4.942244052754340373e+03 1.307107850031767839e+03  5403678.053946332075 -2.8391956798952839e-01
0005 2021-09-21T05:03:05.000 3.704020860598751369e+03 1.142728774269720361e+03  5403703.045557829551 -2.8567009685889388e-01
0005 2021-09-21T05:03:15.000 5.983351247919214074e+03 1.874970538020179902e+03  5403728.186249860562 -2.3403674073631464e-01
0005 2021-09-21T05:03:25.000 6.187367621008778769e+03 1.918554169390471998e+03  5403754.120354514569 +5.1532998636105276e-01
0005 2021-09-21T05:03:35.000 3.528576558173564990e+03 9.522746549091338011e+02  5403779.055285166949 +1.6986848726560311e-01
0005 2021-09-21T05:03:45.000 4.065810934039388940e+03 1.151859839175591105e+03  5403803.862271561287 -3.9915855770107106e-01
0005 2021-09-21T05:03:55.000 3.458481266819706434e+03 1.000509402447998013e+03  5403829.677252707072 -5.5771010944113193e-02
0005 2021-09-21T05:04:05.000 4.602246159801307840e+03 1.573005624956651900e+03  5403855.192489876412 -1.0765798885609000e-01
0005 2021-09-21T05:04:15.000 7.559730915006801297e+03 1.942339045595216476e+03  5403880.947277284227 -1.5466919023879200e-02
0005 2021-09-21T05:04:25.000 7.176137595185337887e+03 1.995537089198171543e+03  5403906.669085269794 -5.1660054958233559e-02
0005 2021-09-21T05:04:35.000 6.730068375982496036e+03 1.763490104199899179e+03  5403932.418350993656 -1.5572351449372945e-01
0005 2021-09-21T05:04:45.000 3.380220130463142596e+03 1.078781455576691542e+03  5403958.057500120252 -4.6514530747788285e-01
0005 2021-09-21T05:04:55.000 6.962123679046229881e+03 2.027518539507562309e+03  5403984.726476127282 +1.6011425378906097e-01
0005 2021-09-21T05:05:05.000 4.184582972974189033e+03 1.151377497632793620e+03  5404010.515011453070 -1.9010601531715565e-01
0005 2021-09-21T05:05:15.000 6.697405013858916391e+03 1.794465926502643697e+03  5404036.942132963799 +3.3375746202182199e-03
0005 2021-09-21T05:05:25.000 5.727866786497974317e+03 1.598420467015866052e+03  5404063.308454587124 +4.1186506482745251e-02
0005 2021-09-21T05:05:35.000 4.454081629676293232e+03 1.371275507918143148e+03  5404089.498013529927 -1.9238344647021680e-01
0005 2021-09-21T05:05:45.000 7.552250098095961221e+03 1.994193548930401676e+03  5404116.242209808901 +3.4177590505009903e-02
0005 2021-09-21T05:05:55.000 5.773786422223235604e+03 1.757700657937394908e+03  5404142.636575197801 -1.8343717539073623e-01
0005 2021-09-21T05:06:05.000 7.384724682973740528e+03 1.844547009668551937e+03  5404169.418671656400 -1.0749248960678416e-01
0005 2021-09-21T05:06:15.000 4.358969207505536360e+03 1.437870159934293270e+03  5404196.262983423658 -6.3318687804780893e-02
0005 2021-09-21T05:06:25.000 3.908997728067817661e+03 1.092402262835257034e+03  5404222.908114177175 -3.1211423593538257e-01
0005 2021-09-21T05:06:35.000 3.822765319904133776e+03 1.082189994556098327e+03  5404250.037004041485 -1.7072846045948609e-01
0005 2021-09-21T05:06:45.000 4.758658133717179226e+03 1.369272189789749291e+03  5404277.388529886492 +9.9939047000589212e-02
0005 2021-09-21T05:06:55.000 5.731967880682943360e+03 1.536530139381671916e+03  5404304.774275156669 +3.1170853544153942e-01
0005 2021-09-21T05:07:05.000 4.365978539334703783e+03 1.395016004028162342e+03  5404332.140691437759 +4.1128194169618842e-01
0005 2021-09-21T05:07:15.000 5.588548778395696900e+03 1.583124470844892357e+03  5404359.275786603801 +1.8693132181908825e-01
0005 2021-09-21T05:07:25.000 4.557878766168476432e+03 1.497601714292769657e+03  5404386.665080146864 +1.2445445815149014e-01
0005 2021-09-21T05:07:35.000 4.337019484009788357e+03 1.096891874057500445e+03  5404414.312058947049 +2.2763091792523937e-01
0005 2021-09-21T05:07:45.000 6.643948744225473092e+03 1.914258622195312000e+03  5404441.488815105520 -2.3113983519226625e-01
0005 2021-09-21T05:07:55.000 4.281977746478503832e+03 1.133553893179773695e+03  5404469.370036921464 -7.6847188634019389e-02
0005 2021-09-21T05:08:05.000 4.784372767172612839e+03 1.353682990887647520e+03  5404497.308171870187 +4.3293893664554162e-02
0005 2021-09-21T05:08:15.000 4.821532193726106016e+03 1.251635492514792304e+03  5404525.076116161421 -9.7467304225688153e-02
0006 2021-09-21T05:10:06.000 3.113633932472610013e+03 9.009142727534265305e+02  5404842.784560661763 -1.9444985511483992e-01
0006 2021-09-21T05:10:16.000 5.084560755999692446e+03 1.442905169110578299e+03  5404872.048018735833 -5.4314465195034245e-02
0006 2021-09-21T05:10:26.000 3.372634151677206319e+03 1.028132951392741461e+03  5404901.455224931240 +1.2977188262789241e-01
0006 2021-09-21T05:10:36.000 2.989917680407940679e+03 8.479717736398716852e+02  5404929.923163331114 -7.2515017238504242e-01
0006 2021-09-21T05:10:46.000 4.526496997825427570e+03 1.440529007356773491e+03  5404960.161429721862 +9.0566192988944749e-02
0006 2021-09-21T05:10:56.000 3.199117796214964073e+03 9.372220631191772782e+02  5404989.683156558312 +9.0099018733781122e-02
0006 2021-09-21T05:11:06.000 3.017733618598505473e+03 9.665748871706140335e+02  5405019.236596012488 +2.1740713184954075e-02
0006 2021-09-21T05:11:16.000 3.738209783263121608e+03 1.150783475979355899e+03  5405049.258644171990 +3.2242232020735173e-01
0006 2021-09-21T05:11:26.000 5.304071654222343568e+03 1.522243862673968351e+03  5405078.636573617347 -1.2055381102607043e-01
0006 2021-09-21T05:11:36.000 5.143291381265248674e+03 1.584486764014277924e+03  5405108.786761550233 +1.0921417974236648e-01
0006 2021-09-21T05:11:46.000 4.571699442406476010e+03 1.274368345927796781e+03  5405138.692841045558 -4.6209889196688891e-03
0006 2021-09-21T05:11:56.000 3.395868869423170963e+03 9.200426771910799744e+02  5405169.440063452348 +6.2320673258318493e-01
0006 2021-09-21T05:12:06.000 5.102367586906394536e+03 1.546817234880300020e+03  5405199.021299691871 -1.4421887409184819e-02
0006 2021-09-21T05:12:16.000 4.603940274675572255e+03 1.378448911317081638e+03  5405229.342669556849 -1.1381977616451875e-02
0006 2021-09-21T05:12:26.000 5.906000248438924245e+03 1.791190874013109806e+03  5405259.958083773963 +1.8623758252510925e-01
0006 2021-09-21T05:12:36.000 2.867775105601191171e+03 8.800420992222221912e+02  5405290.210230512545 -7.8879250247950963e-02
0006 2021-09-21T05:12:46.000 4.029556373625452579e+03 1.374617586770263415e+03  5405320.830812374130 -7.5038598733726758e-02
0006 2021-09-21T05:12:56.000 3.107770477240934724e+03 9.732238922393744360e+02  5405351.489519002847 -1.3256398070848263e-01
0006 2021-09-21T05:13:06.000 7.196203377308089330e+03 1.946770553865212833e+03  5405382.443250120617 +5.4268148146547901e-03
0006 2021-09-21T05:13:16.000 3.054378895485644989e+03 9.265662707608768187e+02  5405413.542950218543 +1.8985650203831028e-01
0006 2021-09-21T05:13:26.000 5.098886616295872955e+03 1.483141436948157889e+03  5405444.218298817985 -1.4962135340613258e-01
0006 2021-09-21T05:13:36.000 3.549841763893081406e+03 1.174831587867541430e+03  5405475.639239433222 +1.5690670736603352e-01
0006 2021-09-21T05:13:46.000 4.951393777188031891e+03 1.400418992357165280e+03  5405506.807533524930 +1.1116807431972120e-01
0006 2021-09-21T05:13:56.000 4.079800612391331924e+03 1.295800841620749225e+03  5405537.878329995088 -1.3172634675265726e-01
0006 2021-09-21T05:14:06.000 6.230846542537301502e+03 1.639453120786299223e+03  5405569.166056729853 -2.5739051373011534e-01
0006 2021-09-21T05:14:16.000 4.751118180573440441e+03 1.373270001869463840e+03  5405600.939625631087 +3.0418699749361626e-03
0006 2021-09-21T05:14:26.000 5.430215851759136967e+03 1.590899057446658389e+03  5405632.643252830021 +9.3737654912388294e-02
0006 2021-09-21T05:14:36.000 4.647874665126124455e+03 1.378954146691897904e+03  5405664.164289751090 -9.8004610627867805e-02
0006 2021-09-21T05:14:46.000 6.274760057232596409e+03 1.799159206318652423e+03  5405695.939007348381 -1.3597035625264198e-01
0006 2021-09-21T05:14:56.000 4.296934382052623732e+03 1.223353814811961911e+03  5405728.242717258632 +2.5509224169468325e-01
0006 2021-09-21T05:15:06.000 5.272621707846627942e+03 1.512833661849371538e+03  5405760.193624632433 +1.9332518923181399e-01
0006 2021-09-21T05:15:16.000 9.382617169525859936e+03 2.519674690328988618e+03  5405792.116893899627 +3.8265026107637823e-03
0006 2021-09-21T05:15:26.000 3.289180254744490412e+03 9.638166154290247505e+02  5405824.379692704417 +5.3694249341106122e-02
0006 2021-09-21T05:15:36.000 3.940414229858833551e+03 1.124142947852164070e+03  5405856.361538209021 -2.7762708111970369e-01
0006 2021-09-21T05:15:46.000 3.359193226939170017e+03 1.013513009603023647e+03  5405888.969447931275 -8.3195644204238306e-02
0006 2021-09-21T05:15:56.000 4.370746042617297462e+03 1.306614509754656865e+03  5405921.372936909087 -1.9357499552904761e-01
0006 2021-09-21T05:16:06.000 7.043544865752413898e+03 1.845592879657945559e+03  5405954.090089661069 -9.0762052155923811e-02
0006 2021-09-21T05:16:16.000 4.410637128398212553e+03 1.322949224711820307e+03  5405986.731258540414 -1.6448864261576546e-01
0006 2021-09-21T05:16:26.000 5.555502343481175558e+03 1.592582809044037276e+03  5406019.314313118346 -3.9697205392474183e-01
0006 2021-09-21T05:16:36.000 6.283023761354483213e+03 1.824887762842740358e+03  5406052.385297873989 -2.4225724224083933e-01
0006 2021-09-21T05:16:46.000 3.570951862679888109e+03 1.165148004440801515e+03  5406085.956843357533 +3.1219440266909260e-01
0006 2021-09-21T05:16:56.000 6.201968773131269700e+03 1.858773031168911984e+03  5406118.971073916182 +2.0841287219184323e-01
0006 2021-09-21T05:17:06.000 4.775745122211603302e+03 1.290898660635559281e+03  5406151.832791069523 -1.4889700272897244e-01
0006 2021-09-21T05:17:16.000 3.286453608786730911e+03 9.354978369457238614e+02  5406185.171164912172 -1.3066406412985998e-01
0006 2021-09-21T05:17:26.000 4.271290305748823812e+03 1.369427089574296815e+03  5406219.050040084869 +3.2685522742133344e-01
0006 2021-09-21T05:17:36.000 6.564049502319378007e+03 1.695612068982112305e+03  5406252.380141129717 +1.3428223285188778e-01
0006 2021-09-21T05:17:46.000 4.560285744729908401e+03 1.284807637349975494e+03  5406286.062210359611 +1.9225408430315841e-01
0006 2021-09-21T05:17:56.000 2.748988627507673300e+03 8.069014388858784059e+02  5406319.808582532220 +2.1299845241048845e-01
0006 2021-09-21T05:18:06.000 5.596445134219246938e+03 1.744386360202735432e+03  5406353.312356604263 -1.1049462654159470e-01
0006 2021-09-21T05:18:16.000 4.520669929523544852e+03 1.633982320753461863e+03  5406387.599573249929 +2.4770485938529416e-01
0006 2021-09-21T05:18:26.000 6.958980669446459615e+03 1.827809027113154343e+03  5406421.654159470461 +2.7141158559913947e-01
0006 2021-09-21T05:18:36.000 6.469615921365875693e+03 1.987347488419933143e+03  5406455.602758510038 +8.7154900581822403e-02
0006 2021-09-21T05:18:46.000 3.923148590104121467e+03 1.295001591914631945e+03  5406489.737630062737 -1.2920895921865847e-02
0006 2021-09-21T05:18:56.000 5.435698480299860421e+03 1.568740240014805522e+03  5406524.171129335649 +8.3422605409168668e-02
0006 2021-09-21T05:19:06.000 7.321075507974919674e+03 2.045446943904067894e+03  5406558.582651814446 +5.5462766192135859e-02
0006 2021-09-21T05:19:16.000 5.096941408137005055e+03 1.587715159119592272e+03  5406592.990002254955 -7.9115021458733281e-02
0006 2021-09-21T05:19:26.000 5.028041862554794534e+03 1.543688484708946362e+03  5406628.015129984356 +3.0151804904744495e-01
0006 2021-09-21T05:19:36.000 5.640042154078508247e+03 1.630969434014697072e+03  5406662.470621364191 +9.8267510229561594e-03
0006 2021-09-21T05:19:46.000 3.259382733691784779e+03 1.064048714150424757e+03  5406697.415253377520 +1.0446548580898708e-01
0006 2021-09-21T05:19:56.000 4.033454183709680819e+03 1.195465040265061816e+03  5406732.150431790389 -1.1328346397488076e-01
0006 2021-09-21T05:20:06.000 4.012425779609281562e+03 1.339091207833766020e+03  5406767.197736253031 -1.2196474917777778e-01
0006 2021-09-21T05:20:16.000 4.798763338158295483e+03 1.427240172131719191e+03  5406802.153976944275 -3.2489322995729708e-01
0006 2021-09-21T05:20:26.000 6.356000451490512205e+03 1.810287093462896337e+03  5406837.867414232343 +1.2606577080032366e-01
0006 2021-09-21T05:20:36.000 6.155569048409928655e+03 1.772667008441843109e+03  5406873.286621296778 +1.7935917759450604e-01
0006 2021-09-21T05:20:46.000 3.315618726614416573e+03 9.892563920365980721e+02  5406908.591632876545 +1.4894986062699900e-02
0006 2021-09-21T05:20:56.000 3.364745839567185612e+03 1.016833855282840432e+03  5406943.619892513379 -5.3001040456422288e-01
0006 2021-09-21T05:21:06.000 6.017542812957436581e+03 1.653257105378843562e+03  5406979.632353024557 -1.9453163013554328e-01
0006 2021-09-21T05:21:16.000 5.479339574565401563e+03 1.635045029001479861e+03  5407015.465852433816 -1.4195835581733718e-01
0006 2021-09-21T05:21:26.000 2.791498114739482844e+03 8.923789278300364458e+02  5407051.887008397840 +3.9419923968478088e-01
0006 2021-09-21T05:21:36.000 3.581306907247188974e+03 1.365675554386382601e+03  5407087.438106567599 -4.3901090362624018e-02
0006 2021-09-21T05:21:46.000 7.678281234971740560e+03 2.026340540942088410e+03  5407123.447615412064 -1.2791875566131239e-01
0006 2021-09-21T05:21:56.000 3.183194744332841765e+03 1.026063826466013097e+03  5407159.277120945975 -4.9639551357006440e-01
0006 2021-09-21T05:22:06.000 4.941508569459048886e+03 1.571475847739301571e+03  5407195.681728460826 -3.9435365781014298e-01
0006 2021-09-21T05:22:16.000 5.165981391520738725e+03 1.493750997156870653e+03  5407232.436402868479 -4.6955587402408128e-02
0006 2021-09-21T05:22:26.000 4.997072478359561501e+03 1.283893875440717466e+03  5407269.161810643040 +1.6633821758773593e-01
0006 2021-09-21T05:22:36.000 6.461907470329749231e+03 2.113628658195020307e+03  5407305.556407744065 -5.6142797828670161e-02
0006 2021-09-21T05:22:46.000 3.650314652304703941e+03 1.088071824884202215e+03  5407342.062770786695 -2.7194800619849963e-01
0006 2021-09-21T05:22:56.000 4.173434198415345236e+03 1.354289470361235090e+03  5407379.222290071659 +6.0187512661173059e-02
0006 2021-09-21T05:23:06.000 4.581288276089153442e+03 1.413715036160648424e+03  5407416.235891721211 +1.4106519620531799e-01
0006 2021-09-21T05:23:16.000 5.426131176855995363e+03 1.731384244851535414e+03  5407453.233380589634 +1.0036598814349418e-01
0006 2021-09-21T05:23:26.000 6.061245052510732421e+03 1.722048869942667807e+03  5407490.378648876213 +1.0185903905164650e-01
0006 2021-09-21T05:23:36.000 4.888231280977624920e+03 1.432900727425982723e+03  5407527.330070236698 -1.9620409716560519e-01
0006 2021-09-21T05:23:46.000 6.291364137350353303e+03 1.789813753351626474e+03  5407564.918785816990 +3.7196649989596153e-02
0006 2021-09-21T05:23:56.000 5.072043701712384973e+03 1.601886737641871605e+03  5407602.179415822029 -1.6343847422547242e-01
0006 2021-09-21T05:24:06.000 4.248005713663741517e+03 1.268998182344196266e+03  5407639.950242104009 +4.0053619846048605e-02
0006 2021-09-21T05:24:16.000 5.160126922019184349e+03 1.604881500715101993e+03  5407677.847974603064 +2.6426538896430429e-01
0006 2021-09-21T05:24:26.000 3.316051156341735805e+03 1.137251259568356318e+03  5407715.477272112854 +1.1373951015593776e-01
0006 2021-09-21T05:24:36.000 6.459198508557163223e+03 1.845087982565042466e+03  5407753.402024643496 +1.5225132878549630e-01
0006 2021-09-21T05:24:46.000 4.253770725070610752e+03 1.288042806845778614e+03  5407791.320009628311 +7.7465143309154882e-02
0006 2021-09-21T05:24:56.000 3.519084293821012579e+03 1.086825927046583274e+03  5407829.733502038755 +3.9154440959691778e-01
0006 2021-09-21T05:25:06.000 3.786095414911840635e+03 1.301147467259693940e+03  5407867.706875904463 +1.5875334178599587e-01
0006 2021-09-21T05:25:16.000 5.205380888458589652e+03 1.712579536303872828e+03  5407905.651289049536 -2.0985826380467645e-01
0006 2021-09-21T05:25:26.000 6.208163227265636124e+03 1.939667392744565632e+03  5407944.194464139640 -8.6673899854190495e-02
0006 2021-09-21T05:25:36.000 5.328730676802117159e+03 1.532242189390431122e+03  5407982.932139098644 +1.2394015311485872e-01
0006 2021-09-21T05:25:46.000 5.002681339825001487e+03 1.315864894671655520e+03  5408021.499677324668 +5.7245122294148125e-02
0006 2021-09-21T05:25:56.000 4.404091879215915469e+03 1.487586882119376014e+03  5408060.383218836039 +1.9928098312163911e-01
0006 2021-09-21T05:26:06.000 5.591232906828006890e+03 1.664019144999549553e+03  5408099.139003147371 +1.0618941003860982e-01
0006 2021-09-21T05:26:16.000 5.360259533996270875e+03 1.532143244479382247e+03  5408137.765860277228 -2.2329512875091953e-01
0006 2021-09-21T05:26:26.000 7.276992202247303794e+03 1.990738655389865926e+03  5408176.873437277041 -1.7961875823448281e-01
0006 2021-09-21T05:26:36.000 4.599119842805792359e+03 1.444414186090439671e+03  5408215.853758624755 -3.7084771721674770e-01
0006 2021-09-21T05:26:46.000 4.048482406139343311e+03 1.259122615010021946e+03  5408255.519353987649 +1.5459486651707266e-02
0006 2021-09-21T05:26:56.000 4.673128408187033529e+03 1.320641505578578744e+03  5408295.063696946017 +1.7269088057560111e-01
0006 2021-09-21T05:27:06.000 5.572470501191585754e+03 1.697495705048864465e+03  5408334.620793039910 +2.3476916780884949e-01
0006 2021-09-21T05:27:16.000 4.686857001675727588e+03 1.342463461386799963e+03  5408374.323718132451 +3.3469016521803496e-01
0006 2021-09-21T05:27:26.000 5.096089416211999378e+03 1.577987853240131699e+03  5408413.744315841235 +4.4220325113656152e-02
0006 2021-09-21T05:27:36.000 6.133395348557234684e+03 1.892498033536611956e+03  5408453.187809316441 -3.3149141356750533e-01
0006 2021-09-21T05:27:46.000 3.622530004965137778e+03 1.069022971671802679e+03  5408493.508167768829 +6.1453009615775045e-02
0006 2021-09-21T05:27:56.000 5.081556946008825435e+03 1.490218467933229931e+03  5408533.473210385069 -9.1952527237708637e-03
0006 2021-09-21T05:28:06.000 6.577230417152320115e+03 2.089959438011250768e+03  5408573.755843474530 +1.2940529856734884e-01
0006 2021-09-21T05:28:16.000 4.504423838447700291e+03 1.252075553231559525e+03  5408613.732266975567 -1.4660691657900315e-01
