# Observation conducted on 2021.09.08 at Yg rev. 2
# Base frequency: 0.00 MHz BW: 2 kHz dF: 0.4 Hz dT: 5.0 s Nscans: 2
# Format: scan | UTC Time |   Signal-to-Noise  |    Spectral max    | Freq detection [Hz] |   Doppler noise [Hz]  |
# 
0006 2021-09-08T03:10:05.000 1.667688954397345879e+04 3.588611451784932342e+03  5383127.394082667306 +8.2797856415481874e-03
0006 2021-09-08T03:10:15.000 1.692146771737844392e+04 3.513592622936127555e+03  5383182.601945182309 +1.7337095364155175e-02
0006 2021-09-08T03:10:25.000 1.569412256193215035e+04 3.689420593815826578e+03  5383237.868592733517 -2.7340288504547061e-03
0006 2021-09-08T03:10:35.000 1.506632552094847961e+04 3.559277612806780780e+03  5383293.251677840948 +5.5290592221126644e-03
0006 2021-09-08T03:10:45.000 1.465241183844211628e+04 3.699845762642783939e+03  5383348.700455434620 -8.8069680035687270e-03
0006 2021-09-08T03:10:55.000 1.635431294136701945e+04 3.666346595674795026e+03  5383404.242317052558 -1.8537265708800987e-02
0006 2021-09-08T03:11:05.000 1.806932602003713691e+04 3.707606468713791401e+03  5383459.882040959783 -1.9068746429752537e-02
0006 2021-09-08T03:11:15.000 1.510254007835430457e+04 3.675473349297186360e+03  5383515.628070836887 -2.1414195693978400e-03
0006 2021-09-08T03:11:25.000 1.592945140621586324e+04 3.720573315641455793e+03  5383571.428964204155 -1.9380034325990888e-02
0006 2021-09-08T03:11:35.000 1.654920844007941923e+04 3.626666505356964990e+03  5383627.360116243362 +4.4297067620391317e-03
0006 2021-09-08T03:11:45.000 1.580459482346012737e+04 3.696319175751852072e+03  5383683.352770549245 +3.5185811293558800e-04
0006 2021-09-08T03:11:55.000 1.532243252651804323e+04 3.545403446683035781e+03  5383739.449136223644 +1.0417269026675058e-02
0006 2021-09-08T03:12:05.000 1.610165887378371553e+04 3.556208306716808693e+03  5383795.625265154056 +1.0500826054794745e-02
0006 2021-09-08T03:12:15.000 1.539473222915973929e+04 3.667656978642025024e+03  5383851.867665045895 -1.3065568396768867e-02
0006 2021-09-08T03:12:25.000 1.636927208387830433e+04 3.680919144222645627e+03  5383908.226160294376 -1.0632161631292549e-02
0006 2021-09-08T03:12:35.000 1.578292908125506074e+04 3.488413525613984802e+03  5383964.698792934418 +1.5669547955781127e-02
0006 2021-09-08T03:12:45.000 1.401582067045867188e+04 3.296837312699024096e+03  5384021.247079310939 +2.7183437816120204e-02
0006 2021-09-08T03:12:55.000 1.476282131895039856e+04 3.611780050687636958e+03  5384077.858540469781 +1.1259104356099670e-02
0006 2021-09-08T03:13:05.000 1.550234644589785967e+04 3.580257161688615270e+03  5384134.570392331108 +4.9419945985391678e-03
0006 2021-09-08T03:13:15.000 1.475001029308611578e+04 3.510615877408287815e+03  5384191.384322507307 +9.7501766609866536e-03
0006 2021-09-08T03:13:25.000 1.430613764083339265e+04 3.532802833019149602e+03  5384248.280205089599 +5.3890772177282997e-03
0006 2021-09-08T03:13:35.000 1.644712226319329056e+04 3.603789127969843776e+03  5384305.265480044298 -8.6915935503384400e-04
0006 2021-09-08T03:13:45.000 1.500459877381388469e+04 3.515521480037162746e+03  5384362.361406006850 +1.2067067670614051e-02
0006 2021-09-08T03:13:55.000 1.430110121381610406e+04 3.344917115593902963e+03  5384419.545907712542 +2.1956206963977820e-02
0006 2021-09-08T03:14:05.000 1.492644003377823174e+04 3.631564057650688028e+03  5384476.778748312965 -1.1604174970671012e-02
0006 2021-09-08T03:14:15.000 1.535426140657057658e+04 3.663544718641815052e+03  5384534.144655511715 -4.0513054647135513e-03
0006 2021-09-08T03:14:25.000 1.618952353638962086e+04 3.619490779946916064e+03  5384591.598878044635 -3.0076925122557441e-04
0006 2021-09-08T03:14:35.000 1.492304282722304379e+04 3.599680223002537787e+03  5384649.145333884284 +3.4016473962310560e-03
0006 2021-09-08T03:14:45.000 1.566690086933277598e+04 3.633294602364584080e+03  5384706.768567504361 -8.5628172378164891e-03
0006 2021-09-08T03:14:55.000 1.467003189560563987e+04 3.616041504172255827e+03  5384764.480718960054 -2.4216877311800999e-02
0006 2021-09-08T03:15:05.000 1.438601271033751254e+04 3.526093891385663937e+03  5384822.312059536576 -1.3451584533413552e-02
0006 2021-09-08T03:15:15.000 1.712131820777666871e+04 3.635457695628606416e+03  5384880.230699335225 -8.3187930463282100e-03
0006 2021-09-08T03:15:25.000 1.495995765515411586e+04 3.558874591305595459e+03  5384938.241044269875 -4.5742116358269405e-03
0006 2021-09-08T03:15:35.000 1.505744421185898682e+04 3.603110251196920217e+03  5384996.339586470276 -5.8870387329079676e-03
0006 2021-09-08T03:15:45.000 1.631578209328949561e+04 3.647042137027220633e+03  5385054.518140585162 -2.0603712411798369e-02
0006 2021-09-08T03:15:55.000 1.683694746238084917e+04 3.588692990043606187e+03  5385112.828781228513 +3.1894970983330491e-03
0006 2021-09-08T03:16:05.000 1.650848472485437378e+04 3.479752966519063193e+03  5385171.167559065856 -3.8617479624690525e-02
0006 2021-09-08T03:16:15.000 1.710009420746823889e+04 3.653593425986844977e+03  5385229.661848771386 -1.8810589159215848e-02
0006 2021-09-08T03:16:25.000 1.441410996901964245e+04 3.411352950980725382e+03  5385288.278853821568 +2.9653083891048478e-02
0006 2021-09-08T03:16:35.000 1.576357693274324629e+04 3.392131352122451062e+03  5385346.941248839721 +2.9287619045817337e-02
0006 2021-09-08T03:16:45.000 1.617602655347447944e+04 3.573013757148841705e+03  5385405.717208611779 +4.8107228668641255e-02
0006 2021-09-08T03:16:55.000 1.618004128172035598e+04 3.471102114434580017e+03  5385464.534718449228 +1.3936579800429172e-02
0006 2021-09-08T03:17:05.000 1.571628125140996781e+04 3.572766777346571416e+03  5385523.468779372051 +1.6159226453282829e-03
0006 2021-09-08T03:17:15.000 1.780925329951897947e+04 3.543211636662332694e+03  5385582.508906262927 +4.9921244067263615e-04
0006 2021-09-08T03:17:25.000 1.611655702424839183e+04 3.482746878586074217e+03  5385641.656694237143 +1.2020421075703780e-02
0006 2021-09-08T03:17:35.000 1.550942238345182341e+04 3.624269615985471773e+03  5385700.879991952330 +3.8668083185484647e-03
0006 2021-09-08T03:17:45.000 1.584117667987912318e+04 3.569300905144656099e+03  5385760.204404559918 +1.4818251902397606e-03
0006 2021-09-08T03:17:55.000 1.527965977625324376e+04 3.480473727326040716e+03  5385819.632855836302 +7.6271985681160004e-03
0006 2021-09-08T03:18:05.000 1.654497837845137838e+04 3.597190803111466721e+03  5385879.140988984145 -2.2163080011523562e-03
0006 2021-09-08T03:18:15.000 1.598081488744745184e+04 3.560256530196242238e+03  5385938.747916913591 -9.0986634488672280e-03
0006 2021-09-08T03:18:25.000 1.521358960108966676e+04 3.620411048506738553e+03  5385998.450106034055 -1.6716821674094717e-02
0006 2021-09-08T03:18:35.000 1.601320690060695233e+04 3.652759519471847852e+03  5386058.268982069567 -3.8089558744331953e-03
0006 2021-09-08T03:18:45.000 1.623105247263927049e+04 3.573893276751880876e+03  5386118.171753692441 -3.3308595633343434e-03
0006 2021-09-08T03:18:55.000 1.489374420165639276e+04 3.610834762764732659e+03  5386178.151821259409 -2.2047268434221223e-02
0006 2021-09-08T03:19:05.000 1.664047485095530283e+04 3.556518374019768089e+03  5386238.268240135163 -1.0685704561410605e-03
0006 2021-09-08T03:19:15.000 1.608545161472504515e+04 3.618250568852751258e+03  5386298.461598603055 +2.7045645765610967e-05
0006 2021-09-08T03:19:25.000 1.512066428696919684e+04 3.610519910156987862e+03  5386358.764191367663 +1.3367059071129006e-02
0006 2021-09-08T03:19:35.000 1.433145491887386379e+04 3.498848117667512724e+03  5386419.152152048424 +1.4917061493292747e-02
0006 2021-09-08T03:19:45.000 1.639224691190638623e+04 3.611817633267311066e+03  5386479.628600747325 +7.6282739211137587e-03
0006 2021-09-08T03:19:55.000 1.536820409737781119e+04 3.558092489816583111e+03  5386540.199720358476 -2.4861818417321047e-03
0006 2021-09-08T03:20:05.000 1.388673571994255144e+04 3.501539552676368203e+03  5386600.894694468938 +1.3586568359642117e-02
0006 2021-09-08T03:20:15.000 1.585140273727709427e+04 3.603392038619505456e+03  5386661.655537612736 -2.3106375235784071e-03
0006 2021-09-08T03:20:25.000 1.701530609697570981e+04 3.601398600866364632e+03  5386722.504097821191 -2.8502501145794668e-02
0006 2021-09-08T03:20:35.000 1.535067234974280291e+04 3.550935405082764646e+03  5386783.505941860378 +4.0393927804416313e-04
0006 2021-09-08T03:20:45.000 1.651796203641843749e+04 3.638154636120911164e+03  5386844.574756024405 -2.0799524670565006e-03
0006 2021-09-08T03:20:55.000 1.565421712254441991e+04 3.498723340069430833e+03  5386905.756518832408 +9.8482484039550400e-03
0006 2021-09-08T03:21:05.000 1.606530331493989615e+04 3.603144827036321658e+03  5386967.007950468920 -7.2685839438690900e-03
0006 2021-09-08T03:21:15.000 1.369373638491281054e+04 3.629960959644539798e+03  5387028.372464878485 -1.0195075762567283e-02
0006 2021-09-08T03:21:25.000 1.494883101279280891e+04 3.633945196575039063e+03  5387089.825874621980 -2.3298537362506977e-02
0006 2021-09-08T03:21:35.000 1.855157501011921340e+04 3.652658581616945412e+03  5387151.409630812705 -5.3090810540652456e-03
0006 2021-09-08T03:21:45.000 1.633361885893204089e+04 3.564263936024904979e+03  5387213.095130539499 +1.4987762891564673e-02
0006 2021-09-08T03:21:55.000 1.538659994350925444e+04 3.443230868759698296e+03  5387274.885956192389 +4.0990323134451501e-02
0006 2021-09-08T03:22:05.000 1.558546144892708799e+04 3.591074647514300068e+03  5387336.713074835949 +3.4801192614395404e-03
0006 2021-09-08T03:22:15.000 1.620718405062259990e+04 3.643557255238416019e+03  5387398.656574481167 -1.7641921438553254e-02
0006 2021-09-08T03:22:25.000 1.813629197738488074e+04 3.616184841851206329e+03  5387460.719368814491 -1.9650769463623877e-02
0006 2021-09-08T03:22:35.000 1.474875821643386371e+04 3.599765124663150345e+03  5387522.903875399381 -3.1914361159124383e-04
0006 2021-09-08T03:22:45.000 1.421749790980433136e+04 3.565314570154403100e+03  5387585.167068669572 -2.8645608565511797e-03
0006 2021-09-08T03:22:55.000 1.609389184477927120e+04 3.652977279948033811e+03  5387647.533460876904 -2.9684353007723985e-03
0006 2021-09-08T03:23:05.000 1.717948399769033858e+04 3.601093202054459198e+03  5387710.000495417975 -3.3827970712536626e-03
0006 2021-09-08T03:23:15.000 1.522297683744954338e+04 3.463536079678113765e+03  5387772.586139610037 +1.3662438946994373e-02
0006 2021-09-08T03:23:25.000 1.554636978966623610e+04 3.681132767447440074e+03  5387835.231816449203 -1.0608815968112140e-02
0006 2021-09-08T03:23:35.000 1.509105251129350836e+04 3.559023033055007545e+03  5387898.023055512458 +9.1320360527333833e-03
0006 2021-09-08T03:23:45.000 1.376597973923820064e+04 3.464258438151933660e+03  5387960.909451617859 +2.2276887786006228e-02
0006 2021-09-08T03:23:55.000 1.638532924857885519e+04 3.577853079418844118e+03  5388023.864823113196 +2.4391772523131290e-03
0006 2021-09-08T03:24:05.000 1.639696216307475333e+04 3.569793620767399261e+03  5388086.946813751012 +7.0557082170807917e-03
0006 2021-09-08T03:24:15.000 1.575253394726760416e+04 3.550961231207392757e+03  5388150.113822150975 -5.6839210963062206e-03
0006 2021-09-08T03:24:25.000 1.533175383777113166e+04 3.419952686754524620e+03  5388213.421161287464 +1.9322109235190513e-02
0006 2021-09-08T03:24:35.000 1.551350874510048743e+04 3.477857704388088678e+03  5388276.803621851839 +1.6651175724518907e-02
0006 2021-09-08T03:24:45.000 1.442268316596047043e+04 3.513400686167434287e+03  5388340.270176798105 -4.9393095346204063e-03
0006 2021-09-08T03:24:55.000 1.719821913948581278e+04 3.620373385081110428e+03  5388403.862183780409 -4.3094867556874314e-03
0006 2021-09-08T03:25:05.000 1.635130712247347219e+04 3.524359066944904043e+03  5388467.562721370719 +1.3991056200666208e-03
0006 2021-09-08T03:25:15.000 1.461812199483500626e+04 3.492295400255338336e+03  5388531.379063080065 +1.9237525261132760e-02
0006 2021-09-08T03:25:25.000 1.630969851647885116e+04 3.594324277767832882e+03  5388595.261336625554 -8.9137128441052482e-04
0006 2021-09-08T03:25:35.000 1.834489630407316145e+04 3.629013199158239786e+03  5388659.264678936452 -4.0779554027494660e-03
0006 2021-09-08T03:25:45.000 1.362390472345264425e+04 3.534413756690305036e+03  5388723.387281716801 +7.6396881433993249e-03
0006 2021-09-08T03:25:55.000 1.464718848125078875e+04 3.403228834968674619e+03  5388787.603403416462 +8.2876823172455261e-03
0006 2021-09-08T03:26:05.000 1.614521866179658718e+04 3.629366644878262377e+03  5388851.900867228396 -1.4545685882239924e-02
0006 2021-09-08T03:26:15.000 1.531094822830714111e+04 3.484448552383440983e+03  5388916.343234775588 +2.4636722048398951e-03
0006 2021-09-08T03:26:25.000 1.598673446212065210e+04 3.609904446258456574e+03  5388980.828250052407 -4.3180452552974202e-02
0006 2021-09-08T03:26:35.000 1.654003742554076234e+04 3.579237043876486041e+03  5389045.495692847297 -1.1941195052486364e-02
0006 2021-09-08T03:26:45.000 1.443177049919234378e+04 3.400084955730012553e+03  5389110.243442332372 -6.1850661464859513e-03
0006 2021-09-08T03:26:55.000 1.492925527546167177e+04 3.558733023183872774e+03  5389175.081735678948 -1.5923389657928055e-02
0006 2021-09-08T03:27:05.000 1.328154161622174797e+04 3.380755395125519499e+03  5389240.057993422262 +6.0130219408165431e-03
0006 2021-09-08T03:27:15.000 1.525531974461029677e+04 3.447220421775066825e+03  5389305.172323686071 +5.9478043692251958e-02
0006 2021-09-08T03:27:25.000 1.367207039059819181e+04 3.520662694790928072e+03  5389370.268083673902 -1.2428313530449486e-02
0006 2021-09-08T03:27:35.000 1.642324303648730347e+04 3.577745647721703790e+03  5389435.536352313124 -1.8887304759687140e-02
0006 2021-09-08T03:27:45.000 1.502747718241231632e+04 3.384806560594754501e+03  5389500.950863796286 +1.3572039337759634e-02
0006 2021-09-08T03:27:55.000 1.465559427843406411e+04 3.388543486347955877e+03  5389566.424897993915 -2.0367118929698336e-03
0006 2021-09-08T03:28:05.000 1.476265435445538242e+04 3.327158075039884807e+03  5389632.030559563078 +6.1216685395493195e-03
0006 2021-09-08T03:28:15.000 1.542521832802516838e+04 3.325534293685591820e+03  5389697.729254390113 -8.1953732876627328e-04
0007 2021-09-08T03:30:05.000 1.724034544531174834e+04 3.683539603237493793e+03  5390426.856663893908 +2.8335160606047798e-03
0007 2021-09-08T03:30:15.000 1.706866321654786225e+04 3.738243789171296612e+03  5390493.861970230006 +7.0683826681943165e-03
0007 2021-09-08T03:30:25.000 1.635177799230474011e+04 3.680156641212804971e+03  5390560.974714919925 +8.2038506823209900e-03
0007 2021-09-08T03:30:35.000 1.465187970081673120e+04 3.637494016508852837e+03  5390628.173341946676 -1.5531587734358254e-02
0007 2021-09-08T03:30:45.000 1.573397226994713674e+04 3.605350610877608688e+03  5390695.504625076428 -1.7580996857873288e-02
0007 2021-09-08T03:30:55.000 1.478994278411220876e+04 3.663563851133208573e+03  5390762.958073641174 -8.6532208134713073e-03
0007 2021-09-08T03:31:05.000 1.734510544508368548e+04 3.753273641959885026e+03  5390830.545996748842 +2.3341331784763497e-02
0007 2021-09-08T03:31:15.000 1.859483903209200071e+04 3.575496953777250837e+03  5390898.179916603491 -1.0295985197444679e-02
0007 2021-09-08T03:31:25.000 1.655279513256979044e+04 3.682673271988767283e+03  5390965.972254229710 +2.6336614185993312e-03
0007 2021-09-08T03:31:35.000 1.561386112188038715e+04 3.651349608846902356e+03  5391033.863968753256 +2.8658766478883990e-03
0007 2021-09-08T03:31:45.000 1.748011217067807956e+04 3.554556330379208703e+03  5391101.860938077793 -3.9462955467115535e-03
0007 2021-09-08T03:31:55.000 1.573171033848775915e+04 3.671100726162641422e+03  5391169.993993920274 +1.2802682126789476e-02
0007 2021-09-08T03:32:05.000 1.576414653586363420e+04 3.607365961191407223e+03  5391238.197277064435 -1.2973922975788810e-02
0007 2021-09-08T03:32:15.000 1.704255060942794807e+04 3.485269459159098460e+03  5391306.529209280387 -2.3083172668975749e-02
0007 2021-09-08T03:32:25.000 1.537948528094658468e+04 3.643694539279496894e+03  5391375.008092723787 +5.4692215144314105e-04
0007 2021-09-08T03:32:35.000 1.541017740187311210e+04 3.658696479185872704e+03  5391443.586116894148 +9.8743818625735003e-03
0007 2021-09-08T03:32:45.000 1.512753108780695402e+04 3.615568667757418552e+03  5391512.252942848019 -5.6725376712165598e-03
0007 2021-09-08T03:32:55.000 1.547463132086114820e+04 3.637953048753772691e+03  5391581.061467538588 +6.5689975964460245e-03
0007 2021-09-08T03:33:05.000 1.719202872153887802e+04 3.759238539210959061e+03  5391649.983217678033 +1.7890267593998033e-02
0007 2021-09-08T03:33:15.000 1.504305209021903283e+04 3.616971611165496142e+03  5391718.991737474687 +1.5987349114539029e-03
0007 2021-09-08T03:33:25.000 1.726053988412992840e+04 3.572360547795899947e+03  5391788.120874760672 -8.6958226983142595e-03
0007 2021-09-08T03:33:35.000 1.596203197824201561e+04 3.671370541903276717e+03  5391857.385557367466 +1.6950596809692795e-03
0007 2021-09-08T03:33:45.000 1.714801338020854018e+04 3.701028146709235898e+03  5391926.766604964621 +1.3350384981663410e-02
0007 2021-09-08T03:33:55.000 1.671632149829085756e+04 3.655561834750702474e+03  5391996.243316800334 +5.3274215280225690e-03
0007 2021-09-08T03:34:05.000 1.485731035725517177e+04 3.448604202684453412e+03  5392065.813792463392 -2.4517514428680443e-02
0007 2021-09-08T03:34:15.000 1.636177363986840828e+04 3.639317973573412928e+03  5392135.558090369217 +3.6294127595510872e-03
0007 2021-09-08T03:34:25.000 1.525878189819229556e+04 3.757289270676983051e+03  5392205.395109313540 +8.4211256585149368e-03
0007 2021-09-08T03:34:35.000 1.622156480349091544e+04 3.703121424542560817e+03  5392275.339300264604 +4.0614199207311685e-03
0007 2021-09-08T03:34:45.000 1.535498633564024385e+04 3.677206254393735890e+03  5392345.400150885805 -2.1050074883532943e-04
0007 2021-09-08T03:34:55.000 1.776736102202388793e+04 3.769109820116646461e+03  5392415.596589180641 +1.4283607345987548e-02
0007 2021-09-08T03:35:05.000 1.429486418622909514e+04 3.692580639866551337e+03  5392485.885625431314 +4.3029855513623261e-03
0007 2021-09-08T03:35:15.000 1.599574638658264848e+04 3.671695875212388728e+03  5392556.293412609026 -4.2517289942907164e-03
0007 2021-09-08T03:35:25.000 1.444578778614399562e+04 3.587162387445262539e+03  5392626.822575972416 -9.0088946127480085e-03
0007 2021-09-08T03:35:35.000 1.425899821744474320e+04 3.645087808619000043e+03  5392697.489724320360 +6.3853876476969162e-03
0007 2021-09-08T03:35:45.000 1.712300078414729069e+04 3.675497974176323169e+03  5392768.249230211601 -3.9525036312397788e-03
0007 2021-09-08T03:35:55.000 1.662743740326724946e+04 3.675417888181643775e+03  5392839.150291014463 +8.9173401187281343e-03
0007 2021-09-08T03:36:05.000 1.801876014711067910e+04 3.560051069575014481e+03  5392910.129806933925 -1.8363612632242621e-02
0007 2021-09-08T03:36:15.000 1.530110024267821609e+04 3.684617602560428622e+03  5392981.272310051136 -1.5232916364311675e-03
0007 2021-09-08T03:36:25.000 1.634452847449783985e+04 3.651298437483420003e+03  5393052.532201504335 +1.3578159238250008e-02
0007 2021-09-08T03:36:35.000 1.549821673489367458e+04 3.680471428886943158e+03  5393123.873916020617 -8.8870868416961457e-03
0007 2021-09-08T03:36:45.000 1.619327806266235530e+04 3.691964940187138382e+03  5393195.356522147544 -1.0114303660657242e-02
0007 2021-09-08T03:36:55.000 1.573073266400126886e+04 3.640021872275239275e+03  5393266.981495020911 +1.1106556902632292e-02
0007 2021-09-08T03:37:05.000 1.582622097522636614e+04 3.634719468225427136e+03  5393338.685815297998 -8.5101989155873525e-03
0007 2021-09-08T03:37:15.000 1.472522492857125690e+04 3.606360643710612749e+03  5393410.527780773118 -1.0934390324109700e-02
0007 2021-09-08T03:37:25.000 1.592730535763747139e+04 3.710880346382804873e+03  5393482.501612023450 -2.2143116007100616e-03
0007 2021-09-08T03:37:35.000 1.568282735006092844e+04 3.755995037299983323e+03  5393554.593184567057 +3.2554241763591563e-03
0007 2021-09-08T03:37:45.000 1.593927188880213544e+04 3.640366649802480879e+03  5393626.792445268482 -4.8497039254016272e-03
0007 2021-09-08T03:37:55.000 1.569909696819239616e+04 3.647509510236087408e+03  5393699.116297809407 -9.8986535216454268e-03
0007 2021-09-08T03:38:05.000 1.828995952164784831e+04 3.650285769366879322e+03  5393771.563642991707 -1.3264512760315483e-02
0007 2021-09-08T03:38:15.000 1.594725603149972085e+04 3.681547303321620802e+03  5393844.134720128961 -1.4983105826559040e-02
0007 2021-09-08T03:38:25.000 1.487335624593068314e+04 3.645218301877388967e+03  5393916.845892545767 +1.0325035337928057e-03
0007 2021-09-08T03:38:35.000 1.584349055101450358e+04 3.714960199034299421e+03  5393989.664073937573 +1.4183816753075007e-03
0007 2021-09-08T03:38:45.000 1.736259806176881102e+04 3.545484095005092968e+03  5394062.620109660551 +1.6741012079251050e-02
0007 2021-09-08T03:38:55.000 1.481041374883824028e+04 3.423309159122948586e+03  5394135.702142531984 +3.4863093510125509e-02
0007 2021-09-08T03:39:05.000 1.621718891517652082e+04 3.595177254662068663e+03  5394208.872897871770 +1.8228598333507762e-02
0007 2021-09-08T03:39:15.000 1.468930602643307066e+04 3.593158867906728574e+03  5394282.166819581762 +9.9883829739155750e-04
0007 2021-09-08T03:39:25.000 1.547414565202047197e+04 3.607804832043912029e+03  5394355.596184255555 -4.8334192524635000e-03
0007 2021-09-08T03:39:35.000 1.629191919128962036e+04 3.605938245399020616e+03  5394429.170447033830 +9.9019175279408955e-03
0007 2021-09-08T03:39:45.000 1.529939558342252349e+04 3.613332228627225504e+03  5394502.850934670307 +6.2453120243617377e-03
0007 2021-09-08T03:39:55.000 1.769661280643814098e+04 3.643212576553034523e+03  5394576.638351464644 -1.5386446545903707e-02
0007 2021-09-08T03:40:05.000 1.623653132486751565e+04 3.630482497797312135e+03  5394650.570064111613 -1.7915403536449048e-02
0007 2021-09-08T03:40:15.000 1.444829184347923183e+04 3.623364623930603102e+03  5394724.637693672441 -1.0010457779003444e-02
0007 2021-09-08T03:40:25.000 1.622828338573020847e+04 3.568926874210070764e+03  5394798.801067689434 -3.2135252069224407e-02
0007 2021-09-08T03:40:35.000 1.509451075601072807e+04 3.671905200069976672e+03  5394873.147630868480 +2.8625169883298440e-03
0007 2021-09-08T03:40:45.000 1.535237768191903888e+04 3.579691852311308139e+03  5394947.590285761282 +7.5917807851055841e-03
0007 2021-09-08T03:40:55.000 1.592024866424636275e+04 3.572344607815645304e+03  5395022.154273529537 +6.9988648010621546e-03
0007 2021-09-08T03:41:05.000 1.518794527462595033e+04 3.564703813063102189e+03  5395096.857105492614 +1.8299041348086572e-02
0007 2021-09-08T03:41:15.000 1.619624760781926489e+04 3.645829614395155204e+03  5395171.652450773865 -5.1358252333102428e-03
0007 2021-09-08T03:41:25.000 1.645751847615899533e+04 3.688706515323076928e+03  5395246.600345036015 -3.5685400629290598e-03
0007 2021-09-08T03:41:35.000 1.777774531115053105e+04 3.620357098289118312e+03  5395321.687290835194 +9.2037783282421515e-03
0007 2021-09-08T03:41:45.000 1.587373014855869587e+04 3.689431383346019174e+03  5395396.878624826670 -1.7830941526426614e-03
0007 2021-09-08T03:41:55.000 1.331118678343500687e+04 3.627134980786210235e+03  5395472.209655043669 -1.5232059729441971e-03
0007 2021-09-08T03:42:05.000 1.634200030660659286e+04 3.643838614606548617e+03  5395547.677876809612 +7.1754863291744186e-03
0007 2021-09-08T03:42:15.000 1.608108780431746345e+04 3.513041140087439089e+03  5395623.279132308438 +1.9850685321557648e-02
0007 2021-09-08T03:42:25.000 1.673720211700697473e+04 3.715354324598796666e+03  5395698.971618737094 -5.6060878411017256e-03
0007 2021-09-08T03:42:35.000 1.592520184749439613e+04 3.599522672553971915e+03  5395774.841264187358 +1.6426390081846876e-02
0007 2021-09-08T03:42:45.000 1.630003358063497217e+04 3.660298267714770191e+03  5395850.810747159645 +8.3185576102096093e-03
0007 2021-09-08T03:42:55.000 1.421693113440196794e+04 3.628660676802409398e+03  5395926.923467542976 +1.3161052330019627e-02
0007 2021-09-08T03:43:05.000 1.539871606752998014e+04 3.621953534870106523e+03  5396003.159825137816 +1.1043237021681309e-02
0007 2021-09-08T03:43:15.000 1.410465140290411000e+04 3.656149589204263066e+03  5396079.523438719101 +5.2722618733014323e-03
0007 2021-09-08T03:43:25.000 1.557972126795151235e+04 3.692182471227516089e+03  5396156.017488694750 -1.2842722068171495e-03
0007 2021-09-08T03:43:35.000 1.628796469387768411e+04 3.675196247355507239e+03  5396232.649950501509 -9.6491750582572411e-04
0007 2021-09-08T03:43:45.000 1.470273826862245005e+04 3.592417848795468217e+03  5396309.409407343715 -5.5016368908127325e-03
0007 2021-09-08T03:43:55.000 1.534251579767322619e+04 3.614953797611941809e+03  5396386.294684110209 -1.6385885164481806e-02
0007 2021-09-08T03:44:05.000 1.834974871145904035e+04 3.644888974073788177e+03  5396463.340311824344 +5.9584108794297208e-04
0007 2021-09-08T03:44:15.000 1.694038359182753993e+04 3.637654946146911243e+03  5396540.500171297230 -9.9434027765710198e-04
0007 2021-09-08T03:44:25.000 1.587555962466862366e+04 3.613889526309487792e+03  5396617.802013100125 +6.2742817093521808e-03
0007 2021-09-08T03:44:35.000 1.581561781170081485e+04 3.551902108663402942e+03  5396695.214770632796 -8.9859237805285375e-03
0007 2021-09-08T03:44:45.000 1.633781602800586370e+04 3.604063040886985618e+03  5396772.775948861614 -9.5921899767290597e-03
0007 2021-09-08T03:44:55.000 1.829630517038335893e+04 3.586975545474116188e+03  5396850.473924759775 -7.4909035511154781e-03
0007 2021-09-08T03:45:05.000 1.482702503383890689e+04 3.463895010291812468e+03  5396928.289123809896 -2.2581105571930493e-02
0007 2021-09-08T03:45:15.000 1.375806910826708736e+04 3.484367373512708582e+03  5397006.256262744777 -2.0471747374244838e-02
0007 2021-09-08T03:45:25.000 1.493293081339067612e+04 3.611706190014867843e+03  5397084.299455972388 -7.7375260476287622e-02
0007 2021-09-08T03:45:35.000 1.442386948656738605e+04 3.413047619773324186e+03  5397162.585439986549 -2.6883151641072800e-02
0007 2021-09-08T03:45:45.000 1.616288689472527403e+04 3.566999850556396723e+03  5397241.025052776560 +4.1513421297395325e-02
0007 2021-09-08T03:45:55.000 1.690903888414657922e+04 3.639166601408584938e+03  5397319.513436752371 +2.2626563716016793e-02
0007 2021-09-08T03:46:05.000 1.588680941561383224e+04 3.638538993911862235e+03  5397398.160090295598 +2.5623208799515847e-02
0007 2021-09-08T03:46:15.000 1.545543375115207709e+04 3.640509951535209439e+03  5397476.918733678758 +3.8910279764650113e-03
0007 2021-09-08T03:46:25.000 1.668667156579486618e+04 3.666108704059007778e+03  5397555.830139422789 -2.1312021657422520e-03
0007 2021-09-08T03:46:35.000 1.693421444589337261e+04 3.689493858502063176e+03  5397634.884124499746 -2.9613937588237604e-03
0007 2021-09-08T03:46:45.000 1.520938406975503676e+04 3.640888932898672920e+03  5397714.084814649075 +5.1901640149480963e-03
0007 2021-09-08T03:46:55.000 1.646239804758892569e+04 3.662378930068855880e+03  5397793.407901000232 -2.3225680721452591e-03
0007 2021-09-08T03:47:05.000 1.437979053980178833e+04 3.576721760780308159e+03  5397872.893286193721 +1.4064751292380606e-02
0007 2021-09-08T03:47:15.000 1.339055226202036829e+04 3.476867352011745425e+03  5397952.509151193313 +2.2193645513766569e-02
0007 2021-09-08T03:47:25.000 1.546082947816840351e+04 3.494547429497171379e+03  5398032.250257818028 +1.6485364693721749e-02
0007 2021-09-08T03:47:35.000 1.333775948608883664e+04 3.479736448800676044e+03  5398112.124440981075 +4.4331204693435211e-03
0007 2021-09-08T03:47:45.000 1.648616705259167065e+04 3.449671266736205325e+03  5398192.154351706617 +8.3451114810486615e-03
0007 2021-09-08T03:47:55.000 1.455685999547794017e+04 3.451827983214296182e+03  5398272.303312996402 -8.7996160693819530e-03
0007 2021-09-08T03:48:05.000 1.574365550057045948e+04 3.495829671219397369e+03  5398352.605506712571 -1.3164280200385292e-02
0007 2021-09-08T03:48:15.000 1.516526883074589932e+04 3.392000663130761041e+03  5398433.049337245524 -1.6690686378524333e-02
