# Observation conducted on 2021.09.15 at Ke rev. 2
# Base frequency: 8410.00 MHz BW: 2 kHz dF: 0.2 Hz dT: 10.0 s Nscans: 7
# Format: scan | UTC Time |   Signal-to-Noise  |    Spectral max    | Freq detection [Hz] |   Doppler noise [Hz]  |
# 
0003 2021-09-15T00:40:05.000 5.916818297128100994e+02 1.098556054686845528e+03 40780018.483257502317 +8.8789235556760090e-02
0003 2021-09-15T00:40:15.000 4.963063242634307244e+02 8.182525170877451046e+02 40779974.483275443316 +2.9705765750372848e-01
0003 2021-09-15T00:40:25.000 4.685738785698588913e+02 7.085466581904437362e+02 40779930.136641457677 -1.3170551187533874e-01
0003 2021-09-15T00:40:35.000 4.527746874109865871e+02 7.367012665723149212e+02 40779886.641265437007 +1.8118724254918559e-03
0003 2021-09-15T00:40:45.000 4.600823335519049806e+02 7.824377097266090004e+02 40779842.999495126307 -2.9864879460615162e-01
0003 2021-09-15T00:40:55.000 4.065185594228916557e+02 6.447744063450459180e+02 40779800.148483276367 -9.4549745179392644e-02
0003 2021-09-15T00:41:05.000 5.103214036814190422e+02 7.664535280844693261e+02 40779757.404292941093 -6.8451403389303778e-02
0003 2021-09-15T00:41:15.000 5.094146502186583803e+02 7.294257514630137393e+02 40779714.747209891677 -2.3870007952882588e-01
0003 2021-09-15T00:41:25.000 3.194354957027796331e+02 5.064207228141947326e+02 40779672.850333258510 +6.9162835925226318e-02
0003 2021-09-15T00:41:35.000 4.310703471154968724e+02 7.951219685832749065e+02 40779631.015816390514 +1.5864159207569628e-01
0003 2021-09-15T00:41:45.000 5.531762401968073846e+02 7.048819673096072620e+02 40779589.206466525793 -6.1140923694438243e-03
0003 2021-09-15T00:41:55.000 4.457672742255227831e+02 5.039871705954768686e+02 40779547.856174431741 +1.0120538265596224e-02
0003 2021-09-15T00:42:05.000 3.954205206390124090e+02 5.646807476821160208e+02 40779506.743049994111 -1.3219019786674837e-02
0003 2021-09-15T00:42:15.000 3.788018114516902983e+02 4.862664352822041565e+02 40779466.145540088415 +2.0363128563360533e-01
0003 2021-09-15T00:42:25.000 4.181760915760788748e+02 5.440909892017421043e+02 40779425.560253694654 +1.5858923058181065e-01
0003 2021-09-15T00:42:35.000 4.224262993346872577e+02 6.155217797689539339e+02 40779385.003191560507 -1.3104402933583970e-01
0003 2021-09-15T00:42:45.000 3.851363083497856223e+02 5.711477852412679113e+02 40779345.033212207258 -1.0511784852587880e-01
0003 2021-09-15T00:42:55.000 4.721369191523338600e+02 9.470795216567139505e+02 40779305.455560378730 +4.2896294786714861e-02
0003 2021-09-15T00:43:05.000 4.370562930681311400e+02 5.595211022339481133e+02 40779265.922586448491 -3.3375763502704103e-02
0003 2021-09-15T00:43:15.000 3.840968659699350951e+02 5.771837040629008015e+02 40779226.692116223276 -7.4840978026600183e-02
0003 2021-09-15T00:43:25.000 5.732359918749043572e+02 7.577576806261388356e+02 40779187.736576020718 -1.0781407514298280e-01
0003 2021-09-15T00:43:35.000 4.202825792493879362e+02 7.299212791439366583e+02 40779149.099113166332 -8.7897017596674218e-02
0003 2021-09-15T00:43:45.000 4.546523406683837720e+02 6.908320437439774651e+02 40779110.767471089959 -2.6103826053599729e-02
0003 2021-09-15T00:43:55.000 4.629549694169759277e+02 6.061259165162273348e+02 40779072.797549001873 +1.3469904533121735e-01
0003 2021-09-15T00:44:05.000 5.989388632536921477e+02 8.753798130623044926e+02 40779034.844317920506 +5.0708824447610816e-02
0003 2021-09-15T00:44:15.000 4.325780924462583243e+02 7.235412408716566688e+02 40778997.342235460877 +1.5760116834621840e-01
0003 2021-09-15T00:44:25.000 5.318478013155870485e+02 8.712248688940981083e+02 40778960.110347755253 +2.7563211562414835e-01
0003 2021-09-15T00:44:35.000 4.127667813316187448e+02 6.333475083936262990e+02 40778922.919169664383 +1.7651840427538446e-01
0003 2021-09-15T00:44:45.000 4.808600367153671868e+02 7.807537027961323020e+02 40778886.043590240180 +1.3634283653152579e-01
0003 2021-09-15T00:44:55.000 4.506625355346876063e+02 5.875257090559036897e+02 40778849.350406304002 +2.3087949866066992e-02
0003 2021-09-15T00:45:05.000 5.081550155063129637e+02 7.068957765056530889e+02 40778813.061290256679 +5.9603851201700309e-02
0003 2021-09-15T00:45:15.000 4.730719461460778916e+02 6.970073143946028722e+02 40778776.835691116750 -9.3490765277806531e-02
0003 2021-09-15T00:45:25.000 4.154757635652482577e+02 5.964191289206549982e+02 40778740.785809993744 -3.2283307844727460e-01
0003 2021-09-15T00:45:35.000 4.424105424268980755e+02 6.136462221298734221e+02 40778705.559962540865 +2.1046339268195879e-02
0003 2021-09-15T00:45:45.000 4.225726178482460682e+02 4.457254261869091465e+02 40778670.324253402650 +1.0539789992208172e-01
0003 2021-09-15T00:45:55.000 4.931793944003704837e+02 6.290664075279323697e+02 40778634.987880922854 -1.5944211119074225e-01
0003 2021-09-15T00:46:05.000 4.866192254459188007e+02 7.832929282690741957e+02 40778599.977645404637 -3.4554342593594362e-01
0003 2021-09-15T00:46:15.000 3.491497484062544459e+02 4.783148393907039804e+02 40778565.454094350338 -2.9123638134171870e-01
0003 2021-09-15T00:46:25.000 4.297097743171615321e+02 5.674574026289025142e+02 40778531.511678598821 +9.9044140090086316e-02
0003 2021-09-15T00:46:35.000 3.965705777777619119e+02 4.800664889156701634e+02 40778497.274544864893 -4.9448682204683791e-02
0003 2021-09-15T00:46:45.000 4.721273538788382211e+02 7.311664015082566266e+02 40778463.461910232902 -1.6399118511230881e-02
0003 2021-09-15T00:46:55.000 5.287280896582896048e+02 7.011274789696348080e+02 40778429.840956434608 -3.3534534372847702e-02
0003 2021-09-15T00:47:05.000 5.421982965795567679e+02 7.946460342836741120e+02 40778396.532515525818 +2.1060218533762051e-02
0003 2021-09-15T00:47:15.000 5.061341823673353701e+02 8.919045535420963233e+02 40778363.733027584851 +3.4490061145163509e-01
0003 2021-09-15T00:47:25.000 4.849998379295961399e+02 5.460475535654730947e+02 40778330.630243904889 +1.2680560846547451e-01
0003 2021-09-15T00:47:35.000 5.586667327992440732e+02 7.595315938887937364e+02 40778297.826804637909 -2.9524661435743841e-02
0003 2021-09-15T00:47:45.000 3.542278800931497358e+02 6.015404720245935550e+02 40778265.350268587470 -9.5479083094460293e-02
0003 2021-09-15T00:47:55.000 4.057377734609699473e+02 5.935182484240174290e+02 40778233.275737799704 +5.0890497968794079e-03
0003 2021-09-15T00:48:05.000 5.630415847615789744e+02 8.652602568786509210e+02 40778201.293816141784 -3.6179360817527602e-02
0003 2021-09-15T00:48:15.000 5.028708676426851980e+02 7.986621809963694432e+02 40778169.465727448463 -1.5703104845454163e-01
0003 2021-09-15T00:48:25.000 5.784093171275089844e+02 8.912301823397068574e+02 40778138.155876636505 +7.9607758774500326e-03
0003 2021-09-15T00:48:35.000 4.832421250657978931e+02 6.550129759393569202e+02 40778106.906865648925 +2.4123339767356806e-03
0003 2021-09-15T00:48:45.000 3.260098721364776679e+02 4.863784230080929660e+02 40778076.128195926547 +2.3683184042181440e-01
0003 2021-09-15T00:48:55.000 3.835619955462020130e+02 5.130192641398772366e+02 40778045.086131565273 -2.1517367964861481e-02
0003 2021-09-15T00:49:05.000 4.087419239039705872e+02 3.953652477454280643e+02 40778014.802506223321 +2.5019014154759134e-01
0003 2021-09-15T00:49:15.000 5.142686506515215115e+02 7.710068887173229086e+02 40777984.258891701698 +3.4510457606756965e-02
0003 2021-09-15T00:49:25.000 4.947904408235916662e+02 6.585869152434657963e+02 40777954.176924243569 +5.4056658757076555e-02
0003 2021-09-15T00:49:35.000 5.294867560523912289e+02 9.369381563735555574e+02 40777924.422656610608 +1.7585092477918352e-01
0003 2021-09-15T00:49:45.000 3.911838509845927092e+02 4.961648910689075933e+02 40777894.658560313284 +6.3326808641477328e-02
0003 2021-09-15T00:49:55.000 5.130244691325011672e+02 6.537217422785175813e+02 40777864.823997929692 -3.4319847115125413e-01
0003 2021-09-15T00:50:05.000 5.380329010101623908e+02 8.574277016116598134e+02 40777835.948094516993 -1.3652587549472628e-02
0003 2021-09-15T00:50:15.000 5.654445173543645069e+02 1.103477217936826264e+03 40777806.770619936287 -2.0732572534484461e-01
0003 2021-09-15T00:50:25.000 3.708204353674775007e+02 5.470153571595815265e+02 40777778.154550962150 -6.0308450371053368e-02
0003 2021-09-15T00:50:35.000 4.019442236533591881e+02 5.762627981940278232e+02 40777749.271912388504 -3.9965064922569127e-01
0003 2021-09-15T00:50:45.000 4.251732442975724666e+02 5.553937220481502663e+02 40777721.190298236907 -1.5684018708429903e-01
0003 2021-09-15T00:50:55.000 3.930816777996485598e+02 5.241438228219112716e+02 40777693.310224458575 +6.9549699651133778e-02
0003 2021-09-15T00:51:05.000 6.331157505596428337e+02 6.374895922522476894e+02 40777665.420767262578 +6.9498856075824733e-02
0003 2021-09-15T00:51:15.000 4.113520578749307788e+02 6.035960715615767640e+02 40777637.686465479434 +8.4425141789097307e-03
0003 2021-09-15T00:51:25.000 4.058814480249635039e+02 7.695383156304162640e+02 40777610.429365165532 +2.0931598963272793e-01
0003 2021-09-15T00:51:35.000 4.630310500465707264e+02 7.186046978302301795e+02 40777583.156444966793 +1.7997998519479097e-01
0003 2021-09-15T00:51:45.000 3.464996942568388363e+02 5.723054580658836130e+02 40777555.729484140873 -2.1691128458837736e-01
0003 2021-09-15T00:51:55.000 5.952845152734118983e+02 7.693406251669354106e+02 40777529.082814313471 -4.6158344339005446e-02
0003 2021-09-15T00:52:05.000 5.452250787932928233e+02 7.931856614946723312e+02 40777502.744381934404 +2.2104599379099452e-01
0003 2021-09-15T00:52:15.000 5.705327840889389108e+02 8.134607795844138991e+02 40777476.148082971573 +1.9451389953133003e-02
0003 2021-09-15T00:52:25.000 3.487312359523218674e+02 5.084637537752867047e+02 40777449.958804123104 +1.4791160890808897e-02
0003 2021-09-15T00:52:35.000 4.657486487999937594e+02 5.927177968931367786e+02 40777424.102531135082 +1.3389070475841436e-01
0003 2021-09-15T00:52:45.000 4.861861169072016651e+02 5.920343200404037134e+02 40777397.903326302767 -2.9835508295514046e-01
0003 2021-09-15T00:52:55.000 3.181837797824616132e+02 5.096498408540363130e+02 40777372.561917208135 -8.0392978823397243e-02
0003 2021-09-15T00:53:05.000 3.874815890088876813e+02 4.351785383453666327e+02 40777347.232569545507 -5.7138597650236982e-02
0003 2021-09-15T00:53:15.000 5.523440365860831207e+02 6.470477851095636197e+02 40777321.827460654080 -3.1560285660100362e-01
0003 2021-09-15T00:53:25.000 3.390966159107202316e+02 4.750226925397464015e+02 40777297.129129521549 -7.2441911766304656e-02
0003 2021-09-15T00:53:35.000 6.065967235126329342e+02 6.160178632217753147e+02 40777272.640285104513 +1.7585116527084210e-01
0003 2021-09-15T00:53:45.000 4.236680882634508976e+02 5.021476237910598570e+02 40777248.284093365073 +3.5323340658487723e-01
0003 2021-09-15T00:53:55.000 5.505471253962809897e+02 1.008659409104459996e+03 40777223.756203040481 +1.5613781142792504e-01
0003 2021-09-15T00:54:05.000 3.988010753407835978e+02 4.595730886618596855e+02 40777199.636907376349 +1.6563504667431062e-01
0003 2021-09-15T00:54:15.000 4.013167967714591100e+02 6.091645468984232821e+02 40777175.643666431308 +9.9955798191444956e-02
0003 2021-09-15T00:54:25.000 4.838159498322102650e+02 6.595174715440665523e+02 40777151.855699725449 +3.9083467854538874e-02
0003 2021-09-15T00:54:35.000 3.384360488113996439e+02 4.851266748798613548e+02 40777128.435396030545 +1.4616388421825377e-01
0003 2021-09-15T00:54:45.000 3.367732313783532732e+02 4.055850163506474928e+02 40777104.940284118056 -2.0523769615579116e-02
0003 2021-09-15T00:54:55.000 3.454106571549768887e+02 4.594738047114273058e+02 40777081.941204607487 +1.1060478050285384e-01
0003 2021-09-15T00:55:05.000 4.075002059044784914e+02 5.433757200468136261e+02 40777058.820089243352 -7.7781782514762213e-02
0003 2021-09-15T00:55:15.000 4.854694685457585024e+02 5.639547371202199884e+02 40777036.094134300947 -6.7756821222815233e-02
0003 2021-09-15T00:55:25.000 4.442393698351551734e+02 6.202117991761856501e+02 40777013.418041884899 -2.0389459882790104e-01
0003 2021-09-15T00:55:35.000 3.391462642754703438e+02 4.929706191155412967e+02 40776991.232140585780 -4.5149469038960888e-02
0003 2021-09-15T00:55:45.000 3.006849320617378112e+02 3.190083962394997457e+02 40776969.069071047008 -5.8170322159412535e-02
0003 2021-09-15T00:55:55.000 3.532421725374423431e+02 4.216144677391671394e+02 40776946.532434977591 -6.3865158234636965e-01
0003 2021-09-15T00:56:05.000 4.100722345523500962e+02 5.043784331852218656e+02 40776925.360859379172 -4.7268936647128605e-02
0003 2021-09-15T00:56:15.000 4.853751322493224052e+02 5.811385036749536539e+02 40776904.219652682543 +3.8197685755585553e-01
0003 2021-09-15T00:56:25.000 4.659701013016791080e+02 4.884277361117229361e+02 40776882.652101643384 +1.9305684607695639e-01
0003 2021-09-15T00:56:35.000 4.346336954438473867e+02 5.578850670485142018e+02 40776860.947951033711 -3.2360641795571610e-01
0003 2021-09-15T00:56:45.000 3.521324324613958083e+02 4.136097345175289774e+02 40776840.162625491619 -1.1191694793069472e-01
0003 2021-09-15T00:56:55.000 3.224225761527123382e+02 4.804734135209110946e+02 40776819.537794329226 +7.0459464388477500e-02
0003 2021-09-15T00:57:05.000 3.350723454573755475e+02 3.627139403994231088e+02 40776798.918729200959 +6.9452939379857526e-02
0003 2021-09-15T00:57:15.000 3.624063271490604166e+02 3.943061844894976957e+02 40776778.426857821643 +7.1432849086932038e-03
0003 2021-09-15T00:57:25.000 2.636110366808384242e+02 2.835434277856846279e+02 40776757.973757095635 -2.0424688627940668e-01
0003 2021-09-15T00:57:35.000 2.644427416468151932e+02 2.931925445923939719e+02 40776737.732712425292 -3.9079283743751603e-01
0003 2021-09-15T00:57:45.000 2.871077751870998895e+02 2.858342321978706764e+02 40776717.857112236321 -3.9847308713171969e-01
0003 2021-09-15T00:57:55.000 3.215674422324410102e+02 4.241687886630459730e+02 40776698.653401963413 +7.9784496242950823e-02
0003 2021-09-15T00:58:05.000 4.637743494388972749e+02 6.932372971639891830e+02 40776679.225176490843 +1.4819525251834875e-01
0003 2021-09-15T00:58:15.000 3.465398228055483969e+02 4.503754258371513401e+02 40776659.959539785981 +1.9447729060277649e-01
0004 2021-09-15T01:00:05.000 4.297273668213793485e+02 6.127038876401047673e+02 40772878.807531371713 -4.5560455416989498e-02
0004 2021-09-15T01:00:15.000 3.552486189680025745e+02 3.278168333056754022e+02 40772862.134906068444 +4.6102382624678734e-01
0004 2021-09-15T01:00:25.000 3.064089966738085877e+02 3.866114359321703091e+02 40772844.990595154464 +3.1857399322382207e-01
0004 2021-09-15T01:00:35.000 3.079717181486949471e+02 3.369751024502487553e+02 40772828.009651049972 +1.6307967274644852e-01
0004 2021-09-15T01:00:45.000 4.857536461687440124e+02 6.816553613768601281e+02 40772810.949416026473 -2.4719927858041049e-01
0004 2021-09-15T01:00:55.000 3.971480653205380236e+02 5.133176875905903671e+02 40772794.639157980680 -8.2096683230588496e-02
0004 2021-09-15T01:01:05.000 3.288329298039259925e+02 3.896986233677819769e+02 40772778.275760762393 -1.4384930746507507e-01
0004 2021-09-15T01:01:15.000 4.313700460017453793e+02 7.128674418636703649e+02 40772762.397741347551 +1.0692066241938392e-01
0004 2021-09-15T01:01:25.000 5.151042881931083457e+02 5.790251403162446877e+02 40772746.062210753560 -2.7183306451888711e-01
0004 2021-09-15T01:01:35.000 4.502254560391572227e+02 5.974445949731010614e+02 40772730.685109890997 +1.3665524711166199e-01
0004 2021-09-15T01:01:45.000 3.114169821720626601e+02 4.131201182193268551e+02 40772714.913491591811 -1.9754138908410823e-02
0004 2021-09-15T01:01:55.000 4.150756047657304180e+02 4.718597524144222461e+02 40772699.139915958047 -3.4771074755451536e-01
0004 2021-09-15T01:02:05.000 4.752618675881161607e+02 7.110919206496620291e+02 40772684.107391454279 -1.0343245617377760e-01
0004 2021-09-15T01:02:15.000 4.074627151736001451e+02 6.356704090367674098e+02 40772669.215017445385 +1.1293742026839482e-01
0004 2021-09-15T01:02:25.000 3.922651014480787239e+02 5.761832361669944476e+02 40772654.247937433422 +8.7283718959952239e-02
0004 2021-09-15T01:02:35.000 3.265037963873646731e+02 4.010235785755475035e+02 40772639.424801774323 +3.8982612214454086e-02
0004 2021-09-15T01:02:45.000 3.354800372120308225e+02 5.091713592817984591e+02 40772624.981838390231 +2.0497253654002637e-01
0004 2021-09-15T01:02:55.000 3.624078410962246153e+02 5.325743285862740777e+02 40772610.500093482435 +1.6699538309910622e-01
0004 2021-09-15T01:03:05.000 5.341764891895372784e+02 6.980344739261928453e+02 40772596.280576780438 +2.2674208809837640e-01
0004 2021-09-15T01:03:15.000 3.330565750849148685e+02 5.614452858397638693e+02 40772581.937896870077 -5.1170349752283073e-04
0004 2021-09-15T01:03:25.000 6.445705629324553456e+02 8.023959765231002166e+02 40772567.902151219547 -8.4015198639804112e-02
0004 2021-09-15T01:03:35.000 4.492326210560120785e+02 6.135036089909494876e+02 40772554.112643361092 -8.3824922826693182e-02
0004 2021-09-15T01:03:45.000 4.177820692479794502e+02 5.471131855868728735e+02 40772540.484305024147 -8.4382217081497402e-02
0004 2021-09-15T01:03:55.000 3.458326976611130021e+02 4.369296652101049858e+02 40772527.198067799211 +9.5858773024360730e-02
0004 2021-09-15T01:04:05.000 3.906141726938520264e+02 4.535369236362745369e+02 40772513.389779925346 -4.0665170600914280e-01
0004 2021-09-15T01:04:15.000 3.223142088022051439e+02 4.449855010517115943e+02 40772500.512217365205 -1.3854761847142072e-01
0004 2021-09-15T01:04:25.000 4.901234656521240822e+02 7.662521782199785321e+02 40772487.518440805376 -1.4618973957556136e-01
0004 2021-09-15T01:04:35.000 3.672045070707391119e+02 5.647410421382336381e+02 40772475.018524326384 +1.8106339322707757e-01
0004 2021-09-15T01:04:45.000 3.944050259563387044e+02 4.906526129596635997e+02 40772462.185368143022 +1.6668555844034927e-02
0004 2021-09-15T01:04:55.000 5.104740988597196178e+02 6.698411160528889923e+02 40772449.797480940819 +1.3968056951796370e-01
0004 2021-09-15T01:05:05.000 5.048334875253191285e+02 6.018205340420446419e+02 40772437.646754384041 +3.4252714418391861e-01
0004 2021-09-15T01:05:15.000 4.184858002189366175e+02 7.056750058716039575e+02 40772425.255336068571 +1.4788224417918627e-01
0004 2021-09-15T01:05:25.000 4.285255447037264958e+02 5.977113930590122663e+02 40772413.195928819478 +1.2896570537293428e-01
0004 2021-09-15T01:05:35.000 6.259519554914705850e+02 8.107252276342035202e+02 40772401.168226957321 -1.4020058199434970e-02
0004 2021-09-15T01:05:45.000 3.775622156260505449e+02 6.255598002501359360e+02 40772389.612698473036 +1.5989236998200340e-01
0004 2021-09-15T01:05:55.000 3.612486611285914364e+02 3.741390440279740801e+02 40772377.705420047045 -1.7272904702008418e-01
0004 2021-09-15T01:06:05.000 3.793867523275287112e+02 5.365105166308171647e+02 40772366.432222045958 -2.5570582005684628e-02
0004 2021-09-15T01:06:15.000 3.872242720264633817e+02 4.020825584925823932e+02 40772355.150650687516 -4.0610135649330914e-02
0004 2021-09-15T01:06:25.000 2.913871792733532402e+02 3.422134682938888091e+02 40772344.265861161053 +1.8777629157148112e-01
0004 2021-09-15T01:06:35.000 4.243563028064970126e+02 4.241274625377339476e+02 40772332.975390203297 -1.4241257197318191e-01
0004 2021-09-15T01:06:45.000 5.696317702657747759e+02 6.350440829935940883e+02 40772322.267945885658 -4.2013012254528803e-02
0004 2021-09-15T01:06:55.000 3.504819313041480200e+02 4.739787201249069426e+02 40772311.823543965816 +1.6944034461630508e-01
0004 2021-09-15T01:07:05.000 3.793130478834219730e+02 5.240721414425909188e+02 40772301.326999269426 +1.7720630236613033e-01
0004 2021-09-15T01:07:15.000 3.978159201716534312e+02 5.791458957813912320e+02 40772290.719756223261 -7.6832040908584531e-02
0004 2021-09-15T01:07:25.000 4.433534820890405399e+02 8.114076996286253234e+02 40772280.567751854658 -2.6303850568865528e-02
0004 2021-09-15T01:07:35.000 4.040277799648671362e+02 7.325026890883398210e+02 40772270.540697410703 -1.0686762185514451e-03
0004 2021-09-15T01:07:45.000 4.505892504233268596e+02 7.034801789012027484e+02 40772260.517032161355 -1.2226215452687940e-01
0004 2021-09-15T01:07:55.000 3.668215444729815431e+02 4.514615778269138673e+02 40772250.695736758411 -1.9048239455753449e-01
0004 2021-09-15T01:08:05.000 5.793076650100641700e+02 8.095778621351807942e+02 40772241.103901289403 -1.7822147976733049e-01
0004 2021-09-15T01:08:15.000 3.533510762198620796e+02 5.620245068492212113e+02 40772231.623176701367 -2.0341371080940007e-01
0004 2021-09-15T01:08:25.000 3.989335944647264682e+02 4.812200048763485825e+02 40772222.484646007419 -3.4564032033472358e-02
0004 2021-09-15T01:08:35.000 4.543870159384227918e+02 5.197736452586493670e+02 40772213.804882094264 +4.4531016485223057e-01
0004 2021-09-15T01:08:45.000 3.731326170892343157e+02 3.833962151563463863e+02 40772204.736973375082 +3.8970504557596541e-01
0004 2021-09-15T01:08:55.000 3.623980241864647382e+02 4.038588420391025693e+02 40772195.391769796610 -9.0123295666330705e-02
0004 2021-09-15T01:09:05.000 4.204453420907963164e+02 5.355224517440599357e+02 40772186.931514836848 +1.6847355990205415e-01
0004 2021-09-15T01:09:15.000 4.840531134224447101e+02 8.429800237211069316e+02 40772178.239694871008 +4.9386064650548178e-02
0004 2021-09-15T01:09:25.000 5.328209002129360670e+02 7.217476859726051543e+02 40772169.889755502343 +1.2646339488594549e-01
0004 2021-09-15T01:09:35.000 4.302520844289375077e+02 6.214067599140811353e+02 40772161.403936117887 -7.7651594050507811e-02
0004 2021-09-15T01:09:45.000 3.805513753262559931e+02 4.149843974980004759e+02 40772152.686861917377 -6.5792999413508813e-01
0004 2021-09-15T01:09:55.000 4.269524612950748974e+02 6.251849362785354742e+02 40772144.907173760235 -4.4532666067618720e-01
0004 2021-09-15T01:10:05.000 4.076329245849894392e+02 5.466964498224144791e+02 40772137.579150885344 +7.4843005291086243e-02
0004 2021-09-15T01:10:15.000 3.795379910753604236e+02 5.737253067136776963e+02 40772129.506314322352 -2.9349335606559634e-01
0004 2021-09-15T01:10:25.000 4.413193795252923337e+02 8.154989197446330991e+02 40772122.263293251395 +2.4701855163357319e-02
0004 2021-09-15T01:10:35.000 3.775595252873416712e+02 4.362166022199523923e+02 40772114.825027838349 +4.7792240088710969e-03
0004 2021-09-15T01:10:45.000 4.057018888883616796e+02 6.167909973709170117e+02 40772107.558692112565 +1.4325725697972302e-02
0004 2021-09-15T01:10:55.000 4.455824426872856634e+02 6.702789492881975093e+02 40772100.128698766232 -2.8183020774474699e-01
0004 2021-09-15T01:11:05.000 3.551064031513420218e+02 5.151143556047150014e+02 40772093.312159523368 -1.0615790259953428e-01
0004 2021-09-15T01:11:15.000 3.865157026138937795e+02 4.607020878241623905e+02 40772086.709106273949 +1.4179701609862150e-01
0004 2021-09-15T01:11:25.000 4.115437849828812773e+02 6.681280053916827910e+02 40772079.767006315291 -9.0071717139039706e-02
0004 2021-09-15T01:11:35.000 3.159719036639111209e+02 6.354081287198569044e+02 40772073.415515512228 +1.2832251596307742e-01
0004 2021-09-15T01:11:45.000 4.974878783163899243e+02 8.276814631388281214e+02 40772066.939716175199 +8.2497399537714941e-02
0004 2021-09-15T01:11:55.000 3.471283307518615970e+02 5.356872151915837321e+02 40772060.516459755599 -5.0255185102855648e-02
0004 2021-09-15T01:12:05.000 4.456107597973713723e+02 7.483985416602857867e+02 40772054.458419218659 +4.3183597593724699e-02
0004 2021-09-15T01:12:15.000 6.623099145734385047e+02 8.517807249896801522e+02 40772048.387656107545 -1.4673127701939848e-02
0004 2021-09-15T01:12:25.000 3.947621011024012887e+02 4.808892471920232765e+02 40772042.929182365537 +4.0164433587654003e-01
0004 2021-09-15T01:12:35.000 3.712644366532821323e+02 5.327440101212333730e+02 40772036.792654082179 +2.2563441647207583e-03
0004 2021-09-15T01:12:45.000 4.509794310313295114e+02 6.649832616308822253e+02 40772031.309991165996 +1.1955395578763728e-01
0004 2021-09-15T01:12:55.000 3.467104973893410147e+02 4.877825874779533706e+02 40772025.954192794859 +2.2701469411356359e-01
0004 2021-09-15T01:13:05.000 4.158133053673652171e+02 5.711851073061467332e+02 40772020.462519936264 +6.2385573141114037e-02
0004 2021-09-15T01:13:15.000 3.955005847490244264e+02 6.155942363121316703e+02 40772015.260141238570 +5.1329189977082017e-02
0004 2021-09-15T01:13:25.000 5.175434008953267266e+02 7.911589435801315631e+02 40772010.286465123296 +1.3375630461916899e-01
0004 2021-09-15T01:13:35.000 3.492697097778224133e+02 4.430145125141099243e+02 40772005.466239370406 +2.3492575375712479e-01
0004 2021-09-15T01:13:45.000 3.494368007195569703e+02 4.020629750281055976e+02 40772000.179432913661 -2.6467338903432847e-01
0004 2021-09-15T01:13:55.000 4.354005940236344259e+02 5.978389045709321863e+02 40771995.684671007097 -1.0588628217828956e-01
0004 2021-09-15T01:14:05.000 3.310938390007852945e+02 3.603460654825431106e+02 40771991.714325010777 +4.4419785735919959e-01
0004 2021-09-15T01:14:15.000 4.624154360867513560e+02 8.217835433471888109e+02 40771986.677451923490 -2.0481436117461271e-01
0004 2021-09-15T01:14:25.000 4.444896755001851716e+02 5.318134461763950185e+02 40771982.789113558829 +1.6269906444154003e-01
0004 2021-09-15T01:14:35.000 4.145579086388611927e+02 5.631326504292521804e+02 40771978.377466484904 -1.2453419352982564e-01
0004 2021-09-15T01:14:45.000 4.072557416682204234e+02 6.696917353296702231e+02 40771974.282883614302 -2.2555884512360080e-01
0004 2021-09-15T01:14:55.000 4.095214137735548547e+02 5.590549289592260038e+02 40771970.757459565997 +1.1231382117250632e-01
0004 2021-09-15T01:15:05.000 3.592825901935972865e+02 3.955865129914740237e+02 40771966.956769846380 +4.5265402135783006e-02
0004 2021-09-15T01:15:15.000 4.793705208885534148e+02 8.212275709440594937e+02 40771963.148907348514 -1.5799268732178007e-01
0004 2021-09-15T01:15:25.000 4.199823260715280639e+02 6.576105139131644819e+02 40771959.968755707145 +1.3805446886692607e-01
0004 2021-09-15T01:15:35.000 3.176673088435281329e+02 5.405194659407807194e+02 40771956.278021916747 -2.0424172683783581e-01
0004 2021-09-15T01:15:45.000 4.120454514776703832e+02 8.321768236575475157e+02 40771953.281556233764 +2.0626917241202136e-02
0004 2021-09-15T01:15:55.000 4.830064006798388618e+02 8.806721729207398539e+02 40771950.208925336599 +4.2898883090288102e-02
0004 2021-09-15T01:16:05.000 3.302788433728840118e+02 5.014041196843476200e+02 40771947.405368879437 +2.0849988524901164e-01
0004 2021-09-15T01:16:15.000 4.200383889073077057e+02 7.339109863089834107e+02 40771944.197674326599 -1.5508195528184388e-01
0004 2021-09-15T01:16:25.000 3.265449068610150789e+02 4.666973351435319728e+02 40771941.698453597724 +6.5480927983003312e-02
0004 2021-09-15T01:16:35.000 4.858554494524880738e+02 6.682984399354974130e+02 40771939.258390702307 +2.2160353738627239e-01
0004 2021-09-15T01:16:45.000 3.982965501063192164e+02 6.799721639311069339e+02 40771936.561804398894 -1.6486359363625525e-03
0004 2021-09-15T01:16:55.000 3.792560789254595761e+02 5.714046816878567370e+02 40771934.198122113943 -1.4085370498492011e-02
0004 2021-09-15T01:17:05.000 4.059701553916444254e+02 6.257032468211749574e+02 40771931.816699258983 -1.6557199954945645e-01
0004 2021-09-15T01:17:15.000 5.398318355449573573e+02 8.140114354317234984e+02 40771929.511660754681 -3.6118750493756130e-01
0004 2021-09-15T01:17:25.000 3.502663932975698344e+02 4.061138450435089453e+02 40771927.783243909478 -9.9881315423317574e-02
0004 2021-09-15T01:17:35.000 4.745544025926558334e+02 5.842489298728468157e+02 40771925.801877267659 -2.1039404705277320e-01
0004 2021-09-15T01:17:45.000 4.119358275692210327e+02 6.348138051762040277e+02 40771924.379830144346 +1.2039240336400781e-01
0004 2021-09-15T01:17:55.000 5.088129757822333659e+02 6.827514638883445741e+02 40771922.998936861753 +3.7517940141037798e-01
0004 2021-09-15T01:18:05.000 5.876891343431373116e+02 7.495402181998972537e+02 40771921.008358880877 -9.5985858790982079e-02
0004 2021-09-15T01:18:15.000 5.004864202076095125e+02 8.500694768845683029e+02 40771919.835640415549 +1.3534561682592994e-01
0005 2021-09-15T01:20:05.000 3.120832894932772206e+02 4.498068624591875846e+02 40770933.269497282803 -4.4230448239318321e-02
0005 2021-09-15T01:20:15.000 3.921552784548462682e+02 5.801440910860665099e+02 40770933.220681272447 -2.1493239378560247e-01
0005 2021-09-15T01:20:25.000 3.790209664780663843e+02 4.712900899453838406e+02 40770933.783801212907 +1.0616578160272638e-01
0005 2021-09-15T01:20:35.000 4.056790297013544091e+02 5.153054930417468995e+02 40770933.875284247100 -1.6418985112272819e-01
0005 2021-09-15T01:20:45.000 4.792298303240560813e+02 5.576279633912935196e+02 40770934.368301756680 -1.5250966332109783e-01
0005 2021-09-15T01:20:55.000 4.941818006621887207e+02 1.034119437515268601e+03 40770935.110497646034 -1.0832275301140726e-02
0005 2021-09-15T01:21:05.000 4.541518467643307417e+02 6.117085606795066042e+02 40770936.370065033436 +5.2935215514969525e-01
0005 2021-09-15T01:21:15.000 3.439555656836698176e+02 5.163303158932425276e+02 40770936.889886543155 +2.1124216993428035e-01
0005 2021-09-15T01:21:25.000 3.622343992619140636e+02 6.350458549613480272e+02 40770937.720619261265 +8.5809923989472736e-02
0005 2021-09-15T01:21:35.000 4.565177577793979822e+02 6.915567620872465113e+02 40770938.686291322112 -2.2602297674211517e-02
0005 2021-09-15T01:21:45.000 4.614650372502156870e+02 8.370983671678894780e+02 40770939.795061178505 -1.0552276921112023e-01
0005 2021-09-15T01:21:55.000 4.499986565734068904e+02 5.478840647784111297e+02 40770941.178123526275 -3.1444534633919830e-02
0005 2021-09-15T01:22:05.000 3.381738487305480021e+02 5.604508756484949572e+02 40770942.329210862517 -3.0632381964551314e-01
0005 2021-09-15T01:22:15.000 3.500831758311380213e+02 5.814905126115933172e+02 40770944.070878051221 -1.0729552918462559e-01
0005 2021-09-15T01:22:25.000 4.480817572593865634e+02 7.177271316337291864e+02 40770945.736124105752 -1.0105148816796829e-01
0005 2021-09-15T01:22:35.000 4.421432642297226607e+02 7.803803641218529492e+02 40770947.744500495493 +1.3226780699437768e-01
0005 2021-09-15T01:22:45.000 3.856168169129765033e+02 5.813366041827890740e+02 40770949.640381440520 +1.3734344128977227e-01
0005 2021-09-15T01:22:55.000 4.697436598734468589e+02 7.126122585927585078e+02 40770951.577823325992 +6.8537496946419196e-02
0005 2021-09-15T01:23:05.000 4.115685085360851758e+02 5.447610485575617076e+02 40770953.529138267040 -1.0153349875236016e-01
0005 2021-09-15T01:23:15.000 6.284394037540910176e+02 8.310473606802105451e+02 40770955.941190250218 +7.4297649466075200e-02
0005 2021-09-15T01:23:25.000 3.135531292925996354e+02 5.157299299976748443e+02 40770958.047099605203 -1.7054687400502644e-01
0005 2021-09-15T01:23:35.000 4.881000040596404119e+02 7.973530074633132472e+02 40770960.522392734885 -1.6024018048710786e-01
0005 2021-09-15T01:23:45.000 4.484690299780551186e+02 6.323807321473398133e+02 40770963.385566152632 +1.2401336617801915e-01
0005 2021-09-15T01:23:55.000 4.631766746638039081e+02 7.063367032268107550e+02 40770965.906421035528 -4.7687322242836672e-02
0005 2021-09-15T01:24:05.000 3.883544949317970918e+02 4.644720463657228606e+02 40770969.097139820457 +3.3713638601955154e-01
0005 2021-09-15T01:24:15.000 3.711186727659514304e+02 5.109956103577591762e+02 40770971.566197529435 -1.1274575026914135e-01
0005 2021-09-15T01:24:25.000 4.484716813411487806e+02 7.736485921264395529e+02 40770974.761762276292 +5.1127575144278126e-02
0005 2021-09-15T01:24:35.000 4.303347931528796266e+02 6.377772554228399713e+02 40770978.077595226467 +2.2280909940036508e-01
0005 2021-09-15T01:24:45.000 4.033154769536296271e+02 5.199765501057481742e+02 40770981.364592939615 +2.5348539814990545e-01
0005 2021-09-15T01:24:55.000 4.643097333913063380e+02 7.660011081306799952e+02 40770984.713056057692 +2.3374542340400239e-01
0005 2021-09-15T01:25:05.000 3.447827114183524486e+02 4.721687495464537392e+02 40770987.938252255321 -2.0856496642750244e-02
0005 2021-09-15T01:25:15.000 3.508860698672576746e+02 4.410852801726437065e+02 40770991.520299673080 -2.9917373283979032e-02
0005 2021-09-15T01:25:25.000 4.495061382342897787e+02 6.790462212360039302e+02 40770995.246979936957 -5.3724045735634718e-03
0005 2021-09-15T01:25:35.000 4.229411675050529880e+02 6.525610079009368292e+02 40770998.887396410108 -1.7783695470780003e-01
0005 2021-09-15T01:25:45.000 3.250582633842048494e+02 4.690217736651839004e+02 40771003.044261872768 +5.5681230808659166e-02
0005 2021-09-15T01:25:55.000 3.993254474398387401e+02 6.718634197955881291e+02 40771007.031309053302 +9.1924636260500830e-03
0005 2021-09-15T01:26:05.000 3.714639991601887914e+02 4.761495901954415899e+02 40771010.834218792617 -3.3134679864701866e-01
0005 2021-09-15T01:26:15.000 4.124604504671107179e+02 5.671121352254822341e+02 40771014.968967400491 -4.4968652074942383e-01
0005 2021-09-15T01:26:25.000 4.553735171543539195e+02 5.926572574672441078e+02 40771019.369189038873 -4.1192090239235313e-01
0005 2021-09-15T01:26:35.000 4.372154719780745040e+02 4.952054243183116569e+02 40771023.839226998389 -4.1343700139054818e-01
0005 2021-09-15T01:26:45.000 4.287722654038904011e+02 6.302168799472219689e+02 40771028.615868046880 -2.1718048961304248e-01
0005 2021-09-15T01:26:55.000 4.479345341616811425e+02 4.271194846114185566e+02 40771033.167667888105 -3.5433025745544450e-01
0005 2021-09-15T01:27:05.000 3.739634148704787435e+02 5.205262899603487767e+02 40771038.654250234365 +3.3500070834986678e-01
0005 2021-09-15T01:27:15.000 3.304049357945819452e+02 4.200141923010652931e+02 40771043.466832332313 +2.4229075861353519e-01
0005 2021-09-15T01:27:25.000 3.404146859515223582e+02 5.215820706269400944e+02 40771048.526507832110 +2.8889233434756534e-01
0005 2021-09-15T01:27:35.000 4.385226299389721021e+02 6.304087488980057969e+02 40771053.265970177948 -9.2244503994379556e-02
0005 2021-09-15T01:27:45.000 4.758336293514631734e+02 5.981897730955728321e+02 40771058.840518578887 +2.5443369905690361e-01
0005 2021-09-15T01:27:55.000 3.729186089399057664e+02 4.699247576887933633e+02 40771063.657693766057 -2.6328039710244866e-01
0005 2021-09-15T01:28:05.000 3.991491840426634212e+02 4.972429676528115010e+02 40771069.305593729019 -5.7039302735347519e-02
0005 2021-09-15T01:28:15.000 4.346904362152425847e+02 4.402229424644945084e+02 40771075.338829696178 +4.2801534501131761e-01
0005 2021-09-15T01:28:25.000 4.385019283367807930e+02 6.664836849257552558e+02 40771080.516468793154 -4.8804757364905527e-02
0005 2021-09-15T01:28:35.000 3.438648477548895244e+02 5.053204331387801744e+02 40771086.304704815149 -2.1063610837131815e-02
0005 2021-09-15T01:28:45.000 3.601306980789020713e+02 4.257270613855876036e+02 40771092.583674304187 +3.9161486058787887e-01
0005 2021-09-15T01:28:55.000 4.076115966299449838e+02 4.208906718223456096e+02 40771098.043879084289 -1.2003048828319152e-01
0005 2021-09-15T01:29:05.000 3.802410441915842512e+02 6.095572043167778702e+02 40771103.862317882478 -3.7876654605463506e-01
0005 2021-09-15T01:29:15.000 3.337180491052474736e+02 4.844447682544777649e+02 40771110.387045457959 -3.6306837110714696e-02
0005 2021-09-15T01:29:25.000 2.658876944031341054e+02 3.147419588619610522e+02 40771116.577665835619 -1.3281829877439577e-01
0005 2021-09-15T01:29:35.000 3.700657004487844688e+02 6.219067201300249508e+02 40771123.428808234632 +3.2655461159674815e-01
0005 2021-09-15T01:29:45.000 6.069658023643675051e+02 8.423453623675401332e+02 40771129.543696999550 -5.4740254811122206e-02
0005 2021-09-15T01:29:55.000 3.530564270126981796e+02 4.996756754547961350e+02 40771136.131146378815 -6.7667936787188410e-02
0005 2021-09-15T01:30:05.000 3.502789379746780583e+02 4.726103620434674326e+02 40771142.999728381634 +9.6561437860486876e-02
0005 2021-09-15T01:30:15.000 5.375189910681843912e+02 7.067676318967367024e+02 40771149.854996562004 +1.4371641735294816e-01
0005 2021-09-15T01:30:25.000 4.253462036709440213e+02 5.447682219520153240e+02 40771157.166451871395 +5.4351000225358348e-01
0005 2021-09-15T01:30:35.000 4.738144231167866565e+02 5.275800491537897869e+02 40771164.101310044527 +4.6336700885217402e-01
0005 2021-09-15T01:30:45.000 3.703288284427441681e+02 6.323986988323764535e+02 40771170.730730816722 -2.5346774562194696e-02
0005 2021-09-15T01:30:55.000 3.590645966858184579e+02 5.964229149721542171e+02 40771178.086217276752 +1.0907483529933870e-01
0005 2021-09-15T01:31:05.000 5.175334361788185333e+02 7.324031349172556702e+02 40771185.374898202717 +7.3960520867672130e-02
0005 2021-09-15T01:31:15.000 3.839635277533783437e+02 6.442217359626731650e+02 40771193.042282745242 +3.1501632113111100e-01
0005 2021-09-15T01:31:25.000 3.099611814993346002e+02 4.876638535182668193e+02 40771200.361793406308 +1.0585839789598596e-01
0005 2021-09-15T01:31:35.000 3.614097378939483178e+02 5.528717806171507618e+02 40771208.162120766938 +2.7536781964079182e-01
0005 2021-09-15T01:31:45.000 4.505546911364066318e+02 6.605807129702603788e+02 40771215.594036981463 -2.5495993326558164e-02
0005 2021-09-15T01:31:55.000 3.184693592507452991e+02 4.361702199137365028e+02 40771223.058881357312 -3.9520977498841597e-01
0005 2021-09-15T01:32:05.000 3.705735028939415088e+02 5.021942402184536149e+02 40771231.457706496119 +6.7459767756872679e-02
0005 2021-09-15T01:32:15.000 3.759631228316102352e+02 5.613792263047505458e+02 40771239.250141806901 -1.7768065937946176e-01
0005 2021-09-15T01:32:25.000 3.633901038339239449e+02 5.988842116379270237e+02 40771247.433842889965 -1.3280150699836213e-01
0005 2021-09-15T01:32:35.000 3.264314895782309804e+02 5.801726612516657724e+02 40771255.599115818739 -2.0742619367388213e-01
0005 2021-09-15T01:32:45.000 3.500252637268127387e+02 5.158112501056214114e+02 40771263.934184290469 -2.1316400096270627e-01
0005 2021-09-15T01:32:55.000 4.804187083141704875e+02 7.313358129887395762e+02 40771272.128918550909 -4.5998112835366095e-01
0005 2021-09-15T01:33:05.000 3.797322211212912180e+02 6.068627624127624358e+02 40771281.119058229029 -1.1977961468232934e-02
0005 2021-09-15T01:33:15.000 3.815739070369797332e+02 5.484327018151550419e+02 40771289.633533976972 -1.4006744486209757e-01
0005 2021-09-15T01:33:25.000 4.613536728406609768e+02 6.945379809933739352e+02 40771298.472736433148 -4.3706117642955178e-02
0005 2021-09-15T01:33:35.000 5.882484376763209184e+02 8.871212956744150233e+02 40771307.301519438624 -5.7891021968998757e-02
0005 2021-09-15T01:33:45.000 4.011998387856208979e+02 5.265050168897489584e+02 40771316.269498996437 -3.2860704652989625e-02
0005 2021-09-15T01:33:55.000 5.027119165802591851e+02 7.289260080490371365e+02 40771325.562930181623 +2.1778161869747240e-01
0005 2021-09-15T01:34:05.000 4.241141039594868971e+02 6.615293211404132308e+02 40771334.199178040028 -2.8846109669893849e-01
0005 2021-09-15T01:34:15.000 4.570570281357935301e+02 5.910314266317246847e+02 40771343.596405357122 -1.3329190386184564e-01
0005 2021-09-15T01:34:25.000 4.611924852248412208e+02 8.416006111500928455e+02 40771353.141864657402 +7.0671973280013844e-02
0005 2021-09-15T01:34:35.000 4.343155512831784790e+02 6.074077224205396988e+02 40771362.334341146052 -1.7765786230495453e-01
0005 2021-09-15T01:34:45.000 4.382765434864155054e+02 6.262077017232641083e+02 40771371.730340033770 -3.2165375619695169e-01
0005 2021-09-15T01:34:55.000 5.508426804545653113e+02 6.331486584122876593e+02 40771381.298981189728 -3.9207731952001273e-01
0005 2021-09-15T01:35:05.000 3.515501107430513343e+02 5.823034918860222433e+02 40771391.568946443498 +1.3986774738839358e-01
0005 2021-09-15T01:35:15.000 4.058391368898184624e+02 6.011420166215403924e+02 40771401.275973595679 +1.0029688473878196e-02
0005 2021-09-15T01:35:25.000 4.961706206950474325e+02 7.192789403119112421e+02 40771411.203690014780 +2.1422795855414734e-03
0005 2021-09-15T01:35:35.000 4.388696458728601328e+02 6.104437058224980319e+02 40771421.141807936132 -9.3980021081620180e-02
0005 2021-09-15T01:35:45.000 5.944632901214264393e+02 9.628211766357526358e+02 40771431.507220283151 +1.3865378269395023e-01
0005 2021-09-15T01:35:55.000 3.568471624810136973e+02 5.822198657608724943e+02 40771441.711125776172 +1.1133634687382710e-01
0005 2021-09-15T01:36:05.000 4.871172929338052882e+02 6.818885039966637578e+02 40771452.339422389865 +4.1005528696427967e-01
0005 2021-09-15T01:36:15.000 5.694449546367078483e+02 8.307368550963518601e+02 40771462.459317803383 +1.0210367980221235e-01
0005 2021-09-15T01:36:25.000 4.980864469733097621e+02 8.378403689927337155e+02 40771473.064899496734 +1.8165009338417804e-01
0005 2021-09-15T01:36:35.000 5.827991304370564194e+02 7.093118391848285000e+02 40771483.885945625603 +3.7854939687690597e-01
0005 2021-09-15T01:36:45.000 4.746287532822613002e+02 6.270897047396013022e+02 40771494.216615214944 -1.2967024821818995e-02
0005 2021-09-15T01:36:55.000 4.841102521309828717e+02 6.205081416267939858e+02 40771504.953620657325 -9.6118879569644350e-02
0005 2021-09-15T01:37:05.000 4.640278547477705615e+02 6.354940968439138942e+02 40771516.005119353533 +3.7314678746042766e-02
0005 2021-09-15T01:37:15.000 3.811031128502552860e+02 5.167764150207513012e+02 40771527.025994323194 +4.2275636088220381e-02
0005 2021-09-15T01:37:25.000 4.361351504034136042e+02 7.219027647411298858e+02 40771538.060971170664 -3.6456000393513925e-02
0005 2021-09-15T01:37:35.000 5.232945430355260896e+02 6.783071434963183037e+02 40771549.305244281888 -3.6360215503918880e-03
0005 2021-09-15T01:37:45.000 5.765590266189783506e+02 9.687516852489598023e+02 40771560.388551145792 -2.2948173686529569e-01
0005 2021-09-15T01:37:55.000 4.177817640688247138e+02 8.812342586590445990e+02 40771571.932714700699 -9.2129665570269026e-02
0005 2021-09-15T01:38:05.000 3.876860881549806663e+02 4.642946132881425569e+02 40771583.566854655743 +3.7575780287511407e-02
0005 2021-09-15T01:38:15.000 4.443652847849192540e+02 7.740123028125161682e+02 40771595.053319640458 -7.7985682607277340e-02
0006 2021-09-15T01:40:05.000 3.456056623665141387e+02 5.009372650767822961e+02 40772528.334553420544 -5.8052371772419065e-03
0006 2021-09-15T01:40:15.000 3.705083406966986672e+02 4.344260600249492086e+02 40772540.929709114134 -1.1332200310209828e-01
0006 2021-09-15T01:40:25.000 4.275320557063185447e+02 5.983168823319484773e+02 40772553.810068555176 -2.8771171862217670e-02
0006 2021-09-15T01:40:35.000 3.899438620595292946e+02 7.202413290806547366e+02 40772566.844773761928 +1.1725750593143404e-01
0006 2021-09-15T01:40:45.000 3.611689261279389029e+02 5.508867252888651365e+02 40772579.700878925622 -7.9240944934326745e-03
0006 2021-09-15T01:40:55.000 4.138483295575059060e+02 6.922510560217970124e+02 40772592.749808296561 -3.2644374009692001e-02
0006 2021-09-15T01:41:05.000 3.161170538359708644e+02 4.412504895185314240e+02 40772606.253803759813 +3.0557588249598666e-01
0006 2021-09-15T01:41:15.000 3.639567291007955987e+02 4.943904049034873083e+02 40772619.441258460283 +2.3535731103811489e-01
0006 2021-09-15T01:41:25.000 4.095906087259561446e+02 7.054784900132323173e+02 40772632.484722711146 -7.0531861601352830e-02
0006 2021-09-15T01:41:35.000 3.756042130022706260e+02 5.689440368693893788e+02 40772645.911280624568 -8.4798908097127423e-02
0006 2021-09-15T01:41:45.000 5.727990082102924134e+02 8.013469742347425608e+02 40772659.632952511311 +1.0477599219552758e-01
0006 2021-09-15T01:41:55.000 4.917937749353679919e+02 9.598542846795576224e+02 40772673.201152272522 +4.9797468436167946e-02
0006 2021-09-15T01:42:05.000 4.594800062584355942e+02 6.249440415527460573e+02 40772686.929852299392 +6.4420016130611657e-02
0006 2021-09-15T01:42:15.000 3.893802296798547786e+02 6.185181030215974260e+02 40772700.756264336407 +8.6029169756102433e-02
0006 2021-09-15T01:42:25.000 3.440740126102592740e+02 5.489789291434702818e+02 40772714.156215913594 -4.0938185237598645e-01
0006 2021-09-15T01:42:35.000 3.489539198091102321e+02 4.146384563044086349e+02 40772728.332283958793 -2.1907823247556732e-01
0006 2021-09-15T01:42:45.000 4.492533274914755452e+02 7.774614777218822610e+02 40772742.397840730846 -2.2953746178995968e-01
0006 2021-09-15T01:42:55.000 3.676926970257327412e+02 5.349315440875415106e+02 40772756.564652442932 -2.2885039935795248e-01
0006 2021-09-15T01:43:05.000 4.787844645869009810e+02 9.056494712815251660e+02 40772770.871403083205 -1.7819722460933465e-01
0006 2021-09-15T01:43:15.000 4.302765414713751397e+02 6.358477158798227720e+02 40772785.411903671920 +1.6362058519348466e-02
0006 2021-09-15T01:43:25.000 4.005474420206317063e+02 5.571460402877305569e+02 40772799.666680432856 -1.6452395512612841e-01
0006 2021-09-15T01:43:35.000 5.269572041683729822e+02 8.951863175775474701e+02 40772814.420655049384 +6.4182440794866125e-02
0006 2021-09-15T01:43:45.000 3.902576230929690269e+02 4.793015812308939303e+02 40772828.873934857547 -9.7301515469666797e-02
0006 2021-09-15T01:43:55.000 3.888908102463568639e+02 4.962364462963389542e+02 40772843.638419575989 -3.6972057169464279e-02
0006 2021-09-15T01:44:05.000 3.762668375497163424e+02 4.551197621195201464e+02 40772858.417823061347 -5.1016903333447765e-02
0006 2021-09-15T01:44:15.000 3.661113773071796231e+02 4.168987027204636888e+02 40772873.451561659575 +1.0007334833608184e-01
0006 2021-09-15T01:44:25.000 3.525189171414548923e+02 5.304027783935764546e+02 40772888.330969557166 +7.7208407678881468e-03
0006 2021-09-15T01:44:35.000 3.950101772214320022e+02 5.495243484342839793e+02 40772903.600370392203 +2.1633226161054608e-01
0006 2021-09-15T01:44:45.000 3.063263604083363134e+02 4.717303022392679850e+02 40772918.479494996369 -5.4283087054841417e-02
0006 2021-09-15T01:44:55.000 2.453251562966853498e+02 3.375951185553059872e+02 40772934.116736754775 +3.4434218796377536e-01
0006 2021-09-15T01:45:05.000 3.818703111471724014e+02 4.772405276810477517e+02 40772948.976731613278 -1.2308599783386852e-01
0006 2021-09-15T01:45:15.000 5.207721160618187923e+02 7.252831039423107313e+02 40772964.600925706327 +8.4944503912879554e-02
0006 2021-09-15T01:45:25.000 4.748419662601766618e+02 5.588168817235185770e+02 40772980.101284973323 +8.0462045285344175e-02
0006 2021-09-15T01:45:35.000 4.931142166685576740e+02 7.384034440171694769e+02 40772995.598010793328 -1.6272989799745119e-02
0006 2021-09-15T01:45:45.000 4.535950800808533359e+02 7.591941686959777371e+02 40773011.883192449808 +5.8688456301842962e-01
0006 2021-09-15T01:45:55.000 3.796398321902278212e+02 4.827096831415201450e+02 40773027.116601847112 +4.9759555409082168e-02
0006 2021-09-15T01:46:05.000 3.164068773540194570e+02 4.973074988140217556e+02 40773042.731672570109 -1.9416410133840145e-01
0006 2021-09-15T01:46:15.000 4.541871281272524925e+02 8.448713065674601239e+02 40773059.178220860660 +3.0497775151752649e-01
0006 2021-09-15T01:46:25.000 4.682407142542164706e+02 7.399075969263880097e+02 40773074.887260153890 -2.1755707949296266e-02
0006 2021-09-15T01:46:35.000 3.674429867376849757e+02 4.939506309284893746e+02 40773091.415733762085 +3.8262270228972289e-01
0006 2021-09-15T01:46:45.000 3.526159857842890801e+02 5.107474282706490385e+02 40773107.508089967072 +2.6260345237051297e-01
0006 2021-09-15T01:46:55.000 3.825368030680407401e+02 4.943250136105415891e+02 40773123.700998537242 +1.5489704875221832e-01
0006 2021-09-15T01:47:05.000 5.208612684974434615e+02 8.892605389857153568e+02 40773139.950076900423 +1.5160561946458984e-02
0006 2021-09-15T01:47:15.000 4.262468085020825015e+02 6.131599324161784352e+02 40773156.225000359118 -1.8689205951443452e-01
0006 2021-09-15T01:47:25.000 4.817054361481381761e+02 6.492660316927252779e+02 40773172.910317584872 -6.6674103072045909e-02
0006 2021-09-15T01:47:35.000 4.153078321242645643e+02 7.298546664479507626e+02 40773189.317880645394 -3.1229594007243122e-01
0006 2021-09-15T01:47:45.000 4.203541417200621026e+02 5.133950975732180950e+02 40773206.375819534063 +4.4098366544176324e-03
0006 2021-09-15T01:47:55.000 3.636389493960356845e+02 5.908607323095583297e+02 40773222.811482347548 -3.8917121806684918e-01
0006 2021-09-15T01:48:05.000 3.846684232669441030e+02 3.788799026168243813e+02 40773240.202062122524 +8.4191724213610541e-02
0006 2021-09-15T01:48:15.000 4.690090051778478255e+02 8.273980984354086559e+02 40773256.842499166727 -2.8052268318072038e-01
0006 2021-09-15T01:48:25.000 5.497931175952597869e+02 6.879698287057748303e+02 40773274.383444190025 +1.6737542507951275e-01
0006 2021-09-15T01:48:35.000 4.898122884207302263e+02 8.337204020337974271e+02 40773291.800680413842 +4.0370947530027479e-01
0006 2021-09-15T01:48:45.000 5.728291043017036372e+02 7.575213439217734503e+02 40773308.201635420322 -4.6405144491461670e-01
0006 2021-09-15T01:48:55.000 3.854915684749030333e+02 5.049100412934817541e+02 40773325.316220685840 -7.0595278318353394e-01
0006 2021-09-15T01:49:05.000 4.345790958285278975e+02 6.699269505944218963e+02 40773343.389169201255 -7.7216685156713538e-02
0006 2021-09-15T01:49:15.000 4.656698052359071198e+02 7.992751684066410007e+02 40773360.566259682178 -4.3201755408927056e-01
0006 2021-09-15T01:49:25.000 4.824787266064815299e+02 6.692211186815193287e+02 40773378.341904491186 -2.7589379871301389e-01
0006 2021-09-15T01:49:35.000 3.987290243890371357e+02 5.374663559190838669e+02 40773395.902820780873 -4.2207656699440577e-01
0006 2021-09-15T01:49:45.000 4.762131109319191182e+02 7.879977098587611408e+02 40773414.169225722551 +4.9705840603110119e-02
0006 2021-09-15T01:49:55.000 4.196347367896503897e+02 6.277863250911913156e+02 40773432.251801006496 +2.5019269068502581e-01
0006 2021-09-15T01:50:05.000 4.090327900775876628e+02 5.564686127838285756e+02 40773450.525942690670 +5.5484081727729517e-01
0006 2021-09-15T01:50:15.000 3.858411872311226603e+02 5.453746927311731270e+02 40773468.166475601494 +1.3853943385902312e-01
0006 2021-09-15T01:50:25.000 4.306023267956376799e+02 5.152207963472594656e+02 40773486.474814459682 +3.0277140744385633e-01
0006 2021-09-15T01:50:35.000 4.280662145267007759e+02 5.729817161592044386e+02 40773504.620941683650 +2.1759128748396961e-01
0006 2021-09-15T01:50:45.000 3.646137574049074601e+02 4.676416434794808197e+02 40773523.274427518249 +5.5264573353599644e-01
0006 2021-09-15T01:50:55.000 3.427634541668182351e+02 4.913714790310564808e+02 40773540.528749637306 -5.9850664406769738e-01
0006 2021-09-15T01:51:05.000 3.793290764490868696e+02 5.693687462122670695e+02 40773559.645061455667 +2.5373272832212024e-02
0006 2021-09-15T01:51:15.000 4.371546184337433374e+02 5.191985131601625199e+02 40773578.052435830235 -1.4655097893330549e-01
0006 2021-09-15T01:51:25.000 2.868004217420017312e+02 3.958789136222370644e+02 40773596.982201993465 +1.1714580312218460e-01
0006 2021-09-15T01:51:35.000 2.722223270535622532e+02 3.757377884971191975e+02 40773615.497055083513 -1.2073975091004741e-01
0006 2021-09-15T01:51:45.000 3.271966556863143865e+02 5.051281297404592010e+02 40773634.994208656251 +5.3711309747927771e-01
0006 2021-09-15T01:51:55.000 3.579898382463126723e+02 3.955304406072676784e+02 40773653.160301625729 -2.2254353309506317e-01
0006 2021-09-15T01:52:05.000 3.752551617182605810e+02 5.803889472996086170e+02 40773672.162591293454 -2.3233286863830929e-01
0006 2021-09-15T01:52:15.000 3.329877692981363566e+02 5.743451749169097411e+02 40773691.604735925794 +1.1152929819797920e-01
0006 2021-09-15T01:52:25.000 4.715245604253955207e+02 6.463264079650779195e+02 40773710.929512254894 +2.5195236727563497e-01
0006 2021-09-15T01:52:35.000 4.413672392130247317e+02 6.609402392765020977e+02 40773730.459125980735 +5.1128171637515152e-01
0006 2021-09-15T01:52:45.000 5.288614917196681517e+02 6.699744767235366680e+02 40773749.503683678806 +1.9977084141976320e-01
0006 2021-09-15T01:52:55.000 3.591992044738765344e+02 4.442053951803667360e+02 40773768.963064901531 +2.1745365916694936e-01
0006 2021-09-15T01:53:05.000 3.598179091652982038e+02 5.084886060549300737e+02 40773788.342919357121 +7.0141984187785056e-02
0006 2021-09-15T01:53:15.000 5.258241680273715701e+02 7.484632234430446260e+02 40773808.010264538229 +1.2502340037656268e-01
0006 2021-09-15T01:53:25.000 5.274891009765370882e+02 6.726903678804255833e+02 40773827.490393757820 -9.2430483688872300e-02
0006 2021-09-15T01:53:35.000 4.144439884712632534e+02 5.134764223074662368e+02 40773846.648993238807 -7.1634666229977029e-01
0006 2021-09-15T01:53:45.000 3.041247620230722646e+02 3.926341295114469858e+02 40773867.527697600424 +2.9510494965063566e-01
0006 2021-09-15T01:53:55.000 3.913082525632847819e+02 5.857092246818262993e+02 40773887.069989994168 -1.1438802898203448e-01
0006 2021-09-15T01:54:05.000 4.838914392790659349e+02 7.393629414473315364e+02 40773907.220607273281 +1.2490415610955097e-04
0006 2021-09-15T01:54:15.000 4.685994387024126127e+02 8.301285417220997260e+02 40773927.233661264181 -1.0702129775529556e-01
0006 2021-09-15T01:54:25.000 4.429664245814985861e+02 7.209631056677282004e+02 40773947.770565845072 +2.2582004157436583e-01
0006 2021-09-15T01:54:35.000 3.472405862824433029e+02 6.386427110675468839e+02 40773967.565063215792 -2.6736610074374312e-01
0006 2021-09-15T01:54:45.000 6.055537434396198933e+02 7.813277800961778894e+02 40773988.128482401371 -7.4997741146944463e-02
0006 2021-09-15T01:54:55.000 4.485449032632324702e+02 5.142725037281975347e+02 40774008.660796031356 +3.1611595057938762e-03
0006 2021-09-15T01:55:05.000 4.715828930605431992e+02 7.649553624858573357e+02 40774028.786860756576 -4.0775863528142503e-01
0006 2021-09-15T01:55:15.000 4.949126320468956806e+02 6.767901053098676130e+02 40774049.592768259346 -2.2138041388757301e-01
0006 2021-09-15T01:55:25.000 3.815944587592482549e+02 4.524943822710612267e+02 40774070.202048242092 -3.1387824815158183e-01
0006 2021-09-15T01:55:35.000 3.481268789297096191e+02 5.788844134013920666e+02 40774091.264784075320 -3.4861097205521219e-02
0006 2021-09-15T01:55:45.000 3.700781032209819159e+02 5.385506681729511911e+02 40774111.997972913086 -1.6701246963498306e-01
0006 2021-09-15T01:55:55.000 4.674197573684236886e+02 6.470049542525084689e+02 40774133.324720077217 +2.1310419574479056e-01
0006 2021-09-15T01:56:05.000 4.241956440614113717e+02 5.478837963116362744e+02 40774154.191565275192 +5.2372078414009593e-02
0006 2021-09-15T01:56:15.000 4.867138881627242313e+02 7.076311424526510336e+02 40774175.438808478415 +1.9144700199672121e-01
0006 2021-09-15T01:56:25.000 4.455758901184327101e+02 4.890068026651015884e+02 40774196.872245609760 +4.3649341102934608e-01
0006 2021-09-15T01:56:35.000 5.975647961443571603e+02 7.167578778634086802e+02 40774217.933850228786 +2.2986631103901800e-01
0006 2021-09-15T01:56:45.000 2.925658630971814773e+02 3.953073739367137591e+02 40774238.701046906412 -3.5061511520825661e-01
0006 2021-09-15T01:56:55.000 5.100456996851965528e+02 6.535125329326625661e+02 40774260.461560241878 -1.6818266659015535e-02
0006 2021-09-15T01:57:05.000 4.325714597289289713e+02 6.206858296237257946e+02 40774282.034461103380 +5.0749428367112159e-02
0006 2021-09-15T01:57:15.000 4.522154594368872722e+02 6.472177642644420530e+02 40774303.576048418880 +8.8224482624355005e-03
0006 2021-09-15T01:57:25.000 3.993049974516794123e+02 5.479334011165024094e+02 40774324.634240880609 -5.9423078623058245e-01
0006 2021-09-15T01:57:35.000 3.384792761445238511e+02 5.103240109653824561e+02 40774346.855596318841 -1.1138830012475864e-01
0006 2021-09-15T01:57:45.000 4.727745212282125635e+02 7.628144179319469913e+02 40774368.983258612454 +2.0097254074585180e-01
0006 2021-09-15T01:57:55.000 3.568238881197365799e+02 5.346372729572523212e+02 40774390.733045406640 +5.9163045222931032e-02
0006 2021-09-15T01:58:05.000 3.888128236753342435e+02 5.269683085966379394e+02 40774412.339593328536 -3.0167137314140285e-01
0006 2021-09-15T01:58:15.000 4.057617543163266305e+02 4.868505800526404528e+02 40774434.866526521742 +1.8261764154181040e-01
0007 2021-09-15T02:00:05.000 3.188316049204163392e+02 3.713095166239824607e+02 40776823.913865678012 +3.4974683536574958e-02
0007 2021-09-15T02:00:15.000 3.386948659010314486e+02 5.157015423863959995e+02 40776846.895818471909 -8.1953104519925532e-02
0007 2021-09-15T02:00:25.000 4.857103291737591917e+02 7.638546341795798753e+02 40776870.214971885085 +5.6320777575706416e-02
0007 2021-09-15T02:00:35.000 5.795293911760734318e+02 9.374617525089180390e+02 40776893.473858483136 +5.2337998122879981e-02
0007 2021-09-15T02:00:45.000 4.157315873667092205e+02 6.240062364532959691e+02 40776916.801684521139 +3.5314207796432129e-02
0007 2021-09-15T02:00:55.000 3.628732658008352132e+02 5.795737938480741605e+02 40776940.060986250639 -1.3220468012741549e-01
0007 2021-09-15T02:01:05.000 3.931975288584159784e+02 5.824855653209035609e+02 40776963.820967912674 +1.1899544761558900e-01
0007 2021-09-15T02:01:15.000 4.372252445443732540e+02 8.461556617490774670e+02 40776987.327436931431 +3.4732159694272013e-02
0007 2021-09-15T02:01:25.000 5.011529046497297486e+02 6.468645555386345904e+02 40777011.019167482853 +5.3789982076068561e-02
0007 2021-09-15T02:01:35.000 5.258936372302141535e+02 9.729423021114753283e+02 40777034.676164418459 -4.3815669778155097e-02
0007 2021-09-15T02:01:45.000 3.731434540280922647e+02 5.853754318371873069e+02 40777058.446432679892 -1.1006907475996286e-01
0007 2021-09-15T02:01:55.000 4.994053667523419904e+02 6.838128751141279054e+02 40777082.551392666996 +7.6461129558651919e-02
0007 2021-09-15T02:02:05.000 3.956308931529886195e+02 7.077466814985609744e+02 40777106.382748752832 -9.2509528582922940e-02
0007 2021-09-15T02:02:15.000 4.135991391552635719e+02 5.351344552267227073e+02 40777130.177239991724 -3.8023067983795050e-01
0007 2021-09-15T02:02:25.000 5.060533673117689659e+02 8.423339317205377483e+02 40777154.845948569477 +1.2439134009787269e-01
0007 2021-09-15T02:02:35.000 3.954965522276175989e+02 6.443143202001655254e+02 40777178.609837211668 -3.5766912061319545e-01
0007 2021-09-15T02:02:45.000 3.208085929212240330e+02 5.806328050441217101e+02 40777203.247587613761 -4.7718591047669179e-02
0007 2021-09-15T02:02:55.000 4.063251791370586261e+02 8.014108986093881413e+02 40777227.520835928619 -1.8410906975748281e-01
0007 2021-09-15T02:03:05.000 5.442234908395437287e+02 9.363484346554878357e+02 40777252.173974253237 -2.2436402431821989e-02
0007 2021-09-15T02:03:15.000 4.485750055941977621e+02 7.611413173047276359e+02 40777277.032082207501 +2.6239107903177228e-01
0007 2021-09-15T02:03:25.000 4.653136570093807336e+02 9.346843646961715422e+02 40777301.545994512737 +1.2122035054630942e-01
0007 2021-09-15T02:03:35.000 3.678337099239312238e+02 6.265267430914673241e+02 40777326.306430205703 +1.4478269534538413e-01
0007 2021-09-15T02:03:45.000 3.695722775341960187e+02 5.960266736581743316e+02 40777351.188526026905 +2.0822719918339769e-01
0007 2021-09-15T02:03:55.000 4.728117470103383084e+02 7.450351667963531099e+02 40777375.909431457520 +2.8715763918626180e-02
0007 2021-09-15T02:04:05.000 4.041451060223922127e+02 6.123772141375023921e+02 40777400.634577855468 -2.2830777499461877e-01
0007 2021-09-15T02:04:15.000 4.961376113145116165e+02 5.945713108619617060e+02 40777425.793160043657 -1.3363616333606387e-01
0007 2021-09-15T02:04:25.000 3.828420571971493587e+02 7.074126358531284495e+02 40777451.058757677674 -1.3677145950850900e-02
0007 2021-09-15T02:04:35.000 3.737291242086212719e+02 7.212555277851190567e+02 40777476.093365937471 -2.0642306067361460e-01
0007 2021-09-15T02:04:45.000 3.115286461604379724e+02 4.632908294582873623e+02 40777501.964984960854 +3.5613878269475663e-01
0007 2021-09-15T02:04:55.000 5.667047051463213165e+02 7.881162312780774073e+02 40777526.660101845860 -3.3949199688686349e-01
0007 2021-09-15T02:05:05.000 4.609382318594231833e+02 7.204082881713651432e+02 40777552.310875006020 -1.6114446978349406e-01
0007 2021-09-15T02:05:15.000 4.915966319694793469e+02 8.687933508757533900e+02 40777577.989649556577 -3.6461032445572528e-02
0007 2021-09-15T02:05:25.000 4.589107227997276937e+02 7.449477737768520456e+02 40777603.664598569274 +2.7438243288315789e-03
0007 2021-09-15T02:05:35.000 5.345730603829110805e+02 6.309088867080258751e+02 40777629.638170130551 +2.5893057385701468e-01
0007 2021-09-15T02:05:45.000 3.331428799500452556e+02 4.752064865762059185e+02 40777655.241165116429 +6.2912418928704028e-02
0007 2021-09-15T02:05:55.000 4.143619522154029369e+02 5.179355103876810063e+02 40777681.337098881602 +2.7821695643797284e-01
0007 2021-09-15T02:06:05.000 3.739124880775075326e+02 6.772078055607395299e+02 40777707.324110105634 +3.0299504821709888e-01
0007 2021-09-15T02:06:15.000 2.762234204522176242e+02 3.144447445349127293e+02 40777733.152086399496 +8.7146354537367202e-02
0007 2021-09-15T02:06:25.000 4.337154796828684198e+02 6.182356243672846858e+02 40777759.550578363240 +3.6023344937757429e-01
0007 2021-09-15T02:06:35.000 3.173945408782786899e+02 5.166562969436713502e+02 40777785.625840470195 +2.2852264734308392e-01
0007 2021-09-15T02:06:45.000 4.438086793533784657e+02 6.124145512250863703e+02 40777811.692604340613 +6.7572862844826886e-03
0007 2021-09-15T02:06:55.000 5.135840891181853749e+02 6.691681747796347963e+02 40777838.624770216644 +5.6884916729632096e-01
0007 2021-09-15T02:07:05.000 4.465426992261473060e+02 5.932260425309877974e+02 40777864.594614483416 +8.7086103019146321e-02
0007 2021-09-15T02:07:15.000 4.697650535982315319e+02 6.478764563481406640e+02 40777890.980129912496 -6.0527882397764181e-02
0007 2021-09-15T02:07:25.000 5.223006380974231888e+02 8.132321506377787728e+02 40777917.844816267490 +1.8951806862889956e-01
0007 2021-09-15T02:07:35.000 3.436310260885870207e+02 4.029257530464697652e+02 40777944.052611365914 -2.9882733770625686e-01
0007 2021-09-15T02:07:45.000 5.018229552978767742e+02 6.730964200223455691e+02 40777970.955517612398 -1.7355098554901360e-01
0007 2021-09-15T02:07:55.000 3.177184598722091096e+02 4.346840479097714365e+02 40777998.011942565441 +2.3765150221606746e-02
0007 2021-09-15T02:08:05.000 4.239408327923380284e+02 6.588951467120808729e+02 40778024.892880953848 -3.5873923442522937e-02
0007 2021-09-15T02:08:15.000 4.841500361562892181e+02 5.972679553486775603e+02 40778052.306423977017 +3.5563306340441159e-01
0007 2021-09-15T02:08:25.000 2.866676062040290276e+02 5.728719251279915170e+02 40778078.827845588326 -2.2643015487835785e-01
0007 2021-09-15T02:08:35.000 3.779216979251095836e+02 4.407005074729798366e+02 40778105.513607889414 -7.2559191158075020e-01
0007 2021-09-15T02:08:45.000 4.701832878090572763e+02 6.832192928981646673e+02 40778133.235101170838 -2.7045263768729910e-01
0007 2021-09-15T02:08:55.000 5.450545706254108609e+02 9.190094183370327983e+02 40778160.594546817243 -2.5878192738196049e-01
0007 2021-09-15T02:09:05.000 4.317797375671951841e+02 6.221073522323870293e+02 40778188.290158122778 +7.6422215138336478e-03
0007 2021-09-15T02:09:15.000 4.320188807950859200e+02 6.569236483619815772e+02 40778215.325605288148 -4.6750152881679696e-01
0007 2021-09-15T02:09:25.000 4.957338401181241352e+02 7.283082092712442090e+02 40778243.198866285384 -1.8622710494094008e-01
0007 2021-09-15T02:09:35.000 3.572752217949487772e+02 6.266693357177305188e+02 40778270.898225851357 -1.6024195596901336e-01
0007 2021-09-15T02:09:45.000 4.733173177228961777e+02 7.327508853871693191e+02 40778298.887886926532 +7.4664336901491893e-02
0007 2021-09-15T02:09:55.000 4.414734129730450150e+02 8.205327684541038025e+02 40778326.475423946977 -1.7392667190665634e-01
0007 2021-09-15T02:10:05.000 3.315792780231889765e+02 5.692899291784988236e+02 40778354.351936697960 -2.1490839151454111e-01
0007 2021-09-15T02:10:15.000 5.147521163835705238e+02 6.497637772594548551e+02 40778382.200777232647 -3.6492236850244808e-01
0007 2021-09-15T02:10:25.000 4.544271641809319249e+02 8.182354115830086130e+02 40778410.720468357205 +7.4560250518743487e-02
0007 2021-09-15T02:10:35.000 4.415756786308293727e+02 7.446631569392052370e+02 40778438.900161854923 +9.2696917631542419e-02
0007 2021-09-15T02:10:45.000 4.023640531074975115e+02 5.235042957614489296e+02 40778466.841843090951 -2.0852174265121448e-01
0007 2021-09-15T02:10:55.000 3.337509679537574812e+02 5.546278330824462728e+02 40778495.434572957456 +5.9970007491642718e-02
0007 2021-09-15T02:11:05.000 3.797492319516015868e+02 5.398721913167652247e+02 40778523.877816483378 +9.7641641881523356e-02
0007 2021-09-15T02:11:15.000 4.958933249724121879e+02 1.012369186248409051e+03 40778552.401022925973 +1.3394642312255201e-01
0007 2021-09-15T02:11:25.000 4.152312255411143269e+02 6.339110430087745272e+02 40778580.919351741672 +8.4047358648945178e-02
0007 2021-09-15T02:11:35.000 4.812359922168532762e+02 7.048882321215986622e+02 40778609.602896332741 +1.1804099983510240e-01
0007 2021-09-15T02:11:45.000 4.944316826094064936e+02 8.041829856595926458e+02 40778638.630124859512 +4.1439810602275889e-01
0007 2021-09-15T02:11:55.000 4.523417211881132971e+02 6.280643770836662725e+02 40778667.261148966849 +2.3323253500825561e-01
0007 2021-09-15T02:12:05.000 6.473120830149046014e+02 1.022689576621559581e+03 40778695.903689004481 -1.7733676788452613e-02
0007 2021-09-15T02:12:15.000 5.375019768461506828e+02 9.812506754234860864e+02 40778724.723724238575 -1.7252007858814977e-01
0007 2021-09-15T02:12:25.000 4.263611578499783832e+02 7.275452596314995617e+02 40778754.370463125408 +4.1808248115751206e-01
0007 2021-09-15T02:12:35.000 3.631268541352412740e+02 4.464533972832156792e+02 40778783.608658485115 +5.1882695179608618e-01
0007 2021-09-15T02:12:45.000 3.745514901980617424e+02 5.085937680438365760e+02 40778812.265432722867 -4.3164568576685269e-02
0007 2021-09-15T02:12:55.000 4.711339466352793579e+02 8.098237218992160251e+02 40778841.861149735749 +2.5247087945649582e-01
0007 2021-09-15T02:13:05.000 3.768768482586065716e+02 5.280584907023937831e+02 40778870.907202154398 -8.2875530414526111e-02
0007 2021-09-15T02:13:15.000 3.992124615375329881e+02 6.050244491798882791e+02 40778899.986470006406 -4.6632576184288160e-01
0007 2021-09-15T02:13:25.000 3.193576358548048688e+02 5.213628132322584179e+02 40778930.475377880037 +4.7854214031019637e-01
0007 2021-09-15T02:13:35.000 4.436697161410814942e+02 5.277094352448590371e+02 40778959.578747525811 -4.3453211740143161e-02
0007 2021-09-15T02:13:45.000 3.580692222669742932e+02 5.101953628950623738e+02 40778989.263737373054 -6.5157200312228269e-02
0007 2021-09-15T02:13:55.000 3.116724902730477424e+02 4.177730712235079409e+02 40779018.849604040384 -2.6731758213236390e-01
0007 2021-09-15T02:14:05.000 3.947642342230709005e+02 5.060626863209498651e+02 40779048.898341692984 -8.7945183479519073e-02
0007 2021-09-15T02:14:15.000 4.827130830818813365e+02 5.902807730351764803e+02 40779078.675934232771 -2.6106175486415850e-01
0007 2021-09-15T02:14:25.000 4.261611563247092818e+02 4.578345355328704045e+02 40779109.553166285157 +5.8411109501639658e-01
0007 2021-09-15T02:14:35.000 5.114311125084892069e+02 8.440454634313318820e+02 40779139.216306492686 +1.3383505641115789e-01
0007 2021-09-15T02:14:45.000 4.235443081497140270e+02 5.922485437536807922e+02 40779169.372026033700 +9.4773698224003042e-02
0007 2021-09-15T02:14:55.000 3.631340366348007933e+02 6.292159744562678725e+02 40779199.627754040062 +7.4347928208339908e-02
0007 2021-09-15T02:15:05.000 4.142539566209283066e+02 5.707197826379366461e+02 40779229.819601036608 -9.1340689738217407e-02
0007 2021-09-15T02:15:15.000 3.944371793969309579e+02 5.477530211898497328e+02 40779260.216705203056 -1.3316365432422117e-01
0007 2021-09-15T02:15:25.000 3.970355333571923779e+02 6.131974495029309082e+02 40779290.928969353437 +5.8771557178943112e-02
0007 2021-09-15T02:15:35.000 3.404726502619479902e+02 5.558801529839579416e+02 40779321.038323663175 -4.3361599635454695e-01
0007 2021-09-15T02:15:45.000 4.581502052442339163e+02 9.429252708570066943e+02 40779352.183117754757 +2.8011503817992889e-02
0007 2021-09-15T02:15:55.000 3.271651818743902140e+02 4.379258290355421082e+02 40779382.782575167716 -1.3713491863563831e-01
0007 2021-09-15T02:16:05.000 3.898832239072256129e+02 5.396521547455703285e+02 40779413.547298282385 -2.1846620388942029e-01
0007 2021-09-15T02:16:15.000 3.823559495940693864e+02 5.195211588533525173e+02 40779444.280578926206 -4.1270455969311121e-01
0007 2021-09-15T02:16:25.000 3.723084796073587768e+02 5.472565355669302107e+02 40779475.558872766793 -1.4340917017250376e-01
0007 2021-09-15T02:16:35.000 5.039533249378263804e+02 7.508065819498582414e+02 40779506.466277547181 -3.2649790664743250e-01
0007 2021-09-15T02:16:45.000 4.792258248040516833e+02 6.577344814697355559e+02 40779538.065527096391 +1.0074664722981196e-01
0007 2021-09-15T02:16:55.000 4.248513811268404652e+02 5.598865769954497864e+02 40779569.274562641978 +5.6248495084673777e-02
0007 2021-09-15T02:17:05.000 5.308696761010825185e+02 8.048883822102714021e+02 40779600.643340483308 +8.9945888885949885e-02
0007 2021-09-15T02:17:15.000 4.884021964819209529e+02 7.534115449191806420e+02 40779632.051002502441 +8.0961871932458962e-02
0007 2021-09-15T02:17:25.000 5.946900103294570954e+02 9.541536098781821238e+02 40779663.698047280312 +2.2977526513886917e-01
0007 2021-09-15T02:17:35.000 5.456078571385041869e+02 7.718404440178723007e+02 40779695.194763645530 +1.4665435878612243e-01
0007 2021-09-15T02:17:45.000 4.223361738430751302e+02 7.211671039644179473e+02 40779726.470919176936 -2.3865471737201460e-01
0007 2021-09-15T02:17:55.000 4.281977281422637702e+02 6.497484626110948511e+02 40779758.366735145450 -8.5952963238355551e-02
0007 2021-09-15T02:18:05.000 3.328041378095782648e+02 4.937056015457044964e+02 40779790.362024523318 +8.4549371727121070e-02
0007 2021-09-15T02:18:15.000 3.985071241022320123e+02 6.685408059550294411e+02 40779822.137909285724 -4.6049777935309066e-02
0008 2021-09-15T02:20:05.000 4.360877577620645411e+02 6.935035801300123239e+02 40783538.587107837200 +2.0718874994611269e-01
0008 2021-09-15T02:20:15.000 4.915480971814068880e+02 8.894542003772501175e+02 40783571.441594831645 +1.3663397754146445e-01
0008 2021-09-15T02:20:25.000 5.727138495917232603e+02 9.063346508452414128e+02 40783604.341017723083 +3.2074613709028199e-02
0008 2021-09-15T02:20:35.000 4.874625191814907907e+02 9.402404387230814109e+02 40783637.157183192670 -2.3494575633969816e-01
0008 2021-09-15T02:20:45.000 6.025159538764315812e+02 1.020671725763584959e+03 40783670.208732917905 -3.4604035834968272e-01
0008 2021-09-15T02:20:55.000 3.199911826465277045e+02 4.158140476874319234e+02 40783703.739380173385 -5.7742891828411295e-02
0008 2021-09-15T02:21:05.000 3.414327470473059520e+02 4.434243375505686231e+02 40783737.193941682577 +7.4524210449794737e-02
0008 2021-09-15T02:21:15.000 4.900542925711603175e+02 9.634130357171859487e+02 40783770.597053349018 +7.5165389265748672e-02
0008 2021-09-15T02:21:25.000 4.167557596777003823e+02 7.847416703252515617e+02 40783804.071760483086 +6.7001968172689885e-02
0008 2021-09-15T02:21:35.000 4.649932327762515456e+02 7.249613528573349868e+02 40783837.709425240755 +1.4117948868329222e-01
0008 2021-09-15T02:21:45.000 4.267140479647720781e+02 6.809293912424617474e+02 40783871.543949052691 +3.3138992805243106e-01
0008 2021-09-15T02:21:55.000 3.743428661342900909e+02 6.639235130895899601e+02 40783905.245021797717 +3.0712073471499934e-01
0008 2021-09-15T02:22:05.000 4.112210602034168687e+02 6.808094544789898919e+02 40783938.472486630082 -2.7198045642444413e-01
0008 2021-09-15T02:22:15.000 4.712173046266246956e+02 7.346091168104450162e+02 40783972.539010681212 -9.3435350777099302e-02
0008 2021-09-15T02:22:25.000 3.734178281589489643e+02 6.164257590387510390e+02 40784006.443492986262 -1.5852717951236173e-01
0008 2021-09-15T02:22:35.000 4.328316593632239346e+02 6.553847044730309790e+02 40784040.767769455910 +1.1440409466911206e-01
0008 2021-09-15T02:22:45.000 5.739484314126978006e+02 8.972163318717304037e+02 40784074.820122443140 +3.3471186834049149e-02
0008 2021-09-15T02:22:55.000 3.905473645709220705e+02 6.496833974041111333e+02 40784109.096853598952 +9.4812227966144733e-02
0008 2021-09-15T02:23:05.000 3.729530608458585448e+02 6.571809217754068868e+02 40784143.239821471274 -5.9871891053035135e-02
0008 2021-09-15T02:23:15.000 4.994923704900932080e+02 8.514851442905493286e+02 40784177.813781954348 +1.3402290317571897e-01
0008 2021-09-15T02:23:25.000 5.432241622611912817e+02 1.004601220233726394e+03 40784212.059063300490 -8.3321396539872694e-02
0008 2021-09-15T02:23:35.000 3.640242851574273573e+02 4.857648490995865700e+02 40784246.583389431238 -1.0432166429802692e-01
0008 2021-09-15T02:23:45.000 5.044477375566796127e+02 6.263730021601096496e+02 40784281.325132697821 +9.2589783116636664e-03
0008 2021-09-15T02:23:55.000 3.634210679272625839e+02 4.998488247810968232e+02 40784316.017339162529 -9.6637937474497448e-03
0008 2021-09-15T02:24:05.000 3.912375267017355327e+02 5.332339314869617510e+02 40784350.828703366220 +7.4792181028442428e-03
0008 2021-09-15T02:24:15.000 4.560377131281097718e+02 7.588757310509622585e+02 40784385.695100076497 -3.5577939253244040e-03
0008 2021-09-15T02:24:25.000 4.915692130803399209e+02 6.589853749825620071e+02 40784420.711514562368 +5.2094520075229411e-02
0008 2021-09-15T02:24:35.000 3.602716816900882577e+02 4.919295277578293621e+02 40784455.521887525916 -1.8173445980460201e-01
0008 2021-09-15T02:24:45.000 3.510650106509659736e+02 4.446350531984177792e+02 40784490.558629639447 -2.7274116878777482e-01
0008 2021-09-15T02:24:55.000 5.388063376673012499e+02 7.844697435012317328e+02 40784526.178602911532 +1.3583359463495981e-01
0008 2021-09-15T02:25:05.000 4.766286056678748650e+02 7.715905785776649282e+02 40784561.380942977965 +4.3026653221545530e-02
0008 2021-09-15T02:25:15.000 3.966955563256314576e+02 6.065280545670129868e+02 40784596.908046402037 +1.9113961215282416e-01
0008 2021-09-15T02:25:25.000 5.131354118026109745e+02 9.247623917671293157e+02 40784632.181935757399 +2.1038398693917766e-03
0008 2021-09-15T02:25:35.000 3.614863183375952644e+02 5.480874022760252728e+02 40784667.552917569876 -1.7386180539483576e-01
0008 2021-09-15T02:25:45.000 4.735121659697663290e+02 7.844662214149024067e+02 40784703.561399206519 +2.0356578249823087e-01
0008 2021-09-15T02:25:55.000 5.283009134347458939e+02 7.244940034254763077e+02 40784738.916000202298 -1.5707487554459476e-01
0008 2021-09-15T02:26:05.000 4.600142629469424946e+02 6.182618290123849647e+02 40784774.847900353372 -2.4681913844915471e-02
0008 2021-09-15T02:26:15.000 3.643125857293620697e+02 4.583869483275048538e+02 40784810.556799866259 -1.9963011955610452e-01
0008 2021-09-15T02:26:25.000 4.158818098869252822e+02 5.276626071397232636e+02 40784846.929567821324 +2.0487735650920055e-01
0008 2021-09-15T02:26:35.000 4.821643533397356691e+02 7.324678577181899755e+02 40784882.692625992000 -8.4807335065988809e-02
0008 2021-09-15T02:26:45.000 3.762859088605991928e+02 4.787693080019967056e+02 40784919.223837815225 +3.0911209746534496e-01
0008 2021-09-15T02:26:55.000 4.475486780388059742e+02 6.427890759760491619e+02 40784954.983362957835 -1.5326955074601756e-01
0008 2021-09-15T02:27:05.000 3.951370991697555723e+02 5.386446402415616603e+02 40784991.153216525912 -2.8999988407224464e-01
0008 2021-09-15T02:27:15.000 3.869512062598515740e+02 4.595299439548188616e+02 40785027.527744971216 -3.0679321247794178e-01
0008 2021-09-15T02:27:25.000 3.511037395999161390e+02 6.027092076011125528e+02 40785064.426127277315 +1.1547055697292308e-01
0008 2021-09-15T02:27:35.000 4.113855902967852671e+02 6.677724430121836576e+02 40785100.897256135941 +2.5626862199487729e-02
0008 2021-09-15T02:27:45.000 4.092831167438430953e+02 5.993170366678481287e+02 40785137.294667169452 -2.2284441499425608e-01
0008 2021-09-15T02:27:55.000 3.677893726370410263e+02 4.976791069239290550e+02 40785173.831891134381 -4.1646689784386126e-01
0008 2021-09-15T02:28:05.000 5.010642096072115805e+02 6.954742450605353952e+02 40785211.171014368534 +1.0679254739056888e-01
0008 2021-09-15T02:28:15.000 5.201461257198774319e+02 5.710652080936694119e+02 40785248.175516486168 +2.1036139172440471e-01
0008 2021-09-15T02:28:25.000 3.812045596234056006e+02 5.659604633973056025e+02 40785285.202473841608 +2.5126469666531648e-01
0008 2021-09-15T02:28:35.000 4.859875084943014372e+02 6.592338974328557697e+02 40785322.126997180283 +1.0456265554375932e-01
0008 2021-09-15T02:28:45.000 5.028222942573805767e+02 8.877728229219802643e+02 40785359.130672812462 -4.8208400984549371e-02
0008 2021-09-15T02:28:55.000 3.382561606802796632e+02 4.256761191379312663e+02 40785395.948406286538 -4.7219253485263840e-01
0008 2021-09-15T02:29:05.000 3.600227466257394440e+02 4.070467294264850580e+02 40785434.240263767540 +4.9262708699097857e-01
0008 2021-09-15T02:29:15.000 5.567808473811315935e+02 7.872153662473963323e+02 40785471.283327363431 +1.2328332367530948e-01
0008 2021-09-15T02:29:25.000 4.291493218378752204e+02 6.547072601883130574e+02 40785508.720286563039 +6.2416335359671393e-02
0008 2021-09-15T02:29:35.000 3.925237258437092578e+02 5.422693063888647202e+02 40785546.377320885658 +1.3615610185127025e-01
0008 2021-09-15T02:29:45.000 4.996245865010903344e+02 8.251195078104406093e+02 40785583.764623373747 -1.4535425437009053e-01
0008 2021-09-15T02:29:55.000 3.726212192622585349e+02 5.257179556605328798e+02 40785621.355281569064 -3.0907770250098565e-01
0008 2021-09-15T02:30:05.000 3.564640116602557782e+02 4.376022110044759756e+02 40785659.504021160305 -3.3968037871545675e-04
0008 2021-09-15T02:30:15.000 6.113597244036241136e+02 8.228670752057654454e+02 40785697.185871273279 -2.4416311280913305e-01
0008 2021-09-15T02:30:25.000 4.780170410221528527e+02 6.458078482573071142e+02 40785735.354438416660 -8.6994513999570700e-02
0008 2021-09-15T02:30:35.000 5.047195984160055104e+02 7.086742141461952542e+02 40785773.563684754074 +2.5074051992078239e-02
0008 2021-09-15T02:30:45.000 4.999210006111233042e+02 8.161115498654796738e+02 40785811.758661523461 +3.7038266452100288e-02
0008 2021-09-15T02:30:55.000 4.816939011272936000e+02 6.934186782327003584e+02 40785849.994614444673 +4.0868578537356370e-03
0008 2021-09-15T02:31:05.000 6.052692647846093905e+02 8.610471923048636427e+02 40785888.497634582222 +1.5225218704915733e-01
0008 2021-09-15T02:31:15.000 5.190358464179270186e+02 8.570884115929388827e+02 40785926.744315914810 -4.1932258562042080e-02
0008 2021-09-15T02:31:25.000 4.690558112751755289e+02 5.647264708346920088e+02 40785965.283217996359 -2.9969339880040025e-02
0008 2021-09-15T02:31:35.000 3.792390139892784191e+02 7.116949094380446468e+02 40786003.999538317323 +7.3273873310540694e-02
0008 2021-09-15T02:31:45.000 4.525850568037108701e+02 6.714420734496889054e+02 40786042.675682060421 +5.0135704706690376e-02
0008 2021-09-15T02:31:55.000 3.923546285091223353e+02 5.144302742394373809e+02 40786081.840774729848 +4.2967241134272166e-01
0008 2021-09-15T02:32:05.000 3.615410768387944245e+02 5.102905440709348568e+02 40786120.700332045555 +4.1732785740600775e-01
0008 2021-09-15T02:32:15.000 4.167054769607644857e+02 4.790493763247595780e+02 40786159.543554365635 +3.0222775963773074e-01
0008 2021-09-15T02:32:25.000 3.746721388504361698e+02 4.697805092905882134e+02 40786198.366452679038 +8.0305606041747524e-02
0008 2021-09-15T02:32:35.000 4.860537692664556744e+02 7.448269944254184338e+02 40786237.507977917790 +9.0431741244174205e-02
0008 2021-09-15T02:32:45.000 3.458543377419654803e+02 4.332166384505220549e+02 40786276.624096959829 -1.1510745317082184e-02
0008 2021-09-15T02:32:55.000 4.191480866327336798e+02 5.517703796685245834e+02 40786315.843937754631 -9.6481114576704385e-02
0008 2021-09-15T02:33:05.000 5.709835904415386949e+02 8.410572674247854366e+02 40786355.566556185484 +2.3448580920751283e-01
0008 2021-09-15T02:33:15.000 3.752920530104417480e+02 4.671654517169438918e+02 40786394.934963479638 +1.2430682697493012e-01
0008 2021-09-15T02:33:25.000 5.683409511819187401e+02 7.475375630757154113e+02 40786434.172634012997 -2.0364194774913361e-01
0008 2021-09-15T02:33:35.000 4.196153970422112138e+02 5.195485781169235224e+02 40786473.939511634409 -8.9518985836207335e-02
0008 2021-09-15T02:33:45.000 3.350356505760477717e+02 3.858888435501672802e+02 40786513.454599611461 -3.1442744160324310e-01
0008 2021-09-15T02:33:55.000 4.441587403868944079e+02 6.614373270615144520e+02 40786553.402039647102 -1.9433640637998903e-01
0008 2021-09-15T02:34:05.000 4.867995894589791988e+02 7.752790530357249281e+02 40786593.103077076375 -4.0811580949741710e-01
0008 2021-09-15T02:34:15.000 4.570018873625948572e+02 6.908507536000809068e+02 40786633.153433829546 -3.6016363431201626e-01
0008 2021-09-15T02:34:25.000 4.291871071009779257e+02 6.764888998216669052e+02 40786673.698527052999 +9.4812570707290433e-02
0008 2021-09-15T02:34:35.000 4.630543763423967221e+02 5.334154764009209657e+02 40786713.681353993714 -1.0031964951656391e-01
0008 2021-09-15T02:34:45.000 4.188348723631202120e+02 7.827298811798067391e+02 40786754.005567602813 -4.2042068203613774e-02
0008 2021-09-15T02:34:55.000 3.537999349647321878e+02 5.133715237110885710e+02 40786794.360424563289 -4.1238103727437192e-02
0008 2021-09-15T02:35:05.000 3.354593133934495768e+02 4.251923654277592277e+02 40786834.773712046444 -7.0266048944972681e-02
0008 2021-09-15T02:35:15.000 4.501583013231411314e+02 6.232214023889259806e+02 40786875.260110303760 -1.1459674876709867e-01
0008 2021-09-15T02:35:25.000 4.903676803501894597e+02 8.251417574760096159e+02 40786915.885174162686 -1.0883217455045724e-01
0008 2021-09-15T02:35:35.000 4.491196850372936069e+02 8.027591873890308989e+02 40786956.757832735777 +5.5794051309021597e-02
0008 2021-09-15T02:35:45.000 4.509206700581274276e+02 8.187185841258715300e+02 40786997.556553572416 +5.7580699867116891e-02
0008 2021-09-15T02:35:55.000 3.228199822684140941e+02 4.708964426562292829e+02 40787038.511009171605 +1.2602522643510383e-01
0008 2021-09-15T02:36:05.000 4.312185983878424054e+02 6.755679055545670053e+02 40787079.849303133786 +4.8904989604466209e-01
0008 2021-09-15T02:36:15.000 4.106056737204585829e+02 6.362276606489489268e+02 40787120.551498241723 +1.2652952422854469e-01
0008 2021-09-15T02:36:25.000 4.161342586432880921e+02 5.726498628393375157e+02 40787161.534879617393 -4.4445341216032830e-02
0008 2021-09-15T02:36:35.000 2.965856287203283728e+02 4.826605217148140810e+02 40787202.829985201359 +6.4617643788551504e-03
0008 2021-09-15T02:36:45.000 2.828675568481257869e+02 4.628055081501684072e+02 40787244.445616163313 +2.8784351964679900e-01
0008 2021-09-15T02:36:55.000 4.727090155445436608e+02 4.864113755850490293e+02 40787285.755734868348 +1.7344668575094602e-01
0008 2021-09-15T02:37:05.000 3.789231408662456602e+02 5.326196390141142274e+02 40787327.345788337290 +2.4849529442610677e-01
0008 2021-09-15T02:37:15.000 4.106998832946604807e+02 5.135847433808063442e+02 40787368.482372336090 -2.2064532178433183e-01
0008 2021-09-15T02:37:25.000 4.702535639565117549e+02 7.642561527743230272e+02 40787410.748770616949 +3.4907050282674845e-01
0008 2021-09-15T02:37:35.000 2.872795467387890653e+02 4.023928595180896650e+02 40787451.925991736352 -2.6159454797186754e-01
0008 2021-09-15T02:37:45.000 4.691128121448936668e+02 6.636690457603099276e+02 40787493.664798684418 -4.0213132552196384e-01
0008 2021-09-15T02:37:55.000 4.286220056579836637e+02 7.002860023114536716e+02 40787535.958981454372 -7.9011777887899370e-02
0008 2021-09-15T02:38:05.000 3.069645691118270747e+02 4.697840290781596764e+02 40787578.305008769035 +2.0396259294682292e-01
0008 2021-09-15T02:38:15.000 4.098540328748563297e+02 4.881307730886163085e+02 40787620.190245375037 -6.6122104618671074e-02
0009 2021-09-15T02:40:05.000 5.508045742688499331e+02 7.044542500266608158e+02 40792630.012739256024 +1.9629528349514655e-01
0009 2021-09-15T02:40:15.000 4.339109788084264210e+02 7.620053664728644662e+02 40792673.035620354116 +1.9565262443620668e-02
0009 2021-09-15T02:40:25.000 4.271124308704376631e+02 7.020062665025237720e+02 40792716.185772337019 -1.2095701179873686e-01
0009 2021-09-15T02:40:35.000 3.415389581628998599e+02 3.225369143337116498e+02 40792759.953209117055 +2.6454117773505453e-01
0009 2021-09-15T02:40:45.000 3.258690449191640823e+02 3.501818613804617826e+02 40792802.756986148655 -4.0508135826530633e-01
0009 2021-09-15T02:40:55.000 3.454051334447200929e+02 4.139223080205473480e+02 40792846.168650262058 -5.5846994175055897e-01
0009 2021-09-15T02:41:05.000 3.571513697824667020e+02 5.557494902576377171e+02 40792889.891158819199 -4.9285504610850239e-01
0009 2021-09-15T02:41:15.000 4.258185035370535161e+02 5.594102317254078116e+02 40792934.052077397704 -8.0854697409563414e-02
0009 2021-09-15T02:41:25.000 4.338947281668336586e+02 5.466974544557886020e+02 40792977.688108474016 -2.8594592302124511e-01
0009 2021-09-15T02:41:35.000 5.939974828727953309e+02 8.085244617644940490e+02 40793022.043966412544 +1.3641015757229979e-01
0009 2021-09-15T02:41:45.000 5.397894196567641529e+02 7.344333195521734297e+02 40793066.109761923552 +1.7615254877330244e-01
0009 2021-09-15T02:41:55.000 3.915065314037540816e+02 4.032588079733257587e+02 40793110.631692633033 +5.7931101386293449e-01
0009 2021-09-15T02:42:05.000 4.160133226036337533e+02 5.929722680914750299e+02 40793154.533280678093 +2.6924340857294737e-01
0009 2021-09-15T02:42:15.000 3.203618126691463885e+02 4.110813884254927757e+02 40793198.091294236481 -4.7744286013903542e-01
0009 2021-09-15T02:42:25.000 3.794386338622881567e+02 5.456027553000111538e+02 40793242.543130002916 -4.2350849275157998e-01
0009 2021-09-15T02:42:35.000 4.564483263639048687e+02 5.823183491221357144e+02 40793287.165615037084 -2.9228048269817464e-01
0009 2021-09-15T02:42:45.000 4.669108361613663760e+02 6.137094512359091141e+02 40793331.814136624336 -2.2852253929636393e-01
0009 2021-09-15T02:42:55.000 4.217323411816373664e+02 4.311483185092751000e+02 40793377.210055731237 +4.8897841376117407e-01
0009 2021-09-15T02:43:05.000 5.245507229656583377e+02 6.660846658460585559e+02 40793421.745345480740 +2.5205048583779899e-01
0009 2021-09-15T02:43:15.000 3.935551811526617598e+02 6.252401840862531799e+02 40793466.250452138484 -1.0900224806925962e-01
0009 2021-09-15T02:43:25.000 3.785201616226389660e+02 6.458940792750227047e+02 40793511.317415513098 -2.2795225455638501e-03
0009 2021-09-15T02:43:35.000 3.475456743586805715e+02 5.429502250262163443e+02 40793556.562599711120 +1.8844581520033896e-01
0009 2021-09-15T02:43:45.000 4.276247223263284809e+02 7.265124831462690054e+02 40793601.592205442488 +6.9239933243920859e-02
0009 2021-09-15T02:43:55.000 5.622565105930649452e+02 6.887804156710241159e+02 40793647.029346235096 +2.6308417796292360e-01
0009 2021-09-15T02:44:05.000 4.562772498794528246e+02 7.024556462620261073e+02 40793692.283409193158 +1.7923563458225544e-01
0009 2021-09-15T02:44:15.000 3.259684477706921371e+02 6.034258558527627656e+02 40793737.923617050052 +3.8678911139334105e-01
0009 2021-09-15T02:44:25.000 3.968458305943258324e+02 5.856475947225935670e+02 40793783.213863082230 +1.4951193245508421e-01
0009 2021-09-15T02:44:35.000 3.316730496439140552e+02 5.477238552497358341e+02 40793828.922202162445 +2.3533487404108652e-01
0009 2021-09-15T02:44:45.000 4.189980976671139956e+02 6.505552980954688564e+02 40793874.652106076479 +2.4760730953551047e-01
0009 2021-09-15T02:44:55.000 4.516693259329230159e+02 7.067492589023460141e+02 40793919.972588174045 -2.4477815029274552e-01
0009 2021-09-15T02:45:05.000 5.047750746880706174e+02 7.237892769160873740e+02 40793966.178505763412 +5.2916499281764118e-02
0009 2021-09-15T02:45:15.000 4.681757234163620751e+02 7.009746000411023488e+02 40794012.008381225169 -1.2090428348165004e-01
0009 2021-09-15T02:45:25.000 5.232994222220989968e+02 7.611578737695425616e+02 40794058.233562856913 +4.9911577974626198e-03
0009 2021-09-15T02:45:35.000 5.776120847531642539e+02 9.110694325456883007e+02 40794104.378566153347 -4.4997240637258080e-02
0009 2021-09-15T02:45:45.000 4.563409001492565835e+02 6.501576264608227120e+02 40794150.475844405591 -2.3853067321260824e-01
0009 2021-09-15T02:45:55.000 3.465285556536654212e+02 3.838865063027316751e+02 40794196.562412284315 -5.3870809766760885e-01
0009 2021-09-15T02:46:05.000 4.033950008626429735e+02 5.850510102219753890e+02 40794243.299339786172 -2.8457237466523111e-01
0009 2021-09-15T02:46:15.000 4.948526085224085023e+02 6.344125370931980115e+02 40794289.680414885283 -4.8244770153280570e-01
0009 2021-09-15T02:46:25.000 2.934303657362848412e+02 4.099271395833926590e+02 40794336.184880040586 -6.5320328640336811e-01
0009 2021-09-15T02:46:35.000 4.869898060047348736e+02 5.467584380706174443e+02 40794383.034717775881 -5.7496781253530571e-01
0009 2021-09-15T02:46:45.000 3.014255195515340802e+02 4.423180044322111257e+02 40794430.113246403635 -3.6453391636507598e-01
0009 2021-09-15T02:46:55.000 3.417028254509382350e+02 3.854959510860256842e+02 40794477.454087711871 +1.1609479245862532e-02
0009 2021-09-15T02:47:05.000 4.796416434030865616e+02 6.504465542487251923e+02 40794524.271525815129 -2.3236422167281037e-01
0009 2021-09-15T02:47:15.000 3.163023187128997051e+02 4.306802293659664542e+02 40794571.232903853059 -4.2922260687601010e-01
0009 2021-09-15T02:47:25.000 4.187480220385468215e+02 5.550518798787561536e+02 40794619.028197541833 +1.1089913376542880e-01
0009 2021-09-15T02:47:35.000 4.465335309289388874e+02 7.859156104363531767e+02 40794666.574240021408 +3.0472292735601059e-01
0009 2021-09-15T02:47:45.000 4.813639954831053842e+02 7.545304808912225099e+02 40794714.189579695463 +4.7068556746353352e-01
0009 2021-09-15T02:47:55.000 3.988030784385641709e+02 6.893303912815500780e+02 40794761.531992167234 +2.6645050932995679e-01
0009 2021-09-15T02:48:05.000 4.707532218275916875e+02 8.282732084279990659e+02 40794808.969122037292 +5.9549559491074433e-02
0009 2021-09-15T02:48:15.000 4.735763223396962189e+02 5.318374097888204233e+02 40794856.841240122914 +1.9013996595208479e-01
0009 2021-09-15T02:48:25.000 3.927005689213592632e+02 6.074121326933362752e+02 40794904.480425015092 -9.8141223043057835e-03
0009 2021-09-15T02:48:35.000 5.520552286932011157e+02 7.341761952203800092e+02 40794952.657816566527 +2.3071168843944176e-01
0009 2021-09-15T02:48:45.000 5.840313857024755180e+02 1.137169143396763957e+03 40795000.732033677399 +2.7021970939858875e-01
0009 2021-09-15T02:48:55.000 4.486566463416955344e+02 6.681283459008421914e+02 40795048.998007930815 +4.0352370273058114e-01
0009 2021-09-15T02:49:05.000 3.660441745523433497e+02 6.570447884467117774e+02 40795096.924702718854 +9.9467868154306402e-02
0009 2021-09-15T02:49:15.000 3.897558772425105644e+02 7.044277979956716536e+02 40795145.083314783871 -7.0871708041750026e-02
0009 2021-09-15T02:49:25.000 4.765057997509055099e+02 6.520437960728485223e+02 40795193.389175206423 -1.9228623210415208e-01
0009 2021-09-15T02:49:35.000 4.568717289911380703e+02 7.765044257018256531e+02 40795241.952707521617 -1.5447616836570432e-01
0009 2021-09-15T02:49:45.000 3.343686016440083790e+02 4.055426993913497427e+02 40795290.753343567252 +2.1864537325313904e-02
0009 2021-09-15T02:49:55.000 4.228102306965420780e+02 6.860812504882120493e+02 40795339.698400601745 +2.4392531782541479e-01
0009 2021-09-15T02:50:05.000 6.147560080635490749e+02 9.234704248861760334e+02 40795388.297272674739 +2.0970392154367801e-02
0009 2021-09-15T02:50:15.000 3.780398094333503423e+02 6.351106002565302333e+02 40795437.143931210041 -5.3160890593971999e-02
0009 2021-09-15T02:50:25.000 3.752973155004275441e+02 7.676503423088137197e+02 40795486.406139589846 +1.8916050295354123e-01
0009 2021-09-15T02:50:35.000 3.782599338431044771e+02 6.792008983600686634e+02 40795535.058111667633 -2.7798838855881058e-01
0009 2021-09-15T02:50:45.000 4.197997689773665684e+02 8.851468389491235484e+02 40795584.560864806175 +6.2704704748739459e-03
0009 2021-09-15T02:50:55.000 4.145255831491836602e+02 6.878268139328187090e+02 40795633.838055074215 -3.4548892687553234e-02
0009 2021-09-15T02:51:05.000 4.485104704784175738e+02 7.018923583536768547e+02 40795683.118799693882 -1.7147404041077152e-01
0009 2021-09-15T02:51:15.000 3.947390839459432641e+02 6.180762212559995987e+02 40795732.843390427530 +3.5639042019397493e-02
0009 2021-09-15T02:51:25.000 4.159089945888724742e+02 8.065841273714455610e+02 40795782.503343485296 +7.8155874946332915e-02
0009 2021-09-15T02:51:35.000 5.391109229455738614e+02 6.406232311297237629e+02 40795832.282106220722 +1.3936987293038783e-01
0009 2021-09-15T02:51:45.000 3.057525432073247202e+02 5.015518363950996559e+02 40795881.971016004682 +1.0461304208888578e-02
0009 2021-09-15T02:51:55.000 4.940737416346584041e+02 7.916522007993004308e+02 40795932.045460276306 +1.6665704667855152e-01
0009 2021-09-15T02:52:05.000 3.862119044793850549e+02 5.877412730270483507e+02 40795981.752788782120 -1.4485718742037079e-01
0009 2021-09-15T02:52:15.000 4.661508267283473401e+02 7.367842915232921541e+02 40796031.688083119690 -3.2916743909333945e-01
0009 2021-09-15T02:52:25.000 4.289464136743741847e+02 6.965658185900308581e+02 40796082.144183367491 -9.3605024272278556e-02
0009 2021-09-15T02:52:35.000 3.689764211483424106e+02 5.683682742328152244e+02 40796132.463968500495 -9.5466211202392515e-02
0009 2021-09-15T02:52:45.000 4.522435245758510973e+02 8.595278083056165315e+02 40796183.015848763287 +3.3479993181572354e-02
0009 2021-09-15T02:52:55.000 4.784664872179995427e+02 6.909912075138732916e+02 40796233.515347301960 +8.5734437869859903e-03
0009 2021-09-15T02:53:05.000 3.930408715447804866e+02 7.674439469436348418e+02 40796284.150579400361 +1.7741850105721824e-02
0009 2021-09-15T02:53:15.000 4.757931385657634564e+02 6.494128442412055620e+02 40796334.764221578836 -9.6530106742534372e-02
0009 2021-09-15T02:53:25.000 4.213357033907530536e+02 6.230050335859564257e+02 40796385.833567522466 +1.4285493850820785e-01
0009 2021-09-15T02:53:35.000 5.242594561827032749e+02 7.376884538998640437e+02 40796436.531726084650 -9.1195065590682106e-02
0009 2021-09-15T02:53:45.000 4.207329422886422208e+02 7.189115772933940889e+02 40796487.282299205661 -3.7528376687885162e-01
0009 2021-09-15T02:53:55.000 3.694736833530940885e+02 5.031294093230088151e+02 40796538.902076661587 +1.0716823205041236e-01
0009 2021-09-15T02:54:05.000 3.867368029038283908e+02 6.395768198016448878e+02 40796589.902353845537 -1.3275901345048169e-01
0009 2021-09-15T02:54:15.000 3.801427617849568605e+02 5.117936627352323740e+02 40796641.117253884673 -2.6116271884131947e-01
0009 2021-09-15T02:54:25.000 4.250128586359904261e+02 6.056335906922265622e+02 40796692.861143596470 +3.6098388319032886e-02
0009 2021-09-15T02:54:35.000 4.092977191078657597e+02 5.098715579152483883e+02 40796744.223453022540 -1.5177645138146545e-01
0009 2021-09-15T02:54:45.000 3.741246163732748187e+02 5.000688014574214435e+02 40796795.980906940997 -4.8298685387976555e-02
0009 2021-09-15T02:54:55.000 6.194623110802442625e+02 9.079290766750710873e+02 40796847.694844178855 -9.2371212816374268e-02
0009 2021-09-15T02:55:05.000 5.295755112287890825e+02 8.126599779582958263e+02 40796899.774474494159 +1.2496834218006823e-01
0009 2021-09-15T02:55:15.000 5.023903820382610661e+02 6.978429531042388589e+02 40796951.740528762341 +1.2419771113604838e-01
0009 2021-09-15T02:55:25.000 4.460509431167624257e+02 5.851049058817550304e+02 40797003.751101180911 +6.3152069249440501e-02
0009 2021-09-15T02:55:35.000 4.276812875292783360e+02 8.456725889949899511e+02 40797055.932727202773 +6.8101876462606015e-02
0009 2021-09-15T02:55:45.000 4.090395518617191328e+02 5.984622536020610823e+02 40797108.185825139284 +3.9194317968963326e-02
0009 2021-09-15T02:55:55.000 4.521602501462480745e+02 8.162321452906849117e+02 40797160.732362575829 +1.9811960111235291e-01
0009 2021-09-15T02:56:05.000 4.876869199101313370e+02 9.160699795561132532e+02 40797212.977878272533 -4.9867221345834878e-02
0009 2021-09-15T02:56:15.000 5.032867909605668615e+02 7.662376676322357980e+02 40797265.784643076360 +1.5721450675175674e-01
0009 2021-09-15T02:56:25.000 2.754111547092099954e+02 4.187636907363128671e+02 40797318.678091406822 +3.4450244069705604e-01
0009 2021-09-15T02:56:35.000 4.313926173944896618e+02 7.653624410884102645e+02 40797371.326853394508 +1.8032319450867360e-01
0009 2021-09-15T02:56:45.000 4.524044151941433825e+02 7.554877576807065225e+02 40797423.882688246667 -1.8387431038422616e-01
0009 2021-09-15T02:56:55.000 3.144956314775672581e+02 5.269485932734572771e+02 40797477.221462674439 +1.2745935758425730e-01
0009 2021-09-15T02:57:05.000 4.951694728561316197e+02 7.240016832811079439e+02 40797530.097144335508 -1.3203246833870708e-01
0009 2021-09-15T02:57:15.000 4.963498023476240064e+02 8.060180723848578737e+02 40797583.585400044918 +1.1298550293588504e-01
0009 2021-09-15T02:57:25.000 3.945341693658239137e+02 6.832486720413322701e+02 40797636.699417613447 -1.2463772981186594e-01
0009 2021-09-15T02:57:35.000 4.298165518582673030e+02 6.689694770788931919e+02 40797690.271349556744 -1.3095901338601834e-02
0009 2021-09-15T02:57:45.000 3.288748021038855427e+02 5.062829507998536656e+02 40797743.972817473114 +1.1887881868904060e-01
0009 2021-09-15T02:57:55.000 3.052674548275944630e+02 4.714969963115701717e+02 40797797.402422443032 -1.3047395288447206e-01
0009 2021-09-15T02:58:05.000 3.339463026196100941e+02 5.858050441702881699e+02 40797851.240385457873 -8.1302426688921500e-02
0009 2021-09-15T02:58:15.000 3.622470270426673551e+02 5.277406659667051372e+02 40797905.128957711160 -9.1732547359924865e-02
