# Observation conducted on 2021.09.06 at Ke rev. 2
# Base frequency: 8410.00 MHz BW: 2 kHz dF: 0.2 Hz dT: 10.0 s Nscans: 2
# Format: scan | UTC Time |   Signal-to-Noise  |    Spectral max    | Freq detection [Hz] |   Doppler noise [Hz]  |
# 
0001 2021-09-06T00:40:05.000 3.910455094305375042e+03 1.647326279351165113e+03 10358594.315650403500 -8.1989059183342761e-03
0001 2021-09-06T00:40:15.000 4.268220132470772114e+03 1.623173430868061814e+03 10358605.024224372581 +7.3519252889582276e-03
0001 2021-09-06T00:40:25.000 4.374729888731851133e+03 1.650970943915110638e+03 10358615.815387679264 -1.6455660137921768e-02
0001 2021-09-06T00:40:35.000 4.507288553068552574e+03 1.638064254935442477e+03 10358626.762371795252 -5.9957721757655236e-03
0001 2021-09-06T00:40:45.000 4.223123044491157088e+03 1.632816677838205123e+03 10358637.827402623370 +1.3501076460897821e-03
0001 2021-09-06T00:40:55.000 4.042054354806745778e+03 1.458940043353768488e+03 10358649.042098401114 +3.7591048200965815e-02
0001 2021-09-06T00:41:05.000 4.052297928208199210e+03 1.612512184347095854e+03 10358660.334076764062 +3.0733709230275963e-02
0001 2021-09-06T00:41:15.000 4.923147994752453997e+03 1.685219458031475142e+03 10358671.712399890646 -9.7724849908900086e-03
0001 2021-09-06T00:41:25.000 4.019778308824901615e+03 1.587373425212513894e+03 10358683.270565014333 +9.9551317075565766e-03
0001 2021-09-06T00:41:35.000 4.298547968007022973e+03 1.657488703500016300e+03 10358694.913508199155 -4.7637231857606812e-03
0001 2021-09-06T00:41:45.000 4.335973799700488598e+03 1.638405653904411110e+03 10358706.681549163535 -1.3227486824348487e-02
0001 2021-09-06T00:41:55.000 4.344872073737814389e+03 1.653306826842244845e+03 10358718.579295376316 -1.0448626005882032e-02
0001 2021-09-06T00:42:05.000 4.472418606202361843e+03 1.531150391789507012e+03 10358730.597369495779 -5.4262229355117597e-03
0001 2021-09-06T00:42:15.000 4.115279244729089442e+03 1.622286275524651501e+03 10358742.743094312027 +9.5389897959421432e-03
0001 2021-09-06T00:42:25.000 4.050122889110663891e+03 1.625689850343377657e+03 10358754.974786536768 -6.8616099488281179e-03
0001 2021-09-06T00:42:35.000 4.153258329096649504e+03 1.647602891254451606e+03 10358767.342456363142 -4.2449373187309902e-03
0001 2021-09-06T00:42:45.000 3.914492428309043135e+03 1.582443256186495091e+03 10358779.827248768881 -1.0949317544373116e-03
0001 2021-09-06T00:42:55.000 4.145143199094764896e+03 1.620488272010554056e+03 10358792.418290304020 -7.9157423967899376e-03
0001 2021-09-06T00:43:05.000 4.732456223644192505e+03 1.616368086928936691e+03 10358805.137735486031 -2.1853500180668561e-03
0001 2021-09-06T00:43:15.000 4.189049565821074793e+03 1.660684945594390001e+03 10358817.975727738813 +6.6053789482793945e-03
0001 2021-09-06T00:43:25.000 4.486419368156452038e+03 1.623584431996359172e+03 10358830.917658779770 +4.2120819691717770e-03
0001 2021-09-06T00:43:35.000 4.100315354678734366e+03 1.546364756095257917e+03 10358843.968510868028 -4.0208565427519716e-03
0001 2021-09-06T00:43:45.000 3.829471325277917003e+03 1.612637079371562322e+03 10358857.149161003530 +3.1438947963806640e-03
0001 2021-09-06T00:43:55.000 4.166118236520892424e+03 1.640624550019188291e+03 10358870.417795440182 -1.5748868751984446e-02
0001 2021-09-06T00:44:05.000 4.465438841346778645e+03 1.610577056187819153e+03 10358883.824300378561 -1.0456195692427173e-02
0001 2021-09-06T00:44:15.000 3.875624726604828084e+03 1.598243983876061975e+03 10358897.329100895673 -2.0198051093075264e-02
0001 2021-09-06T00:44:25.000 4.065831052764152901e+03 1.606048861817410625e+03 10358910.971178483218 -5.6397775449568144e-03
0001 2021-09-06T00:44:35.000 4.031462544829607396e+03 1.601501090659055990e+03 10358924.723387427628 +6.4242876620710376e-03
0001 2021-09-06T00:44:45.000 4.086494535453692151e+03 1.610348913853352315e+03 10358938.590027550235 +2.0643546915835032e-02
0001 2021-09-06T00:44:55.000 3.977606228866604852e+03 1.629105471562120329e+03 10358952.543742515147 +1.0009460512719670e-02
0001 2021-09-06T00:45:05.000 3.907641247583837412e+03 1.610770525957167820e+03 10358966.608396051452 -1.2682433093686996e-03
0001 2021-09-06T00:45:15.000 4.690142543910386848e+03 1.589882452697034068e+03 10358980.789541464299 -7.2920494925483581e-03
0001 2021-09-06T00:45:25.000 4.032033337379211389e+03 1.588438874648506726e+03 10358995.093946391717 -9.5189316061805584e-04
0001 2021-09-06T00:45:35.000 4.165532635656944876e+03 1.614629442113073992e+03 10359009.501429483294 -2.0884986550981921e-03
0001 2021-09-06T00:45:45.000 4.165072200999069537e+03 1.568907504192464103e+03 10359024.038656516001 +1.6302757287689928e-02
0001 2021-09-06T00:45:55.000 4.030304262125066543e+03 1.594564325313331210e+03 10359038.664753183722 +1.3684611291751024e-02
0001 2021-09-06T00:46:05.000 4.268155628755936050e+03 1.589431997627210421e+03 10359053.406657006592 +1.7329852673015012e-02
0001 2021-09-06T00:46:15.000 4.757526072040640429e+03 1.580887956263653678e+03 10359068.232329946011 -4.4660855205620464e-03
0001 2021-09-06T00:46:25.000 3.779270450175799851e+03 1.612983366343357602e+03 10359083.210034875199 +1.6891346715397049e-02
0001 2021-09-06T00:46:35.000 4.244958634731641723e+03 1.599192923281101912e+03 10359098.267095360905 +9.0556113244701936e-03
0001 2021-09-06T00:46:45.000 3.790174084674159985e+03 1.567032405788986352e+03 10359113.433661900461 +2.5053135678945182e-03
0001 2021-09-06T00:46:55.000 4.290708506543972362e+03 1.572744913280922447e+03 10359128.717531284317 +5.3635589433724817e-03
0001 2021-09-06T00:47:05.000 3.987007224600913560e+03 1.651051126929749898e+03 10359144.095486739650 -5.2618971059246178e-03
0001 2021-09-06T00:47:15.000 4.243512200625093101e+03 1.591807835478335164e+03 10359159.602698275819 +6.1216866743052378e-03
0001 2021-09-06T00:47:25.000 3.754985258542935298e+03 1.583000327062389488e+03 10359175.198273656890 -1.0569679161562815e-03
0001 2021-09-06T00:47:35.000 3.701201431686338310e+03 1.625958883858194895e+03 10359190.925040911883 +1.6349330676234786e-02
0001 2021-09-06T00:47:45.000 3.875194315490888130e+03 1.590795615246796388e+03 10359206.736476566643 +1.2134478388816206e-02
0001 2021-09-06T00:47:55.000 4.222998232052671483e+03 1.620459756662625296e+03 10359222.637816404924 -8.1501523164888567e-03
0001 2021-09-06T00:48:05.000 3.938764957972817683e+03 1.609656295180555162e+03 10359238.680545587093 +7.2944058274515555e-03
0001 2021-09-06T00:48:15.000 4.165948117097836075e+03 1.600875479988473671e+03 10359254.805278362706 -6.0559377379831858e-04
0001 2021-09-06T00:48:25.000 4.213232867921065008e+03 1.589195663696465999e+03 10359271.040502928197 -3.0517279482182857e-03
0001 2021-09-06T00:48:35.000 4.756390909145277874e+03 1.658100004272381511e+03 10359287.360398115590 -2.5556721445923362e-02
0001 2021-09-06T00:48:45.000 4.253627706291535105e+03 1.620325266098344628e+03 10359303.841908792034 +9.1309385015847528e-03
0001 2021-09-06T00:48:55.000 4.901046483872743920e+03 1.607280736673011688e+03 10359320.356082856655 -2.7635980050717993e-02
0001 2021-09-06T00:49:05.000 4.484399243156428383e+03 1.578502975993669907e+03 10359337.029752990231 -8.7217196016808884e-03
0001 2021-09-06T00:49:15.000 4.160922238296856449e+03 1.670931964362442386e+03 10359353.785884976387 -1.0859199767764949e-02
0001 2021-09-06T00:49:25.000 4.501861544421311010e+03 1.544228928458751170e+03 10359370.668712090701 +1.0484355315270475e-02
0001 2021-09-06T00:49:35.000 3.630641399822911808e+03 1.574171499694289196e+03 10359387.624503634870 +1.8759752103960641e-03
0001 2021-09-06T00:49:45.000 4.581626098500171793e+03 1.627992690032877817e+03 10359404.688796795905 -8.5122134146331518e-04
0001 2021-09-06T00:49:55.000 3.926308906136930545e+03 1.533320002840641109e+03 10359421.823353219777 -3.5641438016000393e-02
0001 2021-09-06T00:50:05.000 4.619558467004678278e+03 1.571923565974640042e+03 10359439.123564567417 -6.8106515359431796e-03
0001 2021-09-06T00:50:15.000 4.127835831752072409e+03 1.585654710100769080e+03 10359456.513286210597 +9.7870888505440234e-03
0001 2021-09-06T00:50:25.000 4.272075088204578606e+03 1.574909441526960336e+03 10359473.967261264101 -1.0816301646627837e-02
0001 2021-09-06T00:50:35.000 3.919105280680544183e+03 1.616991946409857292e+03 10359491.542470812798 -1.1352734940487608e-02
0001 2021-09-06T00:50:45.000 4.351646487677067853e+03 1.619016313357411036e+03 10359509.233588678762 +3.1368413975769727e-03
0001 2021-09-06T00:50:55.000 3.985338612582857422e+03 1.574871355911355067e+03 10359527.005524180830 -2.1548163260831643e-03
0001 2021-09-06T00:51:05.000 3.880005879764591100e+03 1.583208670937364332e+03 10359544.899222262204 +1.3998893819234580e-02
0001 2021-09-06T00:51:15.000 4.509103288592640638e+03 1.544137643793690359e+03 10359562.872342182323 +9.5371034276467981e-03
0001 2021-09-06T00:51:25.000 4.438957874912105581e+03 1.535132202077411421e+03 10359580.951145926490 +1.0999887730918090e-02
0001 2021-09-06T00:51:35.000 3.914887623386820906e+03 1.542480628838410212e+03 10359599.129306152463 +1.2336207095927421e-02
0001 2021-09-06T00:51:45.000 4.143865849779936070e+03 1.560198593454525280e+03 10359617.397218450904 +4.2161776995044420e-03
0001 2021-09-06T00:51:55.000 4.309257934498264149e+03 1.530638896867402309e+03 10359635.785361444578 +1.7391158648933924e-02
0001 2021-09-06T00:52:05.000 4.128052714315578669e+03 1.606555055197896763e+03 10359654.231894431636 -9.7085925717692589e-03
0001 2021-09-06T00:52:15.000 4.438443076886841482e+03 1.615789977102195280e+03 10359672.813407279551 -2.2404295634714799e-04
0001 2021-09-06T00:52:25.000 4.404619727494670769e+03 1.636329219235184837e+03 10359691.487638808787 +3.8510245422003209e-03
0001 2021-09-06T00:52:35.000 3.590603821077414977e+03 1.553246024224971507e+03 10359710.261828616261 +1.0021811393926328e-02
0001 2021-09-06T00:52:45.000 3.720350401219145624e+03 1.629111260454442800e+03 10359729.116661112756 -7.6344392687133212e-04
0001 2021-09-06T00:52:55.000 4.311569825998456508e+03 1.629053254295662327e+03 10359748.076707186177 -3.6718115341045632e-03
0001 2021-09-06T00:53:05.000 3.817274158124690530e+03 1.552734157429784773e+03 10359767.150057228282 +9.6473601524849090e-03
0001 2021-09-06T00:53:15.000 3.863877099930328768e+03 1.576538457179002762e+03 10359786.306742403656 +9.4837190780481251e-03
0001 2021-09-06T00:53:25.000 3.931452765608659774e+03 1.628036795977285465e+03 10359805.567683732137 +1.7014976051427766e-02
0001 2021-09-06T00:53:35.000 3.465626196303200686e+03 1.607926672873105872e+03 10359824.907342368737 +6.9572083763205228e-03
0001 2021-09-06T00:53:45.000 3.747116152756644169e+03 1.632971794563015919e+03 10359844.325420983136 -2.0733778567660007e-02
0001 2021-09-06T00:53:55.000 4.445791125740009193e+03 1.622609969278913695e+03 10359863.875512536615 -1.2213677346380791e-02
0001 2021-09-06T00:54:05.000 4.462008538334677723e+03 1.596853659231793472e+03 10359883.520506279543 -4.3436559129759189e-03
0001 2021-09-06T00:54:15.000 4.100580939951069013e+03 1.640607226629576644e+03 10359903.254062399268 -3.2157366645151346e-03
0001 2021-09-06T00:54:25.000 3.970281694450570285e+03 1.596238273951421888e+03 10359923.088672772050 +3.9079684096350320e-03
0001 2021-09-06T00:54:35.000 4.154530984033011009e+03 1.623149216015741104e+03 10359942.997526828200 -9.5388800269802232e-03
0001 2021-09-06T00:54:45.000 4.160321600097817281e+03 1.613694413340270330e+03 10359963.024893848225 +9.5545220608528325e-04
0001 2021-09-06T00:54:55.000 4.498947715695708212e+03 1.618022290374374052e+03 10359983.132561476901 -2.5807205910268749e-03
0001 2021-09-06T00:55:05.000 4.501322248782479619e+03 1.693530020114259287e+03 10360003.330966563895 -9.4716548125006739e-03
0001 2021-09-06T00:55:15.000 4.044679123365144733e+03 1.512675291066474074e+03 10360023.644337059930 +4.7477153327690758e-03
0001 2021-09-06T00:55:25.000 4.079972075786371988e+03 1.501381263373926913e+03 10360044.052083287388 +1.9723036140021577e-02
0001 2021-09-06T00:55:35.000 4.054597155950637443e+03 1.606541655559215087e+03 10360064.516753992066 -1.7633823945288896e-03
0001 2021-09-06T00:55:45.000 4.269936729456708235e+03 1.568186448841246829e+03 10360085.097262371331 -5.6657772927337646e-04
0001 2021-09-06T00:55:55.000 3.999854650083018441e+03 1.566430078120549069e+03 10360105.770200686529 +1.3571624833730311e-04
0001 2021-09-06T00:56:05.000 3.948142340792090181e+03 1.564250774444700710e+03 10360126.546229431406 +1.1232205706960484e-02
0001 2021-09-06T00:56:15.000 4.081739259993532869e+03 1.572612009942929490e+03 10360147.393351659179 +9.5238281176079919e-04
0001 2021-09-06T00:56:25.000 4.456326400040891713e+03 1.548554467639658014e+03 10360168.347026536241 +4.9800729916569244e-03
0001 2021-09-06T00:56:35.000 4.057195170242501717e+03 1.567685275568734369e+03 10360189.373681619763 -1.0034279239562238e-02
0001 2021-09-06T00:56:45.000 3.897463801756051907e+03 1.546273940140459899e+03 10360210.508358711377 -8.8277703142694008e-03
0001 2021-09-06T00:56:55.000 4.110356297313137475e+03 1.558328273353920622e+03 10360231.747978711501 +5.7398243052375619e-03
0001 2021-09-06T00:57:05.000 4.279962910905216631e+03 1.595339530621296717e+03 10360253.055489024147 -3.1665399493476798e-03
0001 2021-09-06T00:57:15.000 3.753937502548740213e+03 1.566017117400805546e+03 10360274.448628664017 -1.7592076127698419e-02
0001 2021-09-06T00:57:25.000 3.952781139083689595e+03 1.552812410268307985e+03 10360295.955927215517 -8.7932065235918344e-03
0001 2021-09-06T00:57:35.000 3.688270863843031293e+03 1.565688075327457682e+03 10360317.553677799180 -2.6459370212705835e-04
0001 2021-09-06T00:57:45.000 3.933354290146019139e+03 1.544663806874371858e+03 10360339.231188412756 -2.4877972907688672e-03
0001 2021-09-06T00:57:55.000 3.572456867416628938e+03 1.553540383455169831e+03 10360361.011780448258 +8.0672372004073623e-03
0001 2021-09-06T00:58:05.000 3.814031682384605574e+03 1.518335305964992358e+03 10360382.873815536499 +9.9690303654824675e-03
0001 2021-09-06T00:58:15.000 4.353021397027820967e+03 1.563977449527485987e+03 10360404.817222120240 +3.3511355190967151e-03
0002 2021-09-06T01:00:05.000 4.039461906901743987e+03 1.650361697843224420e+03 10360652.178166078404 +2.3274719358141738e-03
0002 2021-09-06T01:00:15.000 3.803461706435906308e+03 1.585729966719119147e+03 10360675.193961868063 +4.9661808457130974e-03
0002 2021-09-06T01:00:25.000 4.092660682627420101e+03 1.625200142603444647e+03 10360698.288557235152 -1.0337713055150743e-03
0002 2021-09-06T01:00:35.000 3.734955546725352178e+03 1.559684519168667293e+03 10360721.466457599774 -1.0966160176621996e-02
0002 2021-09-06T01:00:45.000 4.672388172002837564e+03 1.637565676216484690e+03 10360744.745390091091 -6.9047461080344883e-03
0002 2021-09-06T01:00:55.000 4.379269487476596623e+03 1.625334316638683049e+03 10360768.117811111733 +3.8042919832150801e-03
0002 2021-09-06T01:01:05.000 4.608857788221699593e+03 1.598523634072084633e+03 10360791.568401556462 +6.0375859186478920e-03
0002 2021-09-06T01:01:15.000 3.795498942277559308e+03 1.598739788531340309e+03 10360815.089560167864 -7.6120374426409407e-03
0002 2021-09-06T01:01:25.000 3.772334575737081650e+03 1.503438187945772370e+03 10360838.730073867366 +1.1834765255684944e-02
0002 2021-09-06T01:01:35.000 4.036743323891510499e+03 1.581399020063312491e+03 10360862.418211391196 -7.1624857115466511e-03
0002 2021-09-06T01:01:45.000 3.918882412592732180e+03 1.571372117359318281e+03 10360886.220154251903 +1.7668805845687530e-03
0002 2021-09-06T01:01:55.000 4.443548195581913205e+03 1.583761678044638302e+03 10360910.103012287989 +5.9202517803669252e-03
0002 2021-09-06T01:02:05.000 3.990984995011097453e+03 1.600054231718653227e+03 10360934.052332591265 -8.9693426157282374e-03
0002 2021-09-06T01:02:15.000 3.989804832201621593e+03 1.594416411114145149e+03 10360958.112075282261 +1.2425659097061723e-03
0002 2021-09-06T01:02:25.000 4.158072289789857678e+03 1.510595961625042719e+03 10360982.256475031376 +1.0973426371833741e-02
0002 2021-09-06T01:02:35.000 3.852699477783594375e+03 1.599345692870761241e+03 10361006.469731884077 +4.6044945410130813e-03
0002 2021-09-06T01:02:45.000 4.121618416891392371e+03 1.583062828717639832e+03 10361030.775251282379 +5.7208628412581683e-03
0002 2021-09-06T01:02:55.000 3.501471181580863231e+03 1.544598914549490701e+03 10361055.150515595451 -8.0169766280278054e-03
0002 2021-09-06T01:03:05.000 3.534610809888458789e+03 1.601427000030626004e+03 10361079.619776530191 -1.2180734627690979e-02
0002 2021-09-06T01:03:15.000 3.632082144829753815e+03 1.584669752634011047e+03 10361104.182031871751 -7.5975480143597460e-03
0002 2021-09-06T01:03:25.000 4.113751522489388663e+03 1.573089490752853635e+03 10361128.840686354786 +9.3108878298835390e-03
0002 2021-09-06T01:03:35.000 3.986490323305578386e+03 1.592250681588288671e+03 10361153.558790227398 +1.7668980375447063e-03
0002 2021-09-06T01:03:45.000 4.091838345583083992e+03 1.596840722760130802e+03 10361178.361837990582 -4.5644120301631119e-03
0002 2021-09-06T01:03:55.000 4.006750057021471093e+03 1.559166504895126309e+03 10361203.251624127850 -7.7194211916093982e-03
0002 2021-09-06T01:04:05.000 4.234958285221179722e+03 1.563082719779376703e+03 10361228.232873652130 -2.8054395086201112e-03
0002 2021-09-06T01:04:15.000 3.910935088262370300e+03 1.522412270240153475e+03 10361253.293164370582 -2.0784104941640180e-03
0002 2021-09-06T01:04:25.000 3.469541029732779407e+03 1.507149066301037237e+03 10361278.451238103211 +1.3368298743898777e-02
0002 2021-09-06T01:04:35.000 3.936917443285559784e+03 1.516955880154484703e+03 10361303.667065607384 +3.6688441815613264e-03
0002 2021-09-06T01:04:45.000 3.908268563094793535e+03 1.583490061511826752e+03 10361328.965227255598 -6.4344134279963328e-03
0002 2021-09-06T01:04:55.000 4.166364516640936017e+03 1.584298273558258416e+03 10361354.359259227291 -3.2446821447820184e-03
0002 2021-09-06T01:05:05.000 3.876102140325601795e+03 1.536671340385739541e+03 10361379.831967694685 -3.7965656483720518e-03
0002 2021-09-06T01:05:15.000 4.405092423659856649e+03 1.588576940184221030e+03 10361405.384206680581 -7.0781857004931226e-03
0002 2021-09-06T01:05:25.000 4.633824306178761617e+03 1.611085957256771508e+03 10361431.023126743734 -5.7824762238851690e-03
0002 2021-09-06T01:05:35.000 4.123484477473023617e+03 1.559678397358779876e+03 10361456.737292271107 -1.1189883872475548e-02
0002 2021-09-06T01:05:45.000 3.815936763066364620e+03 1.536092522042309156e+03 10361482.556563016027 +6.7131736564078892e-03
0002 2021-09-06T01:05:55.000 4.273698910146315939e+03 1.574837225176959009e+03 10361508.434057096019 +1.1973433012144596e-03
0002 2021-09-06T01:06:05.000 3.943820375159061768e+03 1.481028825561283838e+03 10361534.409417564049 +1.2056880541877035e-02
0002 2021-09-06T01:06:15.000 3.660897210467265722e+03 1.462693837957576307e+03 10361560.467309443280 +2.4106743099764568e-02
0002 2021-09-06T01:06:25.000 3.848587281045936834e+03 1.489199141007032040e+03 10361586.586141759530 +1.5904597323242342e-02
0002 2021-09-06T01:06:35.000 3.418998581157762146e+03 1.515183028809202369e+03 10361612.791350090876 +1.3033391423505236e-02
0002 2021-09-06T01:06:45.000 3.887187431459431991e+03 1.592633349662434739e+03 10361639.053702076897 -1.3593099206900661e-02
0002 2021-09-06T01:06:55.000 3.727178702584415987e+03 1.552523181329270074e+03 10361665.433817328885 -3.2103922708301980e-03
0002 2021-09-06T01:07:05.000 4.215822119570452742e+03 1.608757243409684634e+03 10361691.881854375824 -5.5162950260410071e-03
0002 2021-09-06T01:07:15.000 4.358263935839207079e+03 1.514407943818686817e+03 10361718.425975354388 +7.7937515358144083e-03
0002 2021-09-06T01:07:25.000 3.141869373258139149e+03 1.588560306709017141e+03 10361745.023635679856 -5.6835994467974160e-03
0002 2021-09-06T01:07:35.000 4.137540844347660823e+03 1.571540854999698695e+03 10361771.726538959891 +5.8952940324843439e-03
0002 2021-09-06T01:07:45.000 4.425608508298822017e+03 1.584276980936443124e+03 10361798.490194639191 -1.8212599841263000e-03
0002 2021-09-06T01:07:55.000 4.316298696908575948e+03 1.582347150067912708e+03 10361825.343101836741 -1.9645445593141633e-04
0002 2021-09-06T01:08:05.000 3.838417658582925014e+03 1.562767738239972005e+03 10361852.277933506295 +3.5792025940963867e-03
0002 2021-09-06T01:08:15.000 4.107062314113124557e+03 1.563355205654182328e+03 10361879.283962743357 -1.0857986897008232e-03
0002 2021-09-06T01:08:25.000 4.274475223694093984e+03 1.583740839177718499e+03 10361906.366894584149 -8.3521614510573272e-03
0002 2021-09-06T01:08:35.000 4.022158113921526365e+03 1.586611226562193451e+03 10361933.538869556040 -5.9462086525172708e-03
0002 2021-09-06T01:08:45.000 4.021992904669948985e+03 1.645112807879799675e+03 10361960.790466619655 -3.1569361414085506e-03
0002 2021-09-06T01:08:55.000 3.988636106200016002e+03 1.566947289213813974e+03 10361988.126238139346 +4.6989656286768877e-03
0002 2021-09-06T01:09:05.000 4.492283095147975473e+03 1.585154468237672290e+03 10362015.525593455881 -2.8392925570415173e-03
0002 2021-09-06T01:09:15.000 3.641184720487196955e+03 1.501170901715457831e+03 10362043.025332404301 +1.1156923088492476e-02
0002 2021-09-06T01:09:25.000 3.723890123870276057e+03 1.545970154922693155e+03 10362070.578516274691 -1.2334893017396098e-04
0002 2021-09-06T01:09:35.000 3.619074193943802584e+03 1.581737086799555300e+03 10362098.216698464006 -5.0000070476698966e-03
0002 2021-09-06T01:09:45.000 3.923713439227351955e+03 1.545189176298617895e+03 10362125.945625796914 +2.3994389989638880e-03
0002 2021-09-06T01:09:55.000 4.566169995070169534e+03 1.580055867689705565e+03 10362153.745387176052 +2.2885501346081583e-03
0002 2021-09-06T01:10:05.000 4.290002391164336586e+03 1.665820531732821564e+03 10362181.617043178529 -4.1484514172225317e-03
0002 2021-09-06T01:10:15.000 3.863444398949345668e+03 1.587570516302472697e+03 10362209.573449809104 -3.9329024587004815e-03
0002 2021-09-06T01:10:25.000 4.788447421906356794e+03 1.668591414283514723e+03 10362237.606444632635 -5.1055701931090880e-03
0002 2021-09-06T01:10:35.000 4.161239657122102471e+03 1.640151686952959153e+03 10362265.719000967219 -4.5724226165475557e-03
0002 2021-09-06T01:10:45.000 4.170824458788722040e+03 1.599478992335403518e+03 10362293.911699494347 -1.6330361104337501e-03
0002 2021-09-06T01:10:55.000 4.030160301416939092e+03 1.588287787186189917e+03 10362322.180114131421 -5.9468250140071177e-04
0002 2021-09-06T01:11:05.000 4.494638804117326799e+03 1.589174606685717890e+03 10362350.512755386531 -1.2828982254518452e-02
0002 2021-09-06T01:11:15.000 3.954249457705312125e+03 1.606924670019468749e+03 10362378.947451820597 -3.9041266552430898e-04
0002 2021-09-06T01:11:25.000 3.724278456872103106e+03 1.626528918570177893e+03 10362407.441244766116 -6.1215949303914394e-03
0002 2021-09-06T01:11:35.000 4.007533989151868809e+03 1.587827212756987819e+03 10362436.022498438135 -1.5431568668873297e-03
0002 2021-09-06T01:11:45.000 3.943198813855260596e+03 1.600547822215557289e+03 10362464.682236351073 +4.4826905433410493e-03
0002 2021-09-06T01:11:55.000 4.303281552242189719e+03 1.595232576277546741e+03 10362493.413155319169 +4.7661647372478910e-03
0002 2021-09-06T01:12:05.000 4.600698580131088420e+03 1.662045471228195538e+03 10362522.219603199512 +3.7676810790117088e-03
0002 2021-09-06T01:12:15.000 3.929579395658255180e+03 1.580426814961103219e+03 10362551.103540975600 +3.5599183536305645e-03
0002 2021-09-06T01:12:25.000 3.638660538920791168e+03 1.541390387298818041e+03 10362580.068027835339 +7.3129433354779394e-03
0002 2021-09-06T01:12:35.000 4.181848348450408594e+03 1.545202081649306365e+03 10362609.116402367130 +1.8475397215524936e-02
0002 2021-09-06T01:12:45.000 3.769078980239109569e+03 1.561180309212635620e+03 10362638.214896799996 +3.3887597791135704e-03
0002 2021-09-06T01:12:55.000 3.870969239890811878e+03 1.543657423454897526e+03 10362667.407121611759 +5.7719577632724403e-03
0002 2021-09-06T01:13:05.000 4.409296108065444969e+03 1.587695138078183163e+03 10362696.664877939969 -2.4661978737867685e-03
0002 2021-09-06T01:13:15.000 4.194051776208425508e+03 1.602168605980349867e+03 10362726.013235831633 +3.8512420146616928e-03
0002 2021-09-06T01:13:25.000 4.407889390941977581e+03 1.607351905460061289e+03 10362755.433833111078 +6.4682458087190753e-03
0002 2021-09-06T01:13:35.000 4.481049524232797012e+03 1.605639187042034337e+03 10362784.927294081077 +6.1145186716657918e-03
0002 2021-09-06T01:13:45.000 4.285287957530854328e+03 1.573020498265863580e+03 10362814.488858487457 -1.8655280016446341e-03
0002 2021-09-06T01:13:55.000 4.176371920770322504e+03 1.545386184910310021e+03 10362844.133796256036 -2.0980219752573248e-03
0002 2021-09-06T01:14:05.000 3.864312357212460029e+03 1.610723399313567597e+03 10362873.849357396364 -7.2297109385317518e-03
0002 2021-09-06T01:14:15.000 4.274926200807502937e+03 1.538132542451055997e+03 10362903.655400399119 +2.7004443422811164e-03
0002 2021-09-06T01:14:25.000 4.227362979915365031e+03 1.584785950617098706e+03 10362933.523779135197 -3.5182636906938569e-04
0002 2021-09-06T01:14:35.000 3.775908859641083836e+03 1.603263404930846718e+03 10362963.462963519618 -7.8154132154395484e-03
0002 2021-09-06T01:14:45.000 3.811023231790455156e+03 1.650451932551315167e+03 10362993.484254119918 -8.2892140369494882e-03
0002 2021-09-06T01:14:55.000 4.123909105791433831e+03 1.561599844722564058e+03 10363023.578323999420 -1.1000276586969449e-02
0002 2021-09-06T01:15:05.000 4.428220406603957599e+03 1.570830103948768738e+03 10363053.755621431395 -5.4010662760219930e-03
0002 2021-09-06T01:15:15.000 3.524151824507642232e+03 1.530621075298140340e+03 10363084.017699727789 +1.0160366652826268e-02
0002 2021-09-06T01:15:25.000 3.658518763909838526e+03 1.552059173640447170e+03 10363114.320117907599 -8.6589313428930836e-03
0002 2021-09-06T01:15:35.000 4.114223806279197561e+03 1.595658417670370909e+03 10363144.721739863977 -2.8976358738646013e-03
0002 2021-09-06T01:15:45.000 3.803804229646596923e+03 1.479839045498195901e+03 10363175.203523127362 +8.4986356342824348e-03
0002 2021-09-06T01:15:55.000 4.135423460803547641e+03 1.589617359555400753e+03 10363205.725244047120 -1.4597487166724932e-02
0002 2021-09-06T01:16:05.000 3.820849617840868177e+03 1.596927345844788306e+03 10363236.363122314215 +4.1294093330179749e-03
0002 2021-09-06T01:16:15.000 3.734535284774364754e+03 1.564883068391100323e+03 10363267.051677856594 -7.0557066067067353e-04
0002 2021-09-06T01:16:25.000 4.176262359988696517e+03 1.606822861092113271e+03 10363297.820371791720 +4.5333308196404687e-04
0002 2021-09-06T01:16:35.000 3.784512513031431354e+03 1.524278869316597138e+03 10363328.662181422114 +6.7754096949101950e-04
0002 2021-09-06T01:16:45.000 3.726343166120026581e+03 1.500406886920408397e+03 10363359.586794396862 +9.7483202270041130e-03
0002 2021-09-06T01:16:55.000 3.940156460846778373e+03 1.588165605725644355e+03 10363390.560075134039 -6.3767955679168153e-03
0002 2021-09-06T01:17:05.000 4.385968593727888219e+03 1.565066628725787268e+03 10363421.628032987937 -1.5958191240770248e-03
0002 2021-09-06T01:17:15.000 4.307707158871157844e+03 1.541556031788207974e+03 10363452.767270574346 +7.8602788119042099e-04
0002 2021-09-06T01:17:25.000 4.390699640806672505e+03 1.521083171820754387e+03 10363483.988856906071 +1.1929462580496876e-02
0002 2021-09-06T01:17:35.000 4.444224957091564647e+03 1.620341863897401936e+03 10363515.262750830501 +1.8845880292701624e-03
0002 2021-09-06T01:17:45.000 4.249954984468632574e+03 1.579000366815690768e+03 10363546.626720348373 +8.5102302203949876e-03
0002 2021-09-06T01:17:55.000 4.498004174710115876e+03 1.603385610471201971e+03 10363578.054270803928 +5.4021341521774957e-03
0002 2021-09-06T01:18:05.000 4.330706365706161705e+03 1.656101264574572042e+03 10363609.546449843794 -6.3020591427402906e-03
0002 2021-09-06T01:18:15.000 4.328704381420729987e+03 1.633238362394904698e+03 10363641.119006711990 -1.0763512540847842e-02
