# Observation conducted on 2021.09.08 at Ke rev. 2
# Base frequency: 8410.00 MHz BW: 2 kHz dF: 0.2 Hz dT: 10.0 s Nscans: 1
# Format: scan | UTC Time |   Signal-to-Noise  |    Spectral max    | Freq detection [Hz] |   Doppler noise [Hz]  |
# 
0002 2021-09-08T01:50:05.000 3.911881991020720761e+03 1.550355452658078093e+03 10363594.897795841098 +3.2138262487251268e-03
0002 2021-09-08T01:50:15.000 4.115511436709156442e+03 1.591494197017193073e+03 10363610.000634972006 +1.6533974200910961e-02
0002 2021-09-08T01:50:25.000 3.910689804370185811e+03 1.604678929572235120e+03 10363625.179507020861 +8.7470746145754674e-03
0002 2021-09-08T01:50:35.000 4.773305704075315589e+03 1.620455418199881024e+03 10363640.443300496787 -1.1028279394167839e-02
0002 2021-09-08T01:50:45.000 3.541640182342532626e+03 1.521403414343875284e+03 10363655.805808486417 -2.8770673219696615e-02
0002 2021-09-08T01:50:55.000 4.554937386184103161e+03 1.613876697977915228e+03 10363671.306805266067 -4.4792547535053018e-03
0002 2021-09-08T01:51:05.000 4.592601618967484683e+03 1.605376159714795904e+03 10363686.884357366711 +1.3735138304582506e-04
0002 2021-09-08T01:51:15.000 4.312796524506774404e+03 1.592517503729899545e+03 10363702.552797146142 -3.6537525454605202e-04
0002 2021-09-08T01:51:25.000 3.793742620462367995e+03 1.638845695765440723e+03 10363718.312898680568 -4.9919508330731324e-03
0002 2021-09-08T01:51:35.000 4.479842523574015104e+03 1.632374278056006233e+03 10363734.179215328768 +1.0306955937267048e-03
0002 2021-09-08T01:51:45.000 4.080182228213489452e+03 1.571511525777903216e+03 10363750.136916948482 +3.0904462317948851e-03
0002 2021-09-08T01:51:55.000 3.978640128500444916e+03 1.601926403393542842e+03 10363766.184887083247 +2.8719993042614078e-04
0002 2021-09-08T01:52:05.000 3.805298528285547036e+03 1.546382236261483968e+03 10363782.339262487367 +8.9723882499583851e-03
0002 2021-09-08T01:52:15.000 3.759771021295820901e+03 1.496680313885060059e+03 10363798.578898608685 +8.2145075305106730e-03
0002 2021-09-08T01:52:25.000 3.700232579214708949e+03 1.574279206795268692e+03 10363814.901643436402 -3.9270556070505336e-03
0002 2021-09-08T01:52:35.000 3.708319041886667947e+03 1.562864286620459097e+03 10363831.332381095737 -2.3583984925608088e-03
0002 2021-09-08T01:52:45.000 4.136129182786943602e+03 1.605847572255708883e+03 10363847.864250114188 +6.2671581090398831e-03
0002 2021-09-08T01:52:55.000 3.968286498244018276e+03 1.533073796402707103e+03 10363864.489023551345 +1.3929244437235866e-02
0002 2021-09-08T01:53:05.000 3.446579293047859210e+03 1.490713065610128069e+03 10363881.183357816190 -2.5107665534278567e-03
0002 2021-09-08T01:53:15.000 3.771035291322343255e+03 1.537051512234136680e+03 10363897.997839260846 +7.7368758954889918e-03
0002 2021-09-08T01:53:25.000 3.892164532274218345e+03 1.603396284486270815e+03 10363914.886531775817 -1.0621139181239414e-03
0002 2021-09-08T01:53:35.000 3.576683964248420580e+03 1.555929075282615031e+03 10363931.869113350287 -9.0294741149818947e-03
0002 2021-09-08T01:53:45.000 3.776495245506167066e+03 1.573584136040708245e+03 10363948.955431431532 -6.1190161269450974e-03
0002 2021-09-08T01:53:55.000 4.078224800241797766e+03 1.590718317685831835e+03 10363966.137612240389 -7.3167120717698717e-06
0002 2021-09-08T01:54:05.000 4.328022845957419122e+03 1.619702876309772819e+03 10363983.391924852505 -1.4229611474320336e-02
0002 2021-09-08T01:54:15.000 5.037175027019324261e+03 1.671889250137610816e+03 10364000.760132247582 -6.8287318324564686e-03
0002 2021-09-08T01:54:25.000 3.360162324608405470e+03 1.509157451970011152e+03 10364018.232662435621 +1.2816023138498169e-02
0002 2021-09-08T01:54:35.000 3.692530533184084106e+03 1.509483954589431505e+03 10364035.777273992077 +1.2654440515007082e-02
0002 2021-09-08T01:54:45.000 4.486691173820816402e+03 1.577239508124339409e+03 10364053.409862499684 +8.7718496553179648e-03
0002 2021-09-08T01:54:55.000 4.351149860956248631e+03 1.432483203006952408e+03 10364071.125673407689 -3.3980142827658710e-03
0002 2021-09-08T01:55:05.000 4.157608912751279604e+03 1.554942576219378907e+03 10364088.961135655642 +1.2760636735379194e-02
0002 2021-09-08T01:55:15.000 4.544880157287218026e+03 1.596714242216625962e+03 10364106.850279115140 -8.5369057094339951e-03
0002 2021-09-08T01:55:25.000 3.985169936057152881e+03 1.547446840099031988e+03 10364124.856769027188 -3.4414144262200352e-03
0002 2021-09-08T01:55:35.000 4.279762431068944352e+03 1.522155031504941917e+03 10364142.948747534305 -3.6281596551361872e-03
0002 2021-09-08T01:55:45.000 3.474985959780440680e+03 1.514979766652753824e+03 10364161.134526386857 -6.0419198894123838e-04
0002 2021-09-08T01:55:55.000 3.717551745502551967e+03 1.532052341231239097e+03 10364179.412588374689 +4.2930853775260402e-03
0002 2021-09-08T01:56:05.000 3.689620683325859318e+03 1.512584045310537022e+03 10364197.770328903571 -1.3624828045522008e-03
0002 2021-09-08T01:56:15.000 4.104264129822160612e+03 1.628102458056497426e+03 10364216.213822571561 -1.1319216617948769e-02
0002 2021-09-08T01:56:25.000 3.652621760368541800e+03 1.589194356610887553e+03 10364234.761179951951 -7.2908159729649924e-03
0002 2021-09-08T01:56:35.000 4.288402260816099442e+03 1.564353426480478220e+03 10364253.406809857115 +5.3059408813851405e-03
0002 2021-09-08T01:56:45.000 3.959667071041132658e+03 1.544168718052693293e+03 10364272.132773244753 +8.7050814745452936e-03
0002 2021-09-08T01:56:55.000 4.312180255332311390e+03 1.587805093510786492e+03 10364290.938691290095 +2.6995513578640384e-03
0002 2021-09-08T01:57:05.000 4.424656767179551025e+03 1.568818681773698700e+03 10364309.838361028582 +1.2568560267709472e-03
0002 2021-09-08T01:57:15.000 4.111507897105087068e+03 1.529158680799165950e+03 10364328.832083962858 +4.8476775496055780e-03
0002 2021-09-08T01:57:25.000 3.977856162672338542e+03 1.593025787784290287e+03 10364347.908192168921 +1.9720047913551757e-03
0002 2021-09-08T01:57:35.000 3.802708316225688122e+03 1.566299093524184400e+03 10364367.072373395786 -1.5157565781009907e-03
0002 2021-09-08T01:57:45.000 3.918739718462923975e+03 1.582247274035173859e+03 10364386.336983183399 +6.9053136875254495e-03
0002 2021-09-08T01:57:55.000 4.211403828250272454e+03 1.562026577719725310e+03 10364405.676889799535 +2.2676629687339300e-03
0002 2021-09-08T01:58:05.000 4.756387480441140724e+03 1.641999609926247558e+03 10364425.103230439126 -4.1285897879106415e-03
0002 2021-09-08T01:58:15.000 4.115591786387481989e+03 1.556400713478281205e+03 10364444.630463084206 +2.3362686602013127e-03
0002 2021-09-08T01:58:25.000 4.509102949229048136e+03 1.560131062981533660e+03 10364464.210829919204 -2.5935057469723688e-02
0002 2021-09-08T01:58:35.000 4.462910967177422208e+03 1.591493043496343034e+03 10364483.930224930868 -2.8892456708717877e-03
0002 2021-09-08T01:58:45.000 4.367118426888627255e+03 1.592680323706852278e+03 10364503.716042647138 -9.7360833797210944e-04
0002 2021-09-08T01:58:55.000 3.353491888114308949e+03 1.599817361654472734e+03 10364523.604891022667 +1.6576793890180852e-02
0002 2021-09-08T01:59:05.000 3.769035901690266201e+03 1.584742959006724050e+03 10364543.540860192850 -5.9920508966797570e-03
0002 2021-09-08T01:59:15.000 4.257105753056418507e+03 1.577393311784725938e+03 10364563.586835412309 -5.6401945607831294e-03
0002 2021-09-08T01:59:25.000 4.314795064579161590e+03 1.567503198771089046e+03 10364583.732270428911 +7.2396844468585186e-03
0002 2021-09-08T01:59:35.000 4.331215935902104320e+03 1.567915281417859205e+03 10364603.946602184325 +2.2369928382204307e-03
0002 2021-09-08T01:59:45.000 4.222423840508635294e+03 1.618396320264952010e+03 10364624.236339351162 -1.3988252700983139e-02
0002 2021-09-08T01:59:55.000 3.547576151361652137e+03 1.639352478371209145e+03 10364644.645693620667 +2.9259046650622622e-03
0002 2021-09-08T02:00:05.000 3.988406026916974497e+03 1.614712021314034018e+03 10364665.130244631320 +8.7082895096273205e-03
0002 2021-09-08T02:00:15.000 4.075877531473444833e+03 1.571031255028732403e+03 10364685.692854227498 +6.3688556172110111e-03
0002 2021-09-08T02:00:25.000 4.494200975358529831e+03 1.640888585523805659e+03 10364706.348737683147 +1.1269942509898099e-02
0002 2021-09-08T02:00:35.000 4.295431587374909213e+03 1.635589695845591905e+03 10364727.076976420358 +2.6389828735773331e-03
0002 2021-09-08T02:00:45.000 3.978600823167079852e+03 1.590077059724050287e+03 10364747.890591504052 -6.3579605716768128e-03
0002 2021-09-08T02:00:55.000 3.950860631706044842e+03 1.593832260680937679e+03 10364768.797814799473 -7.3450640678629489e-03
0002 2021-09-08T02:01:05.000 4.062611077547208879e+03 1.562881297004598309e+03 10364789.787713686004 -1.1111985896036458e-02
0002 2021-09-08T02:01:15.000 4.226231097302672424e+03 1.534996611650659588e+03 10364810.875086311251 -2.7186050299405906e-03
0002 2021-09-08T02:01:25.000 3.959494178670839119e+03 1.613169897518471089e+03 10364832.051812827587 +9.8562087976006279e-03
0002 2021-09-08T02:01:35.000 4.068790005601752000e+03 1.606838415907047192e+03 10364853.307806644589 +1.6665879590959776e-02
0002 2021-09-08T02:01:45.000 3.680921806659287085e+03 1.561725681285269502e+03 10364874.627121608704 +1.9033177893561517e-03
0002 2021-09-08T02:01:55.000 4.094728055321273587e+03 1.581456755894573917e+03 10364896.043310498819 -7.4059346513877244e-04
0002 2021-09-08T02:02:05.000 4.433862978076984291e+03 1.583087424329457235e+03 10364917.552659483626 +5.1574939244574125e-03
0002 2021-09-08T02:02:15.000 3.936688365070278451e+03 1.529258797703533901e+03 10364939.145868159831 +1.0433433833668460e-02
0002 2021-09-08T02:02:25.000 3.834884084256762435e+03 1.541218846345207567e+03 10364960.810101663694 +2.3877050125520327e-03
0002 2021-09-08T02:02:35.000 3.825611040449231041e+03 1.526898419974728313e+03 10364982.556064086035 -8.1411535645656841e-03
0002 2021-09-08T02:02:45.000 4.074915868274311833e+03 1.547614111091880886e+03 10365004.397977916524 -6.7970841323585765e-03
0002 2021-09-08T02:02:55.000 3.948566264703866182e+03 1.550834572992351923e+03 10365026.338655935600 +9.3653837817555541e-03
0002 2021-09-08T02:03:05.000 3.676831636292048188e+03 1.544686993528506264e+03 10365048.339930310845 +2.3102476477561140e-03
0002 2021-09-08T02:03:15.000 4.854482967944206393e+03 1.605897712418088304e+03 10365070.424459990114 -5.1725672749398655e-03
0002 2021-09-08T02:03:25.000 4.337732625586834729e+03 1.554027279905913474e+03 10365092.609070312232 +3.8724279139614737e-03
0002 2021-09-08T02:03:35.000 4.528935626433086327e+03 1.565377464556626364e+03 10365114.868475042284 +4.2883157257165294e-03
0002 2021-09-08T02:03:45.000 4.036460762069176781e+03 1.545508675329094103e+03 10365137.204514350742 -1.9562270393862487e-03
0002 2021-09-08T02:03:55.000 3.764533297544106517e+03 1.583916466461673963e+03 10365159.619026046246 -1.2895678685367784e-02
0002 2021-09-08T02:04:05.000 4.355647455794368398e+03 1.585413295414531831e+03 10365182.132349096239 -8.0641566513577345e-03
0002 2021-09-08T02:04:15.000 4.372665515107907595e+03 1.653849348681269248e+03 10365204.719568692148 -1.2250324672891113e-02
0002 2021-09-08T02:04:25.000 4.497237089075238146e+03 1.552408882994164060e+03 10365227.390680300072 -1.5333334641013607e-02
0002 2021-09-08T02:04:35.000 4.178370925869611710e+03 1.608546397981816654e+03 10365250.165091827512 +2.2193456892409813e-03
0002 2021-09-08T02:04:45.000 3.925301209378099884e+03 1.546004184467040659e+03 10365272.995150439441 -7.1212229481716341e-03
0002 2021-09-08T02:04:55.000 3.883976064477828004e+03 1.460277859025210091e+03 10365295.933656768873 +9.5687466036906699e-03
0002 2021-09-08T02:05:05.000 3.649728770663935848e+03 1.549303589622976460e+03 10365318.927320446819 -8.7866015599047376e-04
0002 2021-09-08T02:05:15.000 4.454034919485687169e+03 1.535387701340559488e+03 10365342.027378579602 +1.2895402517983712e-02
0002 2021-09-08T02:05:25.000 4.187424334531579007e+03 1.519879989285308056e+03 10365365.183717459440 +8.9827849956236605e-04
0002 2021-09-08T02:05:35.000 4.061131320040709397e+03 1.514753974679872044e+03 10365388.440352747217 +7.2660055060396189e-03
0002 2021-09-08T02:05:45.000 4.050677479366836906e+03 1.589272645065731240e+03 10365411.763019895181 -2.1462543520556210e-03
0002 2021-09-08T02:05:55.000 4.544677110057000391e+03 1.598054254462291510e+03 10365435.178380027413 -5.5833013038864010e-04
0002 2021-09-08T02:06:05.000 4.241413435378084614e+03 1.575766551649657913e+03 10365458.680178871378 +5.8939231436170303e-03
0002 2021-09-08T02:06:15.000 4.288904340249672714e+03 1.605262297262963557e+03 10365482.258989283815 +7.9011363708332283e-03
0002 2021-09-08T02:06:25.000 4.249384240627538020e+03 1.572019804817798331e+03 10365505.903687588871 -5.5432028249242649e-03
0002 2021-09-08T02:06:35.000 3.886161454884476825e+03 1.571460956618660703e+03 10365529.658037662506 +9.4413463216369564e-03
0002 2021-09-08T02:06:45.000 4.229338851578860158e+03 1.655966259400820036e+03 10365553.467460880056 -1.6078850410394807e-03
0002 2021-09-08T02:06:55.000 4.033626544264527183e+03 1.662154681609174759e+03 10365577.360885614529 -9.6471410856793210e-03
0002 2021-09-08T02:07:05.000 4.048497987529799957e+03 1.540235124219625050e+03 10365601.363110156730 +1.0236678178443979e-02
0002 2021-09-08T02:07:15.000 3.933249931244520667e+03 1.603656729958314827e+03 10365625.410482391715 -5.4942811774481015e-03
0002 2021-09-08T02:07:25.000 3.558717408144123965e+03 1.569183857533470700e+03 10365649.544050831348 -1.5677804759548053e-02
0002 2021-09-08T02:07:35.000 3.634448602409276646e+03 1.566738611362540269e+03 10365673.788405070081 +4.3888852370628229e-03
0002 2021-09-08T02:07:45.000 4.397795623710273503e+03 1.495118995900094660e+03 10365698.082731766626 -5.9949023413992100e-03
0002 2021-09-08T02:07:55.000 3.928435051803117403e+03 1.528336877302540870e+03 10365722.484314510599 +1.0566572247398652e-02
0002 2021-09-08T02:08:05.000 3.687450589443991248e+03 1.480943651326644385e+03 10365746.946699591354 +7.7312484519325153e-03
0002 2021-09-08T02:08:15.000 3.955983453505489706e+03 1.498695358523214054e+03 10365771.477008318529 -7.2684041417687695e-03
