# Observation conducted on 2024.11.11 at Hb rev. 0
# Base frequency: 8420.00 MHz dF: 20.0 Hz dT: 5 s Nscans: 1
# Format: UTC Time     |    RA    |      Dec     | sig_RA |   sig_Dec  | theta  |
#
2024-11-11T00:00:00.000 193523.15 -285046.2 0.000 0.000 4.000
2024-11-12T00:00:00.000 193645.55 -284725.2 0.000 0.000 4.000
2024-11-13T00:00:00.000 193808.45 -284401.0 0.000 0.000 4.000
2024-11-14T00:00:00.000 193931.81 -284033.6 0.000 0.000 4.000
2024-11-15T00:00:00.000 194055.64 -283703.1 0.000 0.000 4.000
2024-11-16T00:00:00.000 194219.92 -283329.4 0.000 0.000 4.000
2024-11-17T00:00:00.000 194344.65 -282952.5 0.000 0.000 4.000
2024-11-18T00:00:00.000 194509.80 -282612.4 0.000 0.000 4.000
2024-11-19T00:00:00.000 194635.38 -282229.0 0.000 0.000 4.000
2024-11-20T00:00:00.000 194801.38 -281842.4 0.000 0.000 4.000
2024-11-21T00:00:00.000 194927.78 -281452.5 0.000 0.000 4.000
2024-11-22T00:00:00.000 195054.57 -281059.4 0.000 0.000 4.000
2024-11-23T00:00:00.000 195221.76 -280702.9 0.000 0.000 4.000
2024-11-24T00:00:00.000 195349.32 -280303.2 0.000 0.000 4.000
2024-11-25T00:00:00.000 195517.25 -275900.1 0.000 0.000 4.000
2024-11-26T00:00:00.000 195645.54 -275453.8 0.000 0.000 4.000
2024-11-27T00:00:00.000 195814.18 -275044.1 0.000 0.000 4.000
2024-11-28T00:00:00.000 195943.17 -274631.1 0.000 0.000 4.000
2024-11-29T00:00:00.000 200112.48 -274214.7 0.000 0.000 4.000
2024-11-30T00:00:00.000 200242.12 -273755.1 0.000 0.000 4.000
2024-12-01T00:00:00.000 200412.06 -273332.1 0.000 0.000 4.000
2024-12-02T00:00:00.000 200542.31 -272905.7 0.000 0.000 4.000
2024-12-03T00:00:00.000 200712.86 -272436.1 0.000 0.000 4.000
2024-12-04T00:00:00.000 200843.68 -272003.1 0.000 0.000 4.000
2024-12-05T00:00:00.000 201014.78 -271526.8 0.000 0.000 4.000
2024-12-06T00:00:00.000 201146.14 -271047.3 0.000 0.000 4.000
2024-12-07T00:00:00.000 201317.75 -270604.4 0.000 0.000 4.000
2024-12-08T00:00:00.000 201449.60 -270118.2 0.000 0.000 4.000
2024-12-09T00:00:00.000 201621.68 -265628.8 0.000 0.000 4.000
2024-12-10T00:00:00.000 201753.99 -265136.1 0.000 0.000 4.000
2024-12-11T00:00:00.000 201926.51 -264640.2 0.000 0.000 4.000
