# Observation conducted on 2020.02.22 at Hh rev. 2 
# Base frequency: 8400.49 MHz
# Format: UTC Time     |    Signal-to-Noise     |      Spectral max      | Freq detection [Hz] |   Doppler noise [Hz]  |
# 
2020-02-22T01:50:05.000 6.692976142548771179e+01 4.038604241065361578e+01  4039720.533049932681 +2.0309424452307212e-03
2020-02-22T01:50:15.000 6.496507813307421486e+01 3.735591531751862249e+01  4039715.334356391802 -1.2001998788946366e-04
2020-02-22T01:50:25.000 4.603125187803048846e+01 3.006566599016750629e+01  4039710.120244630612 -2.0927308309069304e-02
2020-02-22T01:50:35.000 4.807164491290450314e+01 3.112526887485955029e+01  4039704.950879211072 -1.9110752191409119e-04
2020-02-22T01:50:45.000 6.379391955873745701e+01 3.787054143144175100e+01  4039699.777560751420 +1.3343845532403977e-02
2020-02-22T01:50:55.000 8.944092681810568024e+01 5.255330631200811808e+01  4039694.585234187078 +4.5106086982968918e-03
2020-02-22T01:51:05.000 7.410302668014956851e+01 4.735718711376397039e+01  4039689.396296458319 -4.4582247417110921e-03
2020-02-22T01:51:15.000 4.042120054136619700e+01 2.508118589537927079e+01  4039684.221009959932 -3.5029967000355100e-03
2020-02-22T01:51:25.000 7.575103361492351439e+01 3.961312291959121268e+01  4039679.042660364881 -9.5650973318015513e-03
2020-02-22T01:51:35.000 6.686767968087349345e+01 3.919136265427146526e+01  4039673.884843579028 +7.1406142035357334e-04
2020-02-22T01:51:45.000 8.847149232217189763e+01 4.613427110980524759e+01  4039668.718930030242 -1.5285987823290270e-03
2020-02-22T01:51:55.000 5.544460899527172870e+01 3.509346100971418281e+01  4039663.569500435144 +8.0720168597281372e-03
2020-02-22T01:52:05.000 7.475587010736103366e+01 4.108289142723934617e+01  4039658.401650837623 -5.5717208264240972e-03
2020-02-22T01:52:15.000 7.529596243726899729e+01 3.935765499879048690e+01  4039653.273573883809 +1.5595181026810678e-02
2020-02-22T01:52:25.000 4.913822421584286104e+01 2.947612759457654263e+01  4039648.107135499828 -6.6389166973976899e-03
2020-02-22T01:52:35.000 6.805712895425094189e+01 4.412714634522819779e+01  4039642.978940295056 +4.3271889117022511e-03
2020-02-22T01:52:45.000 5.075699988935554074e+01 3.489002305649146507e+01  4039637.833792947233 -6.6170062576702540e-03
2020-02-22T01:52:55.000 6.015283975068154376e+01 3.586161281702382553e+01  4039632.702550058253 -8.4277862865747011e-03
2020-02-22T01:53:05.000 6.404076305633401489e+01 3.632501674874965403e+01  4039627.578497383278 -7.5159198685241790e-03
2020-02-22T01:53:15.000 8.100148318799986669e+01 4.755464099623183927e+01  4039622.462563242298 -2.5191750892190612e-03
2020-02-22T01:53:25.000 5.428439184574888543e+01 3.257349586346048653e+01  4039617.361363572069 +1.3756794332266509e-02
2020-02-22T01:53:35.000 6.744228628155821070e+01 3.935921472574901259e+01  4039612.241536202375 +8.6868012699596875e-03
2020-02-22T01:53:45.000 7.825665888619602129e+01 4.662792083439129698e+01  4039607.114831259008 -5.0694081928668311e-03
2020-02-22T01:53:55.000 4.674928479720934149e+01 2.735284001953470323e+01  4039602.007417178247 -2.4706865622192709e-04
2020-02-22T01:54:15.000 6.016451580098453888e+01 3.556656821998552687e+01  4039591.478099831380 +3.1908822270478367e+00
2020-02-22T01:54:25.000 4.931188376210197788e+01 3.238639726239765793e+01  4039586.165485099424 +1.2431313588433568e+00
2020-02-22T01:54:35.000 5.562222126741355765e+01 3.600859201816049193e+01  4039580.810890079942 -1.3290774694473839e-01
2020-02-22T01:54:45.000 8.073380709267109978e+01 5.502044078725869269e+01  4039575.485940405633 -9.7776307219157843e-01
2020-02-22T01:54:55.000 5.951312445984078181e+01 3.280127669003469748e+01  4039570.178311315831 -1.4046641319320088e+00
2020-02-22T01:55:05.000 5.758926984738081245e+01 3.232211937154001191e+01  4039564.844075728673 -1.5476696748372660e+00
2020-02-22T01:55:15.000 8.489667754002337574e+01 4.842816786002919116e+01  4039559.535037911031 -1.4348097760713472e+00
2020-02-22T01:55:25.000 8.413746427697195429e+01 4.754123036171041150e+01  4039554.213258284610 -1.1740368050079724e+00
2020-02-22T01:55:35.000 6.659312420640645769e+01 4.161072230270886507e+01  4039548.909925119020 -7.9482949953819571e-01
2020-02-22T01:55:45.000 6.244481773039026962e+01 3.882435779132600828e+01  4039543.607687050477 -3.6633621510895864e-01
2020-02-22T01:55:55.000 9.084329993976498940e+01 5.482114124563319280e+01  4039538.317116699181 +7.8612926898131263e-02
2020-02-22T01:56:05.000 6.692379051437238502e+01 3.671942532845285712e+01  4039533.019648724701 +4.8596831946258590e-01
2020-02-22T01:56:15.000 7.581867041327652146e+01 4.818324755274466753e+01  4039527.745310100727 +8.5771538321910157e-01
2020-02-22T01:56:25.000 6.741584566117063559e+01 4.387558693382290187e+01  4039522.463208211120 +1.1418868878873809e+00
2020-02-22T01:56:35.000 8.518685456514580778e+01 4.900064898020975335e+01  4039517.171376434620 +1.3219327749060312e+00
2020-02-22T01:56:45.000 8.365693334716357299e+01 5.302839715002510701e+01  4039511.897411004175 +1.4168812423782811e+00
2020-02-22T01:56:55.000 8.138944116979065768e+01 4.469976765364409488e+01  4039506.631538353395 +1.4139303273609585e+00
2020-02-22T01:57:05.000 7.194551628460789061e+01 4.772425453591619515e+01  4039501.367306588683 +1.3086636066769870e+00
2020-02-22T01:57:15.000 5.260412788189357514e+01 3.296256185462051747e+01  4039496.103990871925 +1.1069798122739485e+00
2020-02-22T01:57:25.000 5.359101942871520663e+01 3.458346531844880190e+01  4039490.845684439410 +8.2370808070891133e-01
2020-02-22T01:57:35.000 5.496805446777808868e+01 3.572790428587286726e+01  4039485.593145470601 +4.7397905760965386e-01
2020-02-22T01:57:45.000 7.424980170835624449e+01 4.494485575942044875e+01  4039480.341955491342 +7.0907525711049857e-02
2020-02-22T01:57:55.000 6.839951057420029201e+01 4.234966318362504012e+01  4039475.115872938186 -3.4152979420309748e-01
2020-02-22T01:58:05.000 7.544922709000499594e+01 5.060406732615436454e+01  4039469.878393085673 -7.7741008699069891e-01
2020-02-22T01:58:15.000 6.999176066500992022e+01 4.254451889124188568e+01  4039464.652267838363 -1.1898204168282971e+00
2020-02-22T01:58:25.000 5.805764309045508753e+01 3.508698526078929802e+01  4039459.425647535361 -1.5651916959590153e+00
2020-02-22T01:58:35.000 4.435921026794351008e+01 2.891504482956473510e+01  4039454.204032309819 -1.8718230880191411e+00
2020-02-22T01:58:45.000 5.458314670497048837e+01 3.715691632866300154e+01  4039448.988859965000 -2.0817699049099474e+00
2020-02-22T01:58:55.000 6.188215230676123468e+01 4.114879117200839431e+01  4039443.787035379093 -2.1617899659561317e+00
2020-02-22T01:59:05.000 6.228007094765870733e+01 4.181875702538003026e+01  4039438.568601315841 -2.1161485644570348e+00
2020-02-22T01:59:15.000 6.819907241030709599e+01 4.469416345939893631e+01  4039433.371482639108 -1.8823500090473999e+00
2020-02-22T01:59:25.000 5.267092086488485592e+01 3.298278321486468201e+01  4039428.162886703853 -1.4702130125112944e+00
2020-02-22T01:59:35.000 7.537535082422435551e+01 4.602737774378072544e+01  4039422.966038944200 -8.3561086359316050e-01
2020-02-22T01:59:45.000 6.660049678102451765e+01 3.954113912307479950e+01  4039417.792582757771 +5.1452682661420113e-02
2020-02-22T01:59:55.000 4.033952368124682408e+01 2.749399717243568020e+01  4039412.588872434571 +1.1526605668244656e+00
2020-02-22T02:00:05.000 4.425720753993382317e+01 2.547740306999735083e+01  4039407.421168374363 +2.5461018775544062e+00
2020-02-22T02:00:15.000 4.508608582714258262e+01 2.637871926648566046e+01  4039402.020408971235 +3.9705679627767263e+00
2020-02-22T02:00:25.000 2.983073534570888086e+01 1.817170667798637496e+01  4039396.474035462365 +5.5169015141793807e+00
2020-02-22T02:00:35.000 2.282216561915297603e+01 1.373634085661773163e+01  4039390.940842960961 +7.3423718258129620e+00
2020-02-22T02:00:45.000 1.759057860314007016e+01 1.219718386702109214e+01  4039386.150853867177 +1.0170072444936295e+01
2020-02-22T02:00:55.000 1.404047756090192323e+01 8.629133561707858391e+00  4039380.864761846606 +1.2747889374952136e+01
2020-02-22T02:01:05.000 1.737756523952475263e+01 1.148263233797741556e+01  4039375.596780059393 +1.5570873539096056e+01
2020-02-22T02:01:15.000 1.517010839612609274e+01 9.826832328747901357e+00  4039369.559909676667 +1.7826033529639972e+01
2020-02-22T02:01:25.000 1.179880697484979279e+01 8.534488424986610866e+00  4039364.068062525708 +2.0793982478218481e+01
2020-02-22T02:01:35.000 1.039243106614576462e+01 7.935840712149560439e+00  4039359.966446020640 +2.5278847227655206e+01
2020-02-22T02:01:45.000 1.151113396438326397e+01 7.639965955672360032e+00  4039355.136277475394 +2.9112506869564641e+01
2020-02-22T02:01:55.000 7.909228346216428562e+00 6.176028929087335584e+00  4039347.703120772727 +3.0362453646665926e+01
2020-02-22T02:02:05.000 1.041764989948648257e+01 6.573470115178096762e+00  4039344.126147946343 +3.5420578766317021e+01
2020-02-22T02:02:15.000 9.732261187330299990e+00 6.922970860115516878e+00  4039335.104150460567 +3.4908707912019054e+01
2020-02-22T02:02:25.000 7.487725771960564991e+00 5.602812559099310086e+00  4038852.635755038355 -4.3926165869581882e+02
2020-02-22T02:02:35.000 5.807776431739882561e+00 5.040313935218381225e+00  4039285.786693434231 +1.8774477019294409e+00
2020-02-22T02:02:45.000 7.513032186924118783e+00 5.773691289837421969e+00  4039769.515831289813 +4.9317601749137725e+02
2020-02-22T02:02:55.000 6.894666018302413768e+00 4.901025385565746184e+00  4038414.434175474569 -8.5487540573834235e+02
2020-02-22T02:03:05.000 6.100944353638683815e+00 4.990216868399799388e+00  4039307.290678167250 +4.4339603108045822e+01
2020-02-22T02:03:15.000 6.241182324723825836e+00 5.047297894600776047e+00  4038991.612511264160 -2.6579685071699112e+02
2020-02-22T02:03:25.000 7.055238631953775652e+00 5.723042115488595982e+00  4039301.284642169718 +4.8442118211821480e+01
2020-02-22T02:03:35.000 8.519157332601450250e+00 6.101724176489211615e+00  4039293.354931130540 +4.3932797059928134e+01
2020-02-22T02:03:45.000 7.577579183448158062e+00 5.517963896626191911e+00  4039794.441159965470 +5.4710742769440299e+02
2020-02-22T02:03:55.000 6.132954651705761151e+00 4.735481232064561397e+00  4038746.687333777547 -5.0008996737487553e+02
2020-02-22T02:04:05.000 8.176989760583674993e+00 6.703187979585678136e+00  4039279.814798025414 +3.1847056313646817e+01
