# Observation conducted on 2020.02.22 at T6 rev. 2 
# Base frequency: 8400.49 MHz
# Format: UTC Time     |    Signal-to-Noise     |      Spectral max      | Freq detection [Hz] |   Doppler noise [Hz]  |
# 
2020-02-22T01:35:35.000 3.742145136991461527e+02 7.707087307157536316e+02  4026134.398700871039 +1.3966027090293665e-01
2020-02-22T01:35:45.000 3.242858070505986916e+02 7.875930928677286147e+02  4026124.965954506304 +3.5074762854492292e-02
2020-02-22T01:35:55.000 3.677573107244272705e+02 8.526500058122093151e+02  4026115.556212831289 -2.5461175166014986e-02
2020-02-22T01:36:05.000 3.289316163008664944e+02 9.378723416690164640e+02  4026106.150397992227 -6.6878870956770697e-02
2020-02-22T01:36:15.000 3.499748669130842700e+02 8.872170787763490125e+02  4026096.755174254999 -8.7797701349586532e-02
2020-02-22T01:36:25.000 3.593845895801492816e+02 7.700371417453425238e+02  4026087.371863360982 -9.1632085955211551e-02
2020-02-22T01:36:35.000 3.381059891692793826e+02 8.426899619246905786e+02  4026077.999921806622 -8.3136549509845281e-02
2020-02-22T01:36:45.000 4.103082560754034489e+02 8.842238437579605943e+02  4026068.638741356786 -6.6627569665797637e-02
2020-02-22T01:36:55.000 3.850830403797901340e+02 7.908859083018561478e+02  4026059.288781644776 -4.4873318272721008e-02
2020-02-22T01:37:05.000 4.626102424018749844e+02 8.977470198530954804e+02  4026049.951208143961 -1.9478043338494899e-02
2020-02-22T01:37:15.000 3.469039476402763285e+02 8.619779382207341314e+02  4026040.625489647966 +6.6930652097880738e-03
2020-02-22T01:37:25.000 4.309331675825124535e+02 9.127136718405788542e+02  4026031.309837731067 +2.9930982425412367e-02
2020-02-22T01:37:35.000 4.228747685074628748e+02 8.564608142866069329e+02  4026022.009947903920 +5.4401655724973352e-02
2020-02-22T01:37:45.000 3.471723726634457421e+02 8.425323912864982958e+02  4026012.717852741014 +7.0976783816831812e-02
2020-02-22T01:37:55.000 4.050608532320176209e+02 9.107014395580207520e+02  4026003.432632899377 +7.7922486476040831e-02
2020-02-22T01:38:05.000 3.556804208917475307e+02 8.989313442503403166e+02  4025994.169185385574 +8.9645218066493726e-02
2020-02-22T01:38:15.000 4.011270834924779933e+02 8.423003053642186160e+02  4025984.906569748651 +8.5015612335723745e-02
2020-02-22T01:38:25.000 4.055469865105374652e+02 8.470039100937646026e+02  4025975.662182339933 +8.1520397843632963e-02
2020-02-22T01:38:35.000 3.783785702110020566e+02 8.341362135474726074e+02  4025966.421931666322 +6.5415393375928943e-02
2020-02-22T01:38:45.000 4.340441489304726588e+02 8.682173823618828692e+02  4025957.202576361597 +5.4041135444435895e-02
2020-02-22T01:38:55.000 4.105100231630229359e+02 8.702797738327459456e+02  4025947.991544930264 +3.5620270651406827e-02
2020-02-22T01:39:05.000 4.242722842662215044e+02 8.267894996116091306e+02  4025938.788273045793 +1.0572502567697484e-02
2020-02-22T01:39:15.000 4.129010380741542576e+02 8.467065294639633066e+02  4025929.597675606608 -1.5035696618497241e-02
2020-02-22T01:39:25.000 3.842875322398116964e+02 8.972910328889005314e+02  4025920.419637059327 -4.0023120957698666e-02
2020-02-22T01:39:35.000 4.368076915241773008e+02 8.505907861465958604e+02  4025911.257008374203 -6.0119193748164435e-02
2020-02-22T01:39:45.000 4.453479625885141786e+02 9.417244812368180646e+02  4025902.097616897430 -8.5976478703173598e-02
2020-02-22T01:39:55.000 4.479991597515124226e+02 8.816552278784619148e+02  4025892.957211294211 -1.0024807137790503e-01
2020-02-22T01:40:05.000 4.353875934573039785e+02 8.362361107024435114e+02  4025883.820601931307 -1.1646957889877284e-01
2020-02-22T01:40:15.000 3.569091316844264838e+02 8.479439273497649765e+02  4025874.699602892157 -1.2113944676332267e-01
2020-02-22T01:40:25.000 3.735274870772772715e+02 8.718207303790683227e+02  4025865.593863541726 -1.1290974678070143e-01
2020-02-22T01:40:35.000 4.620024145243164071e+02 8.538911949630258960e+02  4025856.495768864173 -9.7708188547926525e-02
2020-02-22T01:40:45.000 4.094881934809418453e+02 8.635304911489547521e+02  4025847.408650519326 -7.0549412403579481e-02
2020-02-22T01:40:55.000 3.093141846215155510e+02 8.577942661897046719e+02  4025838.335216442589 -2.7127739582283535e-02
2020-02-22T01:41:05.000 4.130028064989229506e+02 8.656629186461194649e+02  4025829.276212985627 +3.4822622030901584e-02
2020-02-22T01:41:15.000 4.395787321379818309e+02 7.423976293460038960e+02  4025820.218439420685 +1.0351972436387769e-01
2020-02-22T01:41:25.000 3.044846639346239385e+02 6.567095223573498970e+02  4025811.185228011105 +2.0359161049054819e-01
2020-02-22T01:41:35.000 2.695593238859615326e+02 5.520740939348323764e+02  4025802.161539673805 +3.2114961882030002e-01
2020-02-22T01:41:45.000 3.520978878676158388e+02 5.556089975670867034e+02  4025793.051108750980 +3.6091081502866018e-01
2020-02-22T01:41:55.000 2.178729316736989574e+02 4.172620786493811238e+02  4025783.786917033605 +2.5664965192322597e-01
2020-02-22T01:42:05.000 1.985873329213538909e+02 3.555634462007702155e+02  4025774.528209086973 +1.6819095819880658e-01
2020-02-22T01:42:15.000 1.765151481557556110e+02 2.875259181084842908e+02  4025765.075987726450 -1.0311694197503128e-01
2020-02-22T01:42:25.000 1.728276740001818439e+02 2.578963335321695922e+02  4025756.133707541507 +1.4626894784669275e-01
2020-02-22T01:42:35.000 1.924466564449903956e+02 2.243501265497027646e+02  4025746.406570238527 -3.7864071275510014e-01
2020-02-22T01:42:45.000 1.744511481112438105e+02 1.750254062263059609e+02  4025737.072628398426 -5.0028618839769479e-01
2020-02-22T01:42:55.000 1.416592277288129651e+02 1.487896371308271455e+02  4025728.576481306460 +2.2511480498383207e-01
2020-02-22T01:43:05.000 1.355157510818208664e+02 1.318052964679121999e+02  4025718.434889634605 -6.8684055993912807e-01
2020-02-22T01:43:15.000 1.309484610516568637e+02 1.198390929108188772e+02  4025709.089507339057 -7.9603067721950549e-01
2020-02-22T01:43:25.000 1.206556837733043182e+02 9.947496848407773484e+01  4025699.691500644665 -9.5321287402134636e-01
2020-02-22T01:43:35.000 9.672119846435710144e+01 8.296951708377302737e+01  4025691.945696027949 +5.4410222426963628e-01
2020-02-22T01:43:45.000 7.451314441226820406e+01 6.746165753162242140e+01  4025682.856729243416 +6.9777737343338231e-01
2020-02-22T01:43:55.000 6.825491567454021435e+01 6.458788349644993332e+01  4025676.023034030572 +3.1030150608582971e+00
2020-02-22T01:44:05.000 6.533126163914974427e+01 5.796298204934155507e+01  4025662.144659775775 -1.5438471737486452e+00
2020-02-22T01:44:15.000 7.905272705342827066e+01 5.891106057055817047e+01  4025652.694851246197 -1.7737793621088258e+00
2020-02-22T01:44:25.000 6.177922393056925898e+01 5.470959978576923533e+01  4025643.438851222396 -1.8262788173583433e+00
2020-02-22T01:44:35.000 5.769050915616482911e+01 4.196046496869102072e+01  4025640.591277476866 +4.5079844870629131e+00
2020-02-22T01:44:45.000 4.634674061775858434e+01 3.809876744761859158e+01  4025627.964897876605 +1.0359206819400697e+00
2020-02-22T01:44:55.000 1.885090468281159559e+01 3.533447065568945078e+01  4025615.336523062550 -2.4721096810415020e+00
2020-02-22T01:45:05.000 8.369082111920720379e+00 3.525092323141205242e+01  4025615.434513541404 +6.7051891216351578e+00
2020-02-22T01:45:15.000 6.188704752097515360e+00 2.981692065878895903e+01  4025606.933566424996 +7.2348123711929020e+00
2020-02-22T01:45:25.000 5.706110348401978172e+00 2.724417995642734169e+01  4025598.057131660637 +7.3318487910676140e+00
2020-02-22T01:45:35.000 6.474244107124748737e+00 3.004349948016702498e+01  4025576.398116406985 -5.4198374326590510e+00
2020-02-22T01:45:45.000 5.677590191676731735e+00 2.738534219069921960e+01  4025567.567822407000 -5.4186916207997911e+00
2020-02-22T01:45:55.000 4.608519923050830691e+00 2.234629388666959926e+01  4025573.518922994379 +9.2774860473689387e+00
2020-02-22T01:46:05.000 4.192037612746591257e+00 2.143344692729780832e+01  4025546.303109211382 -9.2908356893092314e+00
2020-02-22T01:46:15.000 4.255987095048793023e+00 2.223866242442087682e+01  4025557.005266398191 +9.9492350608825273e+00
2020-02-22T01:46:25.000 4.252569815655076191e+00 1.949401357175768368e+01  4025536.530125259422 -2.1103579399482442e+00
2020-02-22T01:46:35.000 3.288939864886502029e+00 1.646937123193535513e+01  4025541.179407242220 +1.0818503970421489e+01
2020-02-22T01:46:45.000 3.184130148548196537e+00 1.518298806059414474e+01  4025531.985526795033 +9.7537942625674532e+00
2020-02-22T01:46:55.000 3.232507949258426105e+00 1.570410386277552028e+01  4025496.634288815316 -1.7633983686394231e+01
