# Observation conducted on 2020.02.22 at T6 rev. 2 
# Base frequency: 0.00 MHz dF: 0.2 Hz dT: 0.00025 s 
# Format: Modified JD   |       Time(UTC) [s]    | Signal-to-Noise ratio  |      Spectral max      |  Freq. detection [Hz]  |  Doppler noise [Hz] 
# 
5.890100000000000000e+04 6.605000000000000000e+03 2.699325474566177832e+02 4.143364312613559832e+02 4.025341815864139237e+06 6.040202751592005370e-03
5.890100000000000000e+04 6.615000000000000000e+03 3.775278827927306224e+02 6.074061024187490148e+02 4.025332899119601119e+06 -3.645040306309965672e-03
5.890100000000000000e+04 6.625000000000000000e+03 4.147167461217458140e+02 7.004971846993847748e+02 4.025324006480726413e+06 -2.719936867038086348e-03
5.890100000000000000e+04 6.635000000000000000e+03 3.417842429289028132e+02 7.121665747650158664e+02 4.025315127255804371e+06 -1.418970760823867749e-03
5.890100000000000000e+04 6.645000000000000000e+03 4.549684789081446752e+02 6.928294632869827865e+02 4.025306264796265401e+06 3.973516367409501981e-03
5.890100000000000000e+04 6.655000000000000000e+03 3.261768543230096498e+02 6.697950313302912946e+02 4.025297409013319761e+06 3.648771298685460351e-03
5.890100000000000000e+04 6.665000000000000000e+03 4.386828312855994341e+02 6.708008747593378303e+02 4.025288563607460354e+06 1.511939396323214169e-03
5.890100000000000000e+04 6.675000000000000000e+03 4.558652328676107572e+02 6.692478571617458556e+02 4.025279727817448787e+06 -3.060143858647279558e-03
5.890100000000000000e+04 6.685000000000000000e+03 4.487222772303904890e+02 7.448125814425807221e+02 4.025270908600691240e+06 -3.029767665339022642e-03
5.890100000000000000e+04 6.695000000000000000e+03 4.023351602237859197e+02 6.781010111856330695e+02 4.025262108295618091e+06 3.972838361960384645e-03
5.890100000000000000e+04 6.705000000000000000e+03 4.340512129357646245e+02 7.428271838757327714e+02 4.025253306620913558e+06 -2.342457827353428002e-03
5.890100000000000000e+04 6.715000000000000000e+03 4.435557637085758529e+02 7.221301303600896517e+02 4.025244527529293206e+06 1.936894063078398176e-03
5.890100000000000000e+04 6.725000000000000000e+03 5.128517983267297495e+02 6.845014132428568701e+02 4.025235752182736527e+06 -2.089834645062182972e-03
5.890100000000000000e+04 6.735000000000000000e+03 3.932700506698134859e+02 7.027534569269600979e+02 4.025226998229586985e+06 3.149255429775621451e-03
5.890100000000000000e+04 6.745000000000000000e+03 3.540374989741100080e+02 6.740287864807484084e+02 4.025218247989455704e+06 -1.075970194506226107e-04
5.890100000000000000e+04 6.755000000000000000e+03 3.489784400662556436e+02 6.923283389923986988e+02 4.025209512009881902e+06 -1.390346503853834292e-03
5.890100000000000000e+04 6.765000000000000000e+03 4.179666314311724591e+02 6.916722585735615212e+02 4.025200790911538526e+06 -1.431289916808964335e-04
5.890100000000000000e+04 6.775000000000000000e+03 4.066775522430216938e+02 7.250559857068734573e+02 4.025192082910398021e+06 1.806712436973612057e-03
5.890100000000000000e+04 6.785000000000000000e+03 3.466261552271511164e+02 7.247541793302688120e+02 4.025183383395543322e+06 -1.647564976110516000e-04
5.890100000000000000e+04 6.795000000000000000e+03 3.752260996712409451e+02 7.722228867092969722e+02 4.025174699032427277e+06 6.340067193377763033e-04
5.890100000000000000e+04 6.805000000000000000e+03 5.481473861389661124e+02 7.179542791573048817e+02 4.025166024700262584e+06 -8.437814143462674110e-04
5.890100000000000000e+04 6.815000000000000000e+03 4.305409255477278521e+02 7.373513809165968951e+02 4.025157364380668849e+06 -4.857782471390237333e-04
5.890100000000000000e+04 6.825000000000000000e+03 3.652594512234195463e+02 7.630491121986358394e+02 4.025148716835442930e+06 6.660632718649139861e-04
5.890100000000000000e+04 6.835000000000000000e+03 4.228644674441228517e+02 6.639729920836307429e+02 4.025140079358748626e+06 1.764932910646166420e-04
