# Observation conducted on 2020.02.22 at Cd rev. 2 
# Base frequency: 0.00 MHz dF: 0.2 Hz dT: 0.00025 s 
# Format: Modified JD   |       Time(UTC) [s]    | Signal-to-Noise ratio  |      Spectral max      |  Freq. detection [Hz]  |  Doppler noise [Hz] 
# 
5.890100000000000000e+04 6.605000000000000000e+03 5.670133743008383931e+01 3.373348455933005852e+01 4.023444132938559633e+06 2.575108660471414623e-02
5.890100000000000000e+04 6.615000000000000000e+03 1.289619107026274492e+02 9.213834624288899988e+01 4.023436170280399732e+06 -7.765819110204574827e-03
5.890100000000000000e+04 6.625000000000000000e+03 1.298510364099883247e+02 7.428829811414406947e+01 4.023428271079685539e+06 -3.647604127877457358e-03
5.890100000000000000e+04 6.635000000000000000e+03 1.144557274465630172e+02 7.024046123439264022e+01 4.023420393759944476e+06 2.149771857489213289e-03
5.890100000000000000e+04 6.645000000000000000e+03 1.208347051543407389e+02 8.156382156014078078e+01 4.023412532519509085e+06 7.982563882933391142e-03
5.890100000000000000e+04 6.655000000000000000e+03 1.218491034611441393e+02 7.711962136630604903e+01 4.023404673507432919e+06 2.872627737247057667e-03
5.890100000000000000e+04 6.665000000000000000e+03 1.399928241602138996e+02 7.692261038797452954e+01 4.023396831984420307e+06 3.845809495032881387e-03
5.890100000000000000e+04 6.675000000000000000e+03 1.231453393525026598e+02 7.899541045603747591e+01 4.023388992377347313e+06 -3.836064834786157007e-03
5.890100000000000000e+04 6.685000000000000000e+03 1.179188329332861400e+02 7.541818405604162479e+01 4.023381163857468404e+06 -1.091951778528255090e-02
5.890100000000000000e+04 6.695000000000000000e+03 1.058328052800560073e+02 7.055626033007195019e+01 4.023373352370711043e+06 -1.195166055299523578e-02
5.890100000000000000e+04 6.705000000000000000e+03 1.308431039508817548e+02 7.425352349853932310e+01 4.023365572619589046e+06 6.879186067976661434e-03
5.890100000000000000e+04 6.715000000000000000e+03 1.276363493155047735e+02 8.712129607876208581e+01 4.023357783841562923e+06 3.699315188328000659e-03
5.890100000000000000e+04 6.725000000000000000e+03 1.239532595653552818e+02 7.510133904345221367e+01 4.023350008660520893e+06 -2.141512891284946818e-05
5.890100000000000000e+04 6.735000000000000000e+03 1.294087796293197812e+02 9.191195590503582480e+01 4.023342261628605425e+06 9.249706536252233491e-03
5.890100000000000000e+04 6.745000000000000000e+03 1.209897312735409827e+02 7.000635076955045122e+01 4.023334504842196126e+06 -7.098307553178528906e-03
5.890100000000000000e+04 6.755000000000000000e+03 9.828575650281460696e+01 5.768303377455672631e+01 4.023326779629177414e+06 -7.955407788358570542e-03
5.890100000000000000e+04 6.765000000000000000e+03 1.168159244379573920e+02 6.867827097077962151e+01 4.023319079733107239e+06 8.711244502137560630e-04
5.890100000000000000e+04 6.775000000000000000e+03 1.373693868811776326e+02 8.129882699718385197e+01 4.023311385818257462e+06 1.339183438858526642e-03
