# Observation conducted on 2020.02.22 at T6 rev. 2 
# Base frequency: 8400.49 MHz
# Format: UTC Time     |    Signal-to-Noise     |      Spectral max      | Freq detection [Hz] |   Doppler noise [Hz]  |
# 
2020-02-22T01:30:05.000 2.748974648562126504e+02 4.780091706306378683e+02  4026444.138071184978 +8.0620451726645115e-03
2020-02-22T01:30:15.000 3.792614331141722346e+02 6.013670584453809624e+02  4026434.565912636928 -5.5037277601286405e-03
2020-02-22T01:30:25.000 3.480386659959637541e+02 6.701117181253132458e+02  4026425.023982270621 -7.3406706610512629e-04
2020-02-22T01:30:35.000 3.710890116813521331e+02 7.725493709116883565e+02  4026415.487973484676 -1.7477803572774064e-03
2020-02-22T01:30:45.000 3.618429065140812781e+02 7.359085156613260779e+02  4026405.965940879192 -3.2567580046816142e-04
2020-02-22T01:30:55.000 5.002188247683255895e+02 7.871522221215370791e+02  4026396.457120109815 +2.9104826155617047e-03
2020-02-22T01:31:05.000 3.797317134910186951e+02 7.487500951456056555e+02  4026386.953920552973 +4.9183582291334460e-04
2020-02-22T01:31:15.000 4.705176498299989021e+02 7.602763903173299695e+02  4026377.464617400896 +7.9570916227567068e-04
2020-02-22T01:31:25.000 4.536198596336802211e+02 7.668564142969590876e+02  4026367.984079256654 -1.2255942257297647e-03
2020-02-22T01:31:35.000 3.881748702965887787e+02 7.718220521798436948e+02  4026358.516405559145 -1.4061806139125110e-03
2020-02-22T01:31:45.000 3.773365077290709451e+02 7.387861652633198446e+02  4026349.061647024006 +3.5506675374108454e-04
2020-02-22T01:31:55.000 3.782078740137485511e+02 7.720711814983870909e+02  4026339.615439516958 -2.7044666501296888e-04
2020-02-22T01:32:05.000 4.804381643503531336e+02 7.442542511204662787e+02  4026330.182705443818 +1.6615559856063555e-03
2020-02-22T01:32:15.000 4.277294811858452022e+02 7.720891695906814221e+02  4026320.756658737548 -6.2560219180340937e-04
2020-02-22T01:32:25.000 4.368821157024826221e+02 7.911588815889232364e+02  4026311.343205260579 -1.2279548377591707e-03
2020-02-22T01:32:35.000 3.943346982507373468e+02 7.508932727645843670e+02  4026301.942687538452 +1.8503249123114071e-04
2020-02-22T01:32:45.000 3.775262629352002364e+02 7.865499090614674742e+02  4026292.550809580833 -7.0352762054426421e-04
2020-02-22T01:32:55.000 4.241342553970845870e+02 7.812644551458830620e+02  4026283.169805189595 -1.6884416346556463e-03
2020-02-22T01:33:05.000 3.818587259758983805e+02 8.027783640317317122e+02  4026273.803592905402 +1.1136998206211499e-03
2020-02-22T01:33:15.000 4.056625049791923061e+02 7.791430324618897885e+02  4026264.443020076957 -1.4902149814588483e-03
2020-02-22T01:33:25.000 3.606905155634653397e+02 7.761285826607246463e+02  4026255.098443733528 +8.1224534596913156e-04
2020-02-22T01:33:35.000 3.750875546158405882e+02 8.097677416447228325e+02  4026245.764650170226 +2.7598288096442047e-03
2020-02-22T01:33:45.000 4.191222930962372857e+02 8.335940169958074648e+02  4026236.438356058206 +1.0199044502314791e-03
2020-02-22T01:33:55.000 3.846314909529367014e+02 7.990424639547753713e+02  4026227.124866130296 +8.4734056849811168e-04
2020-02-22T01:34:05.000 3.871242223906872937e+02 8.533481293285233278e+02  4026217.820121065713 -1.8664236851009264e-03
2020-02-22T01:34:15.000 3.127522863436781790e+02 8.304944697479027127e+02  4026208.532322982326 +1.0333106621374100e-03
2020-02-22T01:34:25.000 4.273405861734498217e+02 7.558902105499734034e+02  4026199.253505648114 +1.5359020488858732e-03
2020-02-22T01:34:35.000 4.660006841494972605e+02 8.314408848290642027e+02  4026189.981983971782 -2.0839484199086655e-03
2020-02-22T01:34:45.000 3.789268288601152221e+02 8.023012046127030317e+02  4026180.725513016805 -2.1059944159560473e-03
2020-02-22T01:34:55.000 3.499607018191653651e+02 7.512260159120288563e+02  4026171.482496774290 -1.5447198791207484e-04
2020-02-22T01:35:05.000 3.946030743320670240e+02 7.164057034193112941e+02  4026162.252379964106 +3.1948815515079332e-03
2020-02-22T01:35:15.000 4.206429484671180603e+02 6.649032289751294229e+02  4026153.026274462231 -9.5754239055168000e-04
2020-02-22T01:35:35.000 3.742145136991461527e+02 7.707087307157536316e+02  4026134.398700871039 +1.3966027090293665e-01
2020-02-22T01:35:45.000 3.242858070505986916e+02 7.875930928677286147e+02  4026124.965954506304 +3.5074762854492292e-02
2020-02-22T01:35:55.000 3.677573107244272705e+02 8.526500058122093151e+02  4026115.556212831289 -2.5461175166014986e-02
2020-02-22T01:36:05.000 3.289316163008664944e+02 9.378723416690164640e+02  4026106.150397992227 -6.6878870956770697e-02
2020-02-22T01:36:15.000 3.499748669130842700e+02 8.872170787763490125e+02  4026096.755174254999 -8.7797701349586532e-02
2020-02-22T01:36:25.000 3.593845895801492816e+02 7.700371417453425238e+02  4026087.371863360982 -9.1632085955211551e-02
2020-02-22T01:36:35.000 3.381059891692793826e+02 8.426899619246905786e+02  4026077.999921806622 -8.3136549509845281e-02
2020-02-22T01:36:45.000 4.103082560754034489e+02 8.842238437579605943e+02  4026068.638741356786 -6.6627569665797637e-02
2020-02-22T01:36:55.000 3.850830403797901340e+02 7.908859083018561478e+02  4026059.288781644776 -4.4873318272721008e-02
2020-02-22T01:37:05.000 4.626102424018749844e+02 8.977470198530954804e+02  4026049.951208143961 -1.9478043338494899e-02
2020-02-22T01:37:15.000 3.469039476402763285e+02 8.619779382207341314e+02  4026040.625489647966 +6.6930652097880738e-03
2020-02-22T01:37:25.000 4.309331675825124535e+02 9.127136718405788542e+02  4026031.309837731067 +2.9930982425412367e-02
2020-02-22T01:37:35.000 4.228747685074628748e+02 8.564608142866069329e+02  4026022.009947903920 +5.4401655724973352e-02
2020-02-22T01:37:45.000 3.471723726634457421e+02 8.425323912864982958e+02  4026012.717852741014 +7.0976783816831812e-02
2020-02-22T01:37:55.000 4.050608532320176209e+02 9.107014395580207520e+02  4026003.432632899377 +7.7922486476040831e-02
2020-02-22T01:38:05.000 3.556804208917475307e+02 8.989313442503403166e+02  4025994.169185385574 +8.9645218066493726e-02
2020-02-22T01:38:15.000 4.011270834924779933e+02 8.423003053642186160e+02  4025984.906569748651 +8.5015612335723745e-02
2020-02-22T01:38:25.000 4.055469865105374652e+02 8.470039100937646026e+02  4025975.662182339933 +8.1520397843632963e-02
2020-02-22T01:38:35.000 3.783785702110020566e+02 8.341362135474726074e+02  4025966.421931666322 +6.5415393375928943e-02
2020-02-22T01:38:45.000 4.340441489304726588e+02 8.682173823618828692e+02  4025957.202576361597 +5.4041135444435895e-02
2020-02-22T01:38:55.000 4.105100231630229359e+02 8.702797738327459456e+02  4025947.991544930264 +3.5620270651406827e-02
2020-02-22T01:39:05.000 4.242722842662215044e+02 8.267894996116091306e+02  4025938.788273045793 +1.0572502567697484e-02
2020-02-22T01:39:15.000 4.129010380741542576e+02 8.467065294639633066e+02  4025929.597675606608 -1.5035696618497241e-02
2020-02-22T01:39:25.000 3.842875322398116964e+02 8.972910328889005314e+02  4025920.419637059327 -4.0023120957698666e-02
2020-02-22T01:39:35.000 4.368076915241773008e+02 8.505907861465958604e+02  4025911.257008374203 -6.0119193748164435e-02
2020-02-22T01:39:45.000 4.453479625885141786e+02 9.417244812368180646e+02  4025902.097616897430 -8.5976478703173598e-02
2020-02-22T01:39:55.000 4.479991597515124226e+02 8.816552278784619148e+02  4025892.957211294211 -1.0024807137790503e-01
2020-02-22T01:40:05.000 4.353875934573039785e+02 8.362361107024435114e+02  4025883.820601931307 -1.1646957889877284e-01
2020-02-22T01:40:15.000 3.569091316844264838e+02 8.479439273497649765e+02  4025874.699602892157 -1.2113944676332267e-01
2020-02-22T01:40:25.000 3.735274870772772715e+02 8.718207303790683227e+02  4025865.593863541726 -1.1290974678070143e-01
2020-02-22T01:40:35.000 4.620024145243164071e+02 8.538911949630258960e+02  4025856.495768864173 -9.7708188547926525e-02
2020-02-22T01:40:45.000 4.094881934809418453e+02 8.635304911489547521e+02  4025847.408650519326 -7.0549412403579481e-02
2020-02-22T01:40:55.000 3.093141846215155510e+02 8.577942661897046719e+02  4025838.335216442589 -2.7127739582283535e-02
2020-02-22T01:41:05.000 4.130028064989229506e+02 8.656629186461194649e+02  4025829.276212985627 +3.4822622030901584e-02
2020-02-22T01:41:15.000 4.395787321379818309e+02 7.423976293460038960e+02  4025820.218439420685 +1.0351972436387769e-01
2020-02-22T01:41:25.000 3.044846639346239385e+02 6.567095223573498970e+02  4025811.185228011105 +2.0359161049054819e-01
2020-02-22T01:41:35.000 2.695593238859615326e+02 5.520740939348323764e+02  4025802.161539673805 +3.2114961882030002e-01
2020-02-22T01:41:45.000 3.520978878676158388e+02 5.556089975670867034e+02  4025793.051108750980 +3.6091081502866018e-01
2020-02-22T01:41:55.000 2.178729316736989574e+02 4.172620786493811238e+02  4025783.786917033605 +2.5664965192322597e-01
2020-02-22T01:42:05.000 1.985873329213538909e+02 3.555634462007702155e+02  4025774.528209086973 +1.6819095819880658e-01
2020-02-22T01:42:15.000 1.765151481557556110e+02 2.875259181084842908e+02  4025765.075987726450 -1.0311694197503128e-01
2020-02-22T01:42:25.000 1.728276740001818439e+02 2.578963335321695922e+02  4025756.133707541507 +1.4626894784669275e-01
2020-02-22T01:42:35.000 1.924466564449903956e+02 2.243501265497027646e+02  4025746.406570238527 -3.7864071275510014e-01
2020-02-22T01:42:45.000 1.744511481112438105e+02 1.750254062263059609e+02  4025737.072628398426 -5.0028618839769479e-01
2020-02-22T01:42:55.000 1.416592277288129651e+02 1.487896371308271455e+02  4025728.576481306460 +2.2511480498383207e-01
2020-02-22T01:43:05.000 1.355157510818208664e+02 1.318052964679121999e+02  4025718.434889634605 -6.8684055993912807e-01
2020-02-22T01:43:15.000 1.309484610516568637e+02 1.198390929108188772e+02  4025709.089507339057 -7.9603067721950549e-01
2020-02-22T01:43:25.000 1.206556837733043182e+02 9.947496848407773484e+01  4025699.691500644665 -9.5321287402134636e-01
2020-02-22T01:43:35.000 9.672119846435710144e+01 8.296951708377302737e+01  4025691.945696027949 +5.4410222426963628e-01
2020-02-22T01:43:45.000 7.451314441226820406e+01 6.746165753162242140e+01  4025682.856729243416 +6.9777737343338231e-01
2020-02-22T01:43:55.000 6.825491567454021435e+01 6.458788349644993332e+01  4025676.023034030572 +3.1030150608582971e+00
2020-02-22T01:44:05.000 6.533126163914974427e+01 5.796298204934155507e+01  4025662.144659775775 -1.5438471737486452e+00
2020-02-22T01:44:15.000 7.905272705342827066e+01 5.891106057055817047e+01  4025652.694851246197 -1.7737793621088258e+00
2020-02-22T01:44:25.000 6.177922393056925898e+01 5.470959978576923533e+01  4025643.438851222396 -1.8262788173583433e+00
2020-02-22T01:44:35.000 5.769050915616482911e+01 4.196046496869102072e+01  4025640.591277476866 +4.5079844870629131e+00
2020-02-22T01:44:45.000 4.634674061775858434e+01 3.809876744761859158e+01  4025627.964897876605 +1.0359206819400697e+00
2020-02-22T01:44:55.000 1.885090468281159559e+01 3.533447065568945078e+01  4025615.336523062550 -2.4721096810415020e+00
2020-02-22T01:45:05.000 8.369082111920720379e+00 3.525092323141205242e+01  4025615.434513541404 +6.7051891216351578e+00
2020-02-22T01:45:15.000 6.188704752097515360e+00 2.981692065878895903e+01  4025606.933566424996 +7.2348123711929020e+00
2020-02-22T01:45:25.000 5.706110348401978172e+00 2.724417995642734169e+01  4025598.057131660637 +7.3318487910676140e+00
2020-02-22T01:45:35.000 6.474244107124748737e+00 3.004349948016702498e+01  4025576.398116406985 -5.4198374326590510e+00
2020-02-22T01:45:45.000 5.677590191676731735e+00 2.738534219069921960e+01  4025567.567822407000 -5.4186916207997911e+00
2020-02-22T01:45:55.000 4.608519923050830691e+00 2.234629388666959926e+01  4025573.518922994379 +9.2774860473689387e+00
2020-02-22T01:46:05.000 4.192037612746591257e+00 2.143344692729780832e+01  4025546.303109211382 -9.2908356893092314e+00
2020-02-22T01:46:15.000 4.255987095048793023e+00 2.223866242442087682e+01  4025557.005266398191 +9.9492350608825273e+00
2020-02-22T01:46:25.000 4.252569815655076191e+00 1.949401357175768368e+01  4025536.530125259422 -2.1103579399482442e+00
2020-02-22T01:46:35.000 3.288939864886502029e+00 1.646937123193535513e+01  4025541.179407242220 +1.0818503970421489e+01
2020-02-22T01:46:45.000 3.184130148548196537e+00 1.518298806059414474e+01  4025531.985526795033 +9.7537942625674532e+00
2020-02-22T01:46:55.000 3.232507949258426105e+00 1.570410386277552028e+01  4025496.634288815316 -1.7633983686394231e+01
2020-02-22T01:50:05.000 2.699325474566177832e+02 4.143364312613559832e+02  4025341.815864139237 +6.0402027515920054e-03
2020-02-22T01:50:15.000 3.775278827927306224e+02 6.074061024187490148e+02  4025332.899119600654 -3.6450403063099657e-03
2020-02-22T01:50:25.000 4.147167461217458140e+02 7.004971846993847748e+02  4025324.006480726413 -2.7199368670380863e-03
2020-02-22T01:50:35.000 3.417842429289028132e+02 7.121665747650158664e+02  4025315.127255803905 -1.4189707608238675e-03
2020-02-22T01:50:45.000 4.549684789081446183e+02 6.928294632869827865e+02  4025306.264796265401 +3.9735163674095020e-03
2020-02-22T01:50:55.000 3.261768543230096498e+02 6.697950313302912946e+02  4025297.409013320226 +3.6487712986854599e-03
2020-02-22T01:51:05.000 4.386828312855994341e+02 6.708008747593378303e+02  4025288.563607459888 +1.5119393963232140e-03
2020-02-22T01:51:15.000 4.558652328676107004e+02 6.692478571617458556e+02  4025279.727817448787 -3.0601438586472796e-03
2020-02-22T01:51:25.000 4.487222772303904890e+02 7.448125814425808358e+02  4025270.908600691240 -3.0297676653390222e-03
2020-02-22T01:51:35.000 4.023351602237859197e+02 6.781010111856330695e+02  4025262.108295617625 +3.9728383619603846e-03
2020-02-22T01:51:45.000 4.340512129357646245e+02 7.428271838757327714e+02  4025253.306620913558 -2.3424578273534280e-03
2020-02-22T01:51:55.000 4.435557637085758529e+02 7.221301303600896517e+02  4025244.527529292740 +1.9368940630783980e-03
2020-02-22T01:52:05.000 5.128517983267297495e+02 6.845014132428568701e+02  4025235.752182736993 -2.0898346450621830e-03
2020-02-22T01:52:15.000 3.932700506698134291e+02 7.027534569269600979e+02  4025226.998229586985 +3.1492554297756215e-03
2020-02-22T01:52:25.000 3.540374989741100080e+02 6.740287864807484084e+02  4025218.247989456169 -1.0759701945062260e-04
2020-02-22T01:52:35.000 3.489784400662556436e+02 6.923283389923986988e+02  4025209.512009881437 -1.3903465038538343e-03
2020-02-22T01:52:45.000 4.179666314311724591e+02 6.916722585735615212e+02  4025200.790911538526 -1.4312899168089643e-04
2020-02-22T01:52:55.000 4.066775522430216938e+02 7.250559857068734573e+02  4025192.082910398487 +1.8067124369736121e-03
2020-02-22T01:53:05.000 3.466261552271511164e+02 7.247541793302688120e+02  4025183.383395543322 -1.6475649761105160e-04
2020-02-22T01:53:15.000 3.752260996712409451e+02 7.722228867092969722e+02  4025174.699032427277 +6.3400671933777630e-04
2020-02-22T01:53:25.000 5.481473861389661124e+02 7.179542791573048817e+02  4025166.024700262584 -8.4378141434626741e-04
2020-02-22T01:53:35.000 4.305409255477278521e+02 7.373513809165970088e+02  4025157.364380668849 -4.8577824713902373e-04
2020-02-22T01:53:45.000 3.652594512234195463e+02 7.630491121986358394e+02  4025148.716835443396 +6.6606327186491399e-04
2020-02-22T01:53:55.000 4.228644674441228517e+02 6.639729920836307429e+02  4025140.079358748626 +1.7649329106461664e-04
2020-02-22T01:54:15.000 3.432773490892784594e+02 5.725492480997747862e+02  4025122.509672280867 +1.0804202900555993e-01
2020-02-22T01:54:25.000 3.728732545746758547e+02 6.567220581605824918e+02  4025113.663679988123 +3.8652421131359915e-02
2020-02-22T01:54:35.000 3.836363147634881443e+02 7.405640091115084260e+02  4025104.825105300173 -1.2368198283184029e-02
2020-02-22T01:54:45.000 4.219390849042509331e+02 7.115276431717461492e+02  4025095.999852765817 -4.3286359003900543e-02
2020-02-22T01:54:55.000 3.667115598562377841e+02 7.212201660271339279e+02  4025087.194053146522 -5.1753581792013392e-02
2020-02-22T01:55:05.000 4.616210788127148703e+02 7.092664195483064304e+02  4025078.392624186352 -5.6258469008412249e-02
2020-02-22T01:55:15.000 4.216701804440032220e+02 7.498839840667362751e+02  4025069.603120625485 -5.2289549968350002e-02
2020-02-22T01:55:25.000 4.038983740164414939e+02 7.703157288503819018e+02  4025060.827639980707 -4.0442363309239227e-02
2020-02-22T01:55:35.000 3.188275381352370914e+02 7.179060942411998667e+02  4025052.063754726201 -2.5500141624888784e-02
2020-02-22T01:55:45.000 3.307901322013750018e+02 7.887016201404408093e+02  4025043.315782414284 -5.1765457809551663e-03
2020-02-22T01:55:55.000 4.030383835579328888e+02 7.122351060352699506e+02  4025034.581270200666 +1.6355997481127815e-02
2020-02-22T01:56:05.000 3.572364507201864399e+02 7.662542010923430098e+02  4025025.855656056199 +3.3114640916323879e-02
2020-02-22T01:56:15.000 4.310872521621248552e+02 7.802350779093584379e+02  4025017.139558494557 +4.4582988397905865e-02
2020-02-22T01:56:25.000 3.832719883080650334e+02 7.787022244977024457e+02  4025008.438400487881 +5.5322149497897037e-02
2020-02-22T01:56:35.000 3.479592629861385831e+02 7.357275150881476975e+02  4024999.747846651822 +6.0395055589424373e-02
2020-02-22T01:56:45.000 3.858801697251323048e+02 7.402316814183554925e+02  4024991.074008838274 +6.5559201298242442e-02
2020-02-22T01:56:55.000 3.871656013927672007e+02 6.736459562029466497e+02  4024982.409015099052 +6.2822740820138279e-02
2020-02-22T01:57:05.000 4.338594403769073438e+02 7.687960697999678814e+02  4024973.757905600592 +5.7327540981304992e-02
2020-02-22T01:57:15.000 3.746977238034441484e+02 7.208932408284256326e+02  4024965.110175685491 +3.8879384173583269e-02
2020-02-22T01:57:25.000 3.763954235147558620e+02 7.195813464678833498e+02  4024956.487487361766 +2.9646593178995317e-02
2020-02-22T01:57:35.000 3.633124954924714984e+02 7.481627328107545054e+02  4024947.875051131006 +1.5529001787058403e-02
2020-02-22T01:57:45.000 3.536235543874668679e+02 7.252639229086273644e+02  4024939.270022500772 -5.4583989136745004e-03
2020-02-22T01:57:55.000 3.554458034801252211e+02 7.603527655990346830e+02  4024930.679446005728 -2.5254298231857319e-02
2020-02-22T01:58:05.000 4.380879271228210996e+02 7.743384786739482024e+02  4024922.100719047245 -4.5300086020233721e-02
2020-02-22T01:58:15.000 4.711924487636919139e+02 7.328158462198216512e+02  4024913.532068537548 -6.6076073676526903e-02
2020-02-22T01:58:25.000 3.513346383530615640e+02 7.632512324577037361e+02  4024904.976938856766 -8.2726396612542885e-02
2020-02-22T01:58:35.000 3.108659117205788220e+02 7.119312625966558699e+02  4024896.440490875859 -8.8572851643675676e-02
2020-02-22T01:58:45.000 5.255659100260271543e+02 7.880357948427682686e+02  4024887.919585988857 -8.5143730444542598e-02
2020-02-22T01:58:55.000 4.157253823952927405e+02 7.064711129613933736e+02  4024879.402386451140 -8.2586335273049372e-02
2020-02-22T01:59:05.000 4.159943820492305804e+02 7.085390762386588221e+02  4024870.896412412636 -7.1622815069304124e-02
2020-02-22T01:59:15.000 3.298046953033958175e+02 7.234026414998558039e+02  4024862.405370285735 -4.6734654678061816e-02
2020-02-22T01:59:25.000 3.647962414823897461e+02 6.968605716392288514e+02  4024853.925456884783 -9.8713964241596841e-03
2020-02-22T01:59:35.000 4.011720855843204845e+02 6.373823379890534397e+02  4024845.461022902280 +4.5199971543866013e-02
2020-02-22T01:59:45.000 3.550121451082010253e+02 5.949525877707637846e+02  4024837.007598568220 +1.1590781676011375e-01
2020-02-22T01:59:55.000 3.373319144678603152e+02 4.737100741397976549e+02  4024828.565243022982 +2.0421237182642929e-01
2020-02-22T02:00:05.000 2.979641888269827632e+02 4.295014775673237750e+02  4024820.145237060729 +3.2328561499832631e-01
2020-02-22T02:00:15.000 2.402837715597598276e+02 3.746738671208181017e+02  4024811.487148751039 +2.1456403569470697e-01
2020-02-22T02:00:25.000 2.051492015184189484e+02 2.773224826146686723e+02  4024802.859641676769 +1.4854400408728452e-01
2020-02-22T02:00:35.000 1.746403859510855909e+02 2.279371465301173600e+02  4024794.201686387882 +6.5980368254031418e-02
2020-02-22T02:00:45.000 1.497843763791301512e+02 1.735651817368308230e+02  4024785.165339569561 -3.7934723995203967e-01
2020-02-22T02:00:55.000 1.606778890343860269e+02 1.761898843870166047e+02  4024776.382992140949 -5.5339917059734489e-01
2020-02-22T02:01:05.000 1.533546524558014426e+02 1.301545225537162480e+02  4024768.330118867103 +2.0861000971194695e-02
2020-02-22T02:01:15.000 1.089730679982126134e+02 1.027983818392120412e+02  4024758.829991569743 -8.3183318314729604e-01
2020-02-22T02:01:25.000 1.161109902171049555e+02 9.226270533393363849e+01  4024751.316716276575 +3.2397322804376927e-01
2020-02-22T02:01:35.000 8.750753748608910598e+01 7.068548573872330110e+01  4024742.782442850992 +4.8165336194711017e-01
2020-02-22T02:01:45.000 9.146330180830231882e+01 7.011275009639638256e+01  4024732.330752999056 -1.2541263308246471e+00
2020-02-22T02:01:55.000 6.853768790723007953e+01 5.104572957213807882e+01  4024723.773804854602 -1.0702743565504989e+00
2020-02-22T02:02:05.000 6.964777281022973909e+01 4.908241332389387424e+01  4024717.062757531181 +9.8513751897462498e-01
2020-02-22T02:02:15.000 5.665540009520403686e+01 4.473985837622937822e+01  4024708.736365796998 +1.4514560752143095e+00
2020-02-22T02:02:25.000 6.329643603182682909e+01 3.784377070895887130e+01  4024696.895511658397 -1.5700346350554355e+00
2020-02-22T02:02:35.000 4.227136370253145259e+01 2.948083447618600061e+01  4024687.525699294172 -2.0936312124933920e+00
2020-02-22T02:02:45.000 1.955149011596897424e+01 2.868209392478837927e+01  4024687.737474830355 +6.9911959979488074e+00
2020-02-22T02:02:55.000 1.039042350358260869e+01 2.846966461740453624e+01  4024669.623913934454 -2.2227223570093884e+00
2020-02-22T02:03:05.000 1.020861786396987192e+01 2.444905283601118740e+01  4024662.173511500936 -7.4737781570524930e-01
2020-02-22T02:03:15.000 5.711687773664332113e+00 2.332888076793521037e+01  4024650.977022304200 -2.9927563091273441e+00
2020-02-22T02:03:25.000 2.600730423531390301e+01 1.976403552357684390e+01  4024649.341131987981 +4.3468199643409662e+00
2020-02-22T02:03:35.000 5.031993956056115991e+00 1.890430601459729587e+01  4024633.477583242580 -2.5181941425080367e+00
2020-02-22T02:03:45.000 5.231599623095658735e+00 1.856747421570625534e+01  4024624.906270334497 -2.0694850585498443e+00
2020-02-22T02:03:55.000 5.665463379419396261e+00 1.486354860443480774e+01  4024625.067189826630 +7.1310573650728202e+00
2020-02-22T02:04:05.000 5.065599810073045717e+00 1.594693923669525937e+01  4024616.296037168708 +7.4169235839553949e+00
