# Observation conducted on 2020.02.22 at Bd rev. 2 
# Base frequency: 8400.49 MHz
# Format: UTC Time     |    Signal-to-Noise     |      Spectral max      | Freq detection [Hz] |   Doppler noise [Hz]  |
# 
2017-05-28T01:54:16.000 4.885797067379198921e+01 2.944604717346486922e+01  4028716.203944446985 +6.1715575153232294e-01
2017-05-28T01:54:26.000 8.567946828596392095e+01 5.775655483560915826e+01  4028708.638676412869 +3.2073069678403954e-01
2017-05-28T01:54:36.000 9.291366476055324597e+01 5.549726065327314473e+01  4028701.114316470455 +1.1017105541816365e-01
2017-05-28T01:54:46.000 8.145208032015152355e+01 4.851078053495489684e+01  4028693.586504278239 -6.2245039098684174e-02
2017-05-28T01:54:56.000 9.616174349735439364e+01 5.149908113430588230e+01  4028686.065554824658 -1.9009119158999965e-01
2017-05-28T01:55:06.000 7.403395842610412103e+01 5.141030716863749461e+01  4028678.564571265597 -2.6460115794213834e-01
2017-05-28T01:55:16.000 6.853184447692393633e+01 4.128030197776448773e+01  4028671.068264110480 -3.0577091770749121e-01
2017-05-28T01:55:26.000 8.975722388198408908e+01 5.330717347695491526e+01  4028663.585819222499 -3.0941192940485962e-01
2017-05-28T01:55:36.000 8.735504690292663099e+01 5.545140654686984760e+01  4028656.099633892998 -2.9833631462417998e-01
2017-05-28T01:55:46.000 9.367171716313927732e+01 5.764299716268116924e+01  4028648.646558111999 -2.4103683740781889e-01
2017-05-28T01:55:56.000 6.403562947673746919e+01 4.276373651087393313e+01  4028641.191925189458 -1.7757754964134165e-01
2017-05-28T01:56:06.000 8.848498281620638295e+01 5.251908042451822922e+01  4028633.755473855417 -9.3592933449144766e-02
2017-05-28T01:56:16.000 9.680137076922403594e+01 5.409837630420494747e+01  4028626.320501616690 -1.1055810507627937e-02
2017-05-28T01:56:26.000 7.576347838098227783e+01 4.252980067193045954e+01  4028618.896064309403 +7.4000958932856506e-02
2017-05-28T01:56:36.000 9.346518966191052868e+01 5.855872342692489951e+01  4028611.477053252980 +1.5164037138185904e-01
2017-05-28T01:56:46.000 9.025114999679975369e+01 5.246507690139824120e+01  4028604.057317515835 +2.1122229379830060e-01
2017-05-28T01:56:56.000 7.983483188390546559e+01 4.967362095854975479e+01  4028596.675307179336 +2.8712546636177194e-01
2017-05-28T01:57:06.000 8.034341344382421823e+01 4.500049323035210591e+01  4028589.319199332036 +3.6395224602813414e-01
2017-05-28T01:57:16.000 9.905204104738751880e+01 5.305664192908537302e+01  4028581.917707866989 +3.6741714274830878e-01
2017-05-28T01:57:26.000 7.428178788073041972e+01 4.199655437241182909e+01  4028574.582414839417 +4.0675692539969083e-01
2017-05-28T01:57:36.000 7.388334049932605296e+01 4.506697646579738858e+01  4028567.199665179942 +3.6670407748181327e-01
2017-05-28T01:57:46.000 9.056115380430092898e+01 5.006287734102570397e+01  4028559.880803400651 +3.5780224693485252e-01
2017-05-28T01:57:56.000 7.788704703225698722e+01 5.174023333960246163e+01  4028552.544089488219 +2.9840088090361405e-01
2017-05-28T01:58:06.000 7.839453345005212270e+01 4.762049571615481369e+01  4028545.237451400142 +2.3748647226898356e-01
2017-05-28T01:58:16.000 9.185165219495725353e+01 5.595491859284959446e+01  4028537.916417189408 +1.3269342308205978e-01
2017-05-28T01:58:26.000 8.774316603615964993e+01 4.717785867328404947e+01  4028530.620389443822 +2.6657227795681138e-02
2017-05-28T01:58:36.000 1.066005953233727439e+02 5.419956321811833533e+01  4028523.332838051021 -9.2714013820000205e-02
2017-05-28T01:58:46.000 8.588416461803825541e+01 5.112132187321417121e+01  4028516.063357499894 -2.1010355597252328e-01
2017-05-28T01:58:56.000 8.028052826800738728e+01 4.954682497738041747e+01  4028508.786278183106 -3.4409595443435137e-01
2017-05-28T01:59:06.000 9.463846118729607326e+01 5.724166759784245784e+01  4028501.536476496141 -4.5128823193840617e-01
2017-05-28T01:59:16.000 7.415552144475331886e+01 4.246761596257184834e+01  4028494.297227436211 -5.3835852429085662e-01
2017-05-28T01:59:26.000 9.294297933440051906e+01 5.068083705611778100e+01  4028487.065322699025 -5.9686925036032790e-01
2017-05-28T01:59:36.000 7.560480398755436227e+01 4.422840446359425925e+01  4028479.837276487146 -6.1698255285500636e-01
2017-05-28T01:59:46.000 8.497848371620743535e+01 5.157592313771401393e+01  4028472.616894170176 -5.7981289630936317e-01
2017-05-28T01:59:56.000 8.486348858063701073e+01 5.108200368437078964e+01  4028465.414431270212 -4.5818933883697355e-01
2017-05-28T02:00:06.000 6.974356729118460407e+01 3.873559603943834873e+01  4028458.174541178625 -2.8862906798906351e-01
2017-05-28T02:00:16.000 1.023292558660383236e+02 5.925931869771928007e+01  4028450.796019929461 -1.5151388515846520e-01
2017-05-28T02:00:26.000 5.421372112080873507e+01 3.698064600646318922e+01  4028443.370597056579 +6.7779392355419077e-02
2017-05-28T02:00:36.000 6.269043085850438501e+01 3.777808212287001055e+01  4028435.965127982199 +4.6115007003834302e-01
2017-05-28T02:00:46.000 5.903568106761822065e+01 3.342849700105759325e+01  4028428.478506435174 +9.5476473344547230e-01
2017-05-28T02:00:56.000 2.940288991198517365e+01 1.772490903556917985e+01  4028421.081255229656 +1.7487267740419838e+00
2017-05-28T02:01:06.000 3.384072892528332943e+01 1.836513954596350473e+01  4028413.517151811160 +2.6187806779926177e+00
2017-05-28T02:01:16.000 3.118053565836911645e+01 1.942177213135480685e+01  4028406.418673487380 +4.2318360001214614e+00
2017-05-28T02:01:26.000 1.721622663609350568e+01 1.069078197217206849e+01  4028399.614282804076 +6.4533314857136475e+00
2017-05-28T02:01:36.000 2.201692226623827153e+01 1.342383810337506844e+01  4028391.046927683055 +7.2658139509501325e+00
2017-05-28T02:01:46.000 1.324002217629266376e+01 8.942415466759342735e+00  4028383.457109511830 +9.4520851170103679e+00
2017-05-28T02:01:56.000 1.108494083986357559e+01 7.238578605435234792e+00  4028378.139944187831 +1.4352341398137924e+01
2017-05-28T02:02:06.000 1.460211037349902874e+01 9.040249899385246479e+00  4028369.926455024164 +1.6845545553273496e+01
2017-05-28T02:02:16.000 1.258846856651185853e+01 8.401889039634170331e+00  4028364.318579545710 +2.2484512223469665e+01
2017-05-28T02:02:26.000 1.262181078318937288e+01 7.933380621946032107e+00  4028353.257875502575 +2.3264692690181391e+01
2017-05-28T02:02:36.000 9.812783857636702578e+00 6.188915797703290700e+00  4028345.632557940204 +2.8131290690378815e+01
2017-05-28T02:02:46.000 8.042064280914104302e+00 5.545601214856364258e+00  4028340.287548106629 +3.5989390066843043e+01
2017-05-28T02:02:56.000 6.771467369366157563e+00 5.023063914539610764e+00  4027667.673462297767 -6.2264697764195239e+02
2017-05-28T02:03:06.000 7.442502765122280373e+00 5.293013213211881229e+00  4028328.543475360144 +5.3042109043193477e+01
2017-05-28T02:03:16.000 8.389556183585257898e+00 5.911965084703836304e+00  4028315.347730158363 +5.5576949759890795e+01
2017-05-28T02:03:26.000 8.159777316331092933e+00 5.644398539610866017e+00  4027928.606655897573 -3.1444838064229259e+02
2017-05-28T02:03:36.000 6.090794806799261885e+00 4.718997306801055558e+00  4028688.570348371286 +4.6329342690536896e+02
2017-05-28T02:03:46.000 8.519473061368570299e+00 5.674386882254219167e+00  4028177.655236517545 -2.8700339018270256e+01
2017-05-28T02:03:56.000 7.257888211012614832e+00 4.849072197209002510e+00  4028290.559147736058 +1.0435273373683869e+02
