# Observation conducted on 2020.02.22 at Bd rev. 2 
# Base frequency: 0.00 MHz dF: 0.2 Hz dT: 0.00025 s 
# Format: Modified JD   |       Time(UTC) [s]    | Signal-to-Noise ratio  |      Spectral max      |  Freq. detection [Hz]  |  Doppler noise [Hz] 
# 
5.790100000000000000e+04 5.736000000000000000e+03 8.753514881133179415e+01 5.253463504564084730e+01 4.029570575585087296e+06 -7.502255689121284377e-02
5.790100000000000000e+04 5.746000000000000000e+03 9.458466715813935366e+01 5.887458983041521776e+01 4.029562644221256487e+06 -6.187583851351519115e-02
5.790100000000000000e+04 5.756000000000000000e+03 9.735264609977197381e+01 6.064791073152815670e+01 4.029554732603839599e+06 -3.918261353783236700e-02
5.790100000000000000e+04 5.766000000000000000e+03 1.090352720014489591e+02 6.943233184447652206e+01 4.029546859689075034e+06 1.113182152960234816e-02
5.790100000000000000e+04 5.776000000000000000e+03 8.115487472417423476e+01 5.031629041697202354e+01 4.029538948954698630e+06 1.181178560545959044e-02
5.790100000000000000e+04 5.786000000000000000e+03 9.217717007251609118e+01 5.624402435480590157e+01 4.029531051410596352e+06 1.327517383333542966e-02
5.790100000000000000e+04 5.796000000000000000e+03 1.012920397070665075e+02 5.844194805986529673e+01 4.029523188517183065e+06 3.652514891257396812e-02
5.790100000000000000e+04 5.806000000000000000e+03 8.377238480213206628e+01 5.672558196118728802e+01 4.029515352871581446e+06 7.382962358485656296e-02
5.790100000000000000e+04 5.816000000000000000e+03 9.567720902080922940e+01 5.548166295207645504e+01 4.029507485242314171e+06 6.574926887321907998e-02
5.790100000000000000e+04 5.826000000000000000e+03 1.054818481240176169e+02 5.832877458858988717e+01 4.029499646256782580e+06 7.281829666294470371e-02
5.790100000000000000e+04 5.836000000000000000e+03 9.016654563032926717e+01 5.477109762113680347e+01 4.029491828050299082e+06 8.718680465904071752e-02
5.790100000000000000e+04 5.846000000000000000e+03 8.060408585448624308e+01 5.615487078771789697e+01 4.029483987928078510e+06 6.627607541565794236e-02
5.790100000000000000e+04 5.856000000000000000e+03 1.109418100049620790e+02 6.280143407088965546e+01 4.029476167894105427e+06 5.230075422241498018e-02
5.790100000000000000e+04 5.866000000000000000e+03 9.310555956893075802e+01 5.545385712350985585e+01 4.029468374130814336e+06 5.174183826989064983e-02
5.790100000000000000e+04 5.876000000000000000e+03 9.023158630884040576e+01 6.124683124210883278e+01 4.029460563009929843e+06 2.135082471340865595e-02
5.790100000000000000e+04 5.886000000000000000e+03 8.917560348746457066e+01 4.925446695904332017e+01 4.029452780896159820e+06 7.946717004870151868e-03
5.790100000000000000e+04 5.896000000000000000e+03 7.364725581802748877e+01 4.254869868990169124e+01 4.029445005973814521e+06 -9.764051977185772557e-03
5.790100000000000000e+04 5.906000000000000000e+03 9.602719554045808081e+01 5.317666711985297923e+01 4.029437249167509843e+06 -2.027360216175111418e-02
5.790100000000000000e+04 5.916000000000000000e+03 9.977355142555904877e+01 5.957035283802228065e+01 4.029429481400025543e+06 -5.202144292707089335e-02
5.790100000000000000e+04 5.926000000000000000e+03 8.127663760345873811e+01 4.945086917765431167e+01 4.029421734587613493e+06 -7.240585164493040793e-02
5.790100000000000000e+04 5.936000000000000000e+03 1.155335063884659377e+02 7.625276932523888718e+01 4.029414008114941884e+06 -8.131562337484865566e-02
5.790100000000000000e+04 5.946000000000000000e+03 9.088544814695458740e+01 5.617906818476641462e+01 4.029406279237512965e+06 -1.007343418651771572e-01
5.790100000000000000e+04 5.956000000000000000e+03 7.651831875475969014e+01 4.514434551961818443e+01 4.029398558921237476e+06 -1.189074973323158702e-01
5.790100000000000000e+04 5.966000000000000000e+03 8.878340123358232461e+01 4.878189148481061466e+01 4.029390858773353510e+06 -1.234182547366344807e-01
5.790100000000000000e+04 5.976000000000000000e+03 1.169090097983349068e+02 6.230843349525028430e+01 4.029383147489256691e+06 -1.447473197696353964e-01
5.790100000000000000e+04 5.986000000000000000e+03 8.584635385756506309e+01 5.628987268032694402e+01 4.029375471467977390e+06 -1.356641465027905724e-01
5.790100000000000000e+04 5.996000000000000000e+03 8.332956536387798963e+01 5.148611663850266496e+01 4.029367783956693485e+06 -1.420891207629892961e-01
5.790100000000000000e+04 6.006000000000000000e+03 8.684383429733853177e+01 5.421873712348600804e+01 4.029360105882757809e+06 -1.422682176345233529e-01
5.790100000000000000e+04 6.016000000000000000e+03 7.769060617782992040e+01 4.800611258357071165e+01 4.029352447635874618e+06 -1.249975206264934968e-01
5.790100000000000000e+04 6.026000000000000000e+03 9.438043500963254928e+01 5.835526897960731674e+01 4.029344806311366614e+06 -9.238664264614726562e-02
5.790100000000000000e+04 6.036000000000000000e+03 1.075329072419922198e+02 6.687529523727118885e+01 4.029337148218873423e+06 -7.735671917669151298e-02
5.790100000000000000e+04 6.046000000000000000e+03 1.059900688642516258e+02 6.523898865882028986e+01 4.029329531526482664e+06 -2.100296530807099771e-02
5.790100000000000000e+04 6.056000000000000000e+03 1.052696741277163568e+02 6.304257238243010875e+01 4.029321905158767942e+06 2.629666660732254968e-02
5.790100000000000000e+04 6.066000000000000000e+03 1.009963660948054525e+02 6.053104171280646284e+01 4.029314305287511554e+06 1.013655238690489568e-01
5.790100000000000000e+04 6.076000000000000000e+03 1.220331950243802623e+02 6.676624113189038212e+01 4.029306696866462007e+06 1.697563179384360410e-01
5.790100000000000000e+04 6.086000000000000000e+03 1.109056406428809112e+02 6.011022983040785306e+01 4.029299095276242122e+06 2.473893419172554786e-01
5.790100000000000000e+04 6.096000000000000000e+03 1.314910890028516519e+02 7.635261469025033421e+01 4.029291515064468607e+06 3.492859001823944709e-01
5.790100000000000000e+04 6.106000000000000000e+03 9.496360511951628780e+01 5.823631460893452783e+01 4.029283856942647137e+06 3.765585127517852015e-01
5.790100000000000000e+04 6.116000000000000000e+03 8.419113756530461501e+01 5.216875189694486181e+01 4.029276031288639177e+06 2.399066912369107740e-01
5.790100000000000000e+04 6.126000000000000000e+03 1.031195198695639874e+02 5.757889240252445973e+01 4.029268234505965840e+06 1.359695513903034225e-01
5.790100000000000000e+04 6.136000000000000000e+03 9.035598912473336952e+01 5.367867415220364791e+01 4.029260456988077611e+06 5.528339403258542006e-02
5.790100000000000000e+04 6.146000000000000000e+03 1.085830427970074652e+02 6.129976994446972327e+01 4.029252677431589924e+06 -2.341175198591827211e-02
5.790100000000000000e+04 6.156000000000000000e+03 7.731822780837039488e+01 5.500346878201342804e+01 4.029244920436063316e+06 -7.557903835345314292e-02
5.790100000000000000e+04 6.166000000000000000e+03 1.255438746285274760e+02 6.783307849147175261e+01 4.029237144753109198e+06 -1.426423848010927031e-01
5.790100000000000000e+04 6.176000000000000000e+03 1.022047659293625372e+02 6.920171718781610082e+01 4.029229419369784184e+06 -1.559097736501371401e-01
5.790100000000000000e+04 6.186000000000000000e+03 9.151526927687099544e+01 5.742115103623849848e+01 4.029221669052739162e+06 -1.910357895120569083e-01
5.790100000000000000e+04 6.196000000000000000e+03 1.015545018292154253e+02 6.629441108949798434e+01 4.029213931040100753e+06 -2.113364331802358720e-01
5.790100000000000000e+04 6.206000000000000000e+03 1.109856386702044233e+02 6.910656643656429310e+01 4.029206222572098952e+06 -2.002651802081345522e-01
5.790100000000000000e+04 6.216000000000000000e+03 8.865699626450228266e+01 5.812643002032795891e+01 4.029198517078486271e+06 -1.852322557166417027e-01
5.790100000000000000e+04 6.226000000000000000e+03 8.536731064683124259e+01 5.806226552352442383e+01 4.029190816738167778e+06 -1.650516917380855375e-01
5.790100000000000000e+04 6.236000000000000000e+03 1.090332971404123299e+02 6.595710279882564464e+01 4.029183129580710549e+06 -1.328465108326781774e-01
5.790100000000000000e+04 6.246000000000000000e+03 9.096968256648369788e+01 5.231067251951104424e+01 4.029175446964658797e+06 -9.857710163282717986e-02
5.790100000000000000e+04 6.256000000000000000e+03 8.461172353940727930e+01 4.490405620083229365e+01 4.029167773612414487e+06 -5.901302723850676557e-02
5.790100000000000000e+04 6.266000000000000000e+03 7.224802078933359439e+01 3.828144385585915188e+01 4.029160095446086489e+06 -2.990386772637521062e-02
5.790100000000000000e+04 6.276000000000000000e+03 9.496544500051771820e+01 5.410938785025042108e+01 4.029152477373220026e+06 5.179981842491088173e-02
5.790100000000000000e+04 6.286000000000000000e+03 7.560127283305271817e+01 4.566210017088409501e+01 4.029144861934899818e+06 1.265879079836622623e-01
5.790100000000000000e+04 6.296000000000000000e+03 7.432049991820665014e+01 4.705302718305078713e+01 4.029137221984682605e+06 1.650629521617474893e-01
5.790100000000000000e+04 6.306000000000000000e+03 5.842256249604875507e+01 3.961877371139231485e+01 4.029129552520735655e+06 1.597656297208231990e-01
5.790100000000000000e+04 6.316000000000000000e+03 7.234329200235909241e+01 3.884864035050000552e+01 4.029122000121188350e+06 2.546034010009634585e-01
5.790100000000000000e+04 6.326000000000000000e+03 4.230848870563114872e+01 2.589317861065418214e+01 4.029114315500549972e+06 1.974002411035371551e-01
5.790100000000000000e+04 6.336000000000000000e+03 5.463352571401746616e+01 3.545941953636269517e+01 4.029106758024326060e+06 2.444045622578414623e-01
5.790100000000000000e+04 6.346000000000000000e+03 5.415287984760870899e+01 3.815201850231697733e+01 4.029099210780328140e+06 2.753538336704650646e-01
5.790100000000000000e+04 6.356000000000000000e+03 4.907353328833599448e+01 3.140147152673798914e+01 4.029091611837078817e+06 2.247262966512835192e-01
5.790100000000000000e+04 6.366000000000000000e+03 5.594670638013553088e+01 3.302334106930198487e+01 4.029084126711219084e+06 2.542016802824491606e-01
5.790100000000000000e+04 6.376000000000000000e+03 5.289379575491305729e+01 3.338193751839012435e+01 4.029076642043048982e+06 2.463300527355158920e-01
5.790100000000000000e+04 6.386000000000000000e+03 5.582247964807449847e+01 3.448739033802689136e+01 4.029068913193667307e+06 -4.787773148109408794e-02
5.790100000000000000e+04 6.396000000000000000e+03 4.333391846234418665e+01 2.461573893986344075e+01 4.029061287629188970e+06 -2.855725038657510595e-01
5.790100000000000000e+04 6.406000000000000000e+03 4.225629223736002871e+01 2.569909812402337579e+01 4.029053760620698798e+06 -4.763735175652072940e-01
5.790100000000000000e+04 6.416000000000000000e+03 4.505165689125345807e+01 2.856609270247530219e+01 4.029046546418119222e+06 -4.112012731761751638e-01
