# Observation conducted on 2020.02.22 at T6 rev. 2 
# Base frequency: 8400.49 MHz
# Format: UTC Time     |    Signal-to-Noise     |      Spectral max      | Freq detection [Hz] |   Doppler noise [Hz]  |
# 
2020-02-22T01:54:15.000 3.432773490892784594e+02 5.725492480997747862e+02  4025122.509672280867 +1.0804202900555993e-01
2020-02-22T01:54:25.000 3.728732545746758547e+02 6.567220581605824918e+02  4025113.663679988123 +3.8652421131359915e-02
2020-02-22T01:54:35.000 3.836363147634881443e+02 7.405640091115084260e+02  4025104.825105300173 -1.2368198283184029e-02
2020-02-22T01:54:45.000 4.219390849042509331e+02 7.115276431717461492e+02  4025095.999852765817 -4.3286359003900543e-02
2020-02-22T01:54:55.000 3.667115598562377841e+02 7.212201660271339279e+02  4025087.194053146522 -5.1753581792013392e-02
2020-02-22T01:55:05.000 4.616210788127148703e+02 7.092664195483064304e+02  4025078.392624186352 -5.6258469008412249e-02
2020-02-22T01:55:15.000 4.216701804440032220e+02 7.498839840667362751e+02  4025069.603120625485 -5.2289549968350002e-02
2020-02-22T01:55:25.000 4.038983740164414939e+02 7.703157288503819018e+02  4025060.827639980707 -4.0442363309239227e-02
2020-02-22T01:55:35.000 3.188275381352370914e+02 7.179060942411998667e+02  4025052.063754726201 -2.5500141624888784e-02
2020-02-22T01:55:45.000 3.307901322013750018e+02 7.887016201404408093e+02  4025043.315782414284 -5.1765457809551663e-03
2020-02-22T01:55:55.000 4.030383835579328888e+02 7.122351060352699506e+02  4025034.581270200666 +1.6355997481127815e-02
2020-02-22T01:56:05.000 3.572364507201864399e+02 7.662542010923430098e+02  4025025.855656056199 +3.3114640916323879e-02
2020-02-22T01:56:15.000 4.310872521621248552e+02 7.802350779093584379e+02  4025017.139558494557 +4.4582988397905865e-02
2020-02-22T01:56:25.000 3.832719883080650334e+02 7.787022244977024457e+02  4025008.438400487881 +5.5322149497897037e-02
2020-02-22T01:56:35.000 3.479592629861385831e+02 7.357275150881476975e+02  4024999.747846651822 +6.0395055589424373e-02
2020-02-22T01:56:45.000 3.858801697251323048e+02 7.402316814183554925e+02  4024991.074008838274 +6.5559201298242442e-02
2020-02-22T01:56:55.000 3.871656013927672007e+02 6.736459562029466497e+02  4024982.409015099052 +6.2822740820138279e-02
2020-02-22T01:57:05.000 4.338594403769073438e+02 7.687960697999678814e+02  4024973.757905600592 +5.7327540981304992e-02
2020-02-22T01:57:15.000 3.746977238034441484e+02 7.208932408284256326e+02  4024965.110175685491 +3.8879384173583269e-02
2020-02-22T01:57:25.000 3.763954235147558620e+02 7.195813464678833498e+02  4024956.487487361766 +2.9646593178995317e-02
2020-02-22T01:57:35.000 3.633124954924714984e+02 7.481627328107545054e+02  4024947.875051131006 +1.5529001787058403e-02
2020-02-22T01:57:45.000 3.536235543874668679e+02 7.252639229086273644e+02  4024939.270022500772 -5.4583989136745004e-03
2020-02-22T01:57:55.000 3.554458034801252211e+02 7.603527655990346830e+02  4024930.679446005728 -2.5254298231857319e-02
2020-02-22T01:58:05.000 4.380879271228210996e+02 7.743384786739482024e+02  4024922.100719047245 -4.5300086020233721e-02
2020-02-22T01:58:15.000 4.711924487636919139e+02 7.328158462198216512e+02  4024913.532068537548 -6.6076073676526903e-02
2020-02-22T01:58:25.000 3.513346383530615640e+02 7.632512324577037361e+02  4024904.976938856766 -8.2726396612542885e-02
2020-02-22T01:58:35.000 3.108659117205788220e+02 7.119312625966558699e+02  4024896.440490875859 -8.8572851643675676e-02
2020-02-22T01:58:45.000 5.255659100260271543e+02 7.880357948427682686e+02  4024887.919585988857 -8.5143730444542598e-02
2020-02-22T01:58:55.000 4.157253823952927405e+02 7.064711129613933736e+02  4024879.402386451140 -8.2586335273049372e-02
2020-02-22T01:59:05.000 4.159943820492305804e+02 7.085390762386588221e+02  4024870.896412412636 -7.1622815069304124e-02
2020-02-22T01:59:15.000 3.298046953033958175e+02 7.234026414998558039e+02  4024862.405370285735 -4.6734654678061816e-02
2020-02-22T01:59:25.000 3.647962414823897461e+02 6.968605716392288514e+02  4024853.925456884783 -9.8713964241596841e-03
2020-02-22T01:59:35.000 4.011720855843204845e+02 6.373823379890534397e+02  4024845.461022902280 +4.5199971543866013e-02
2020-02-22T01:59:45.000 3.550121451082010253e+02 5.949525877707637846e+02  4024837.007598568220 +1.1590781676011375e-01
2020-02-22T01:59:55.000 3.373319144678603152e+02 4.737100741397976549e+02  4024828.565243022982 +2.0421237182642929e-01
2020-02-22T02:00:05.000 2.979641888269827632e+02 4.295014775673237750e+02  4024820.145237060729 +3.2328561499832631e-01
2020-02-22T02:00:15.000 2.402837715597598276e+02 3.746738671208181017e+02  4024811.487148751039 +2.1456403569470697e-01
2020-02-22T02:00:25.000 2.051492015184189484e+02 2.773224826146686723e+02  4024802.859641676769 +1.4854400408728452e-01
2020-02-22T02:00:35.000 1.746403859510855909e+02 2.279371465301173600e+02  4024794.201686387882 +6.5980368254031418e-02
2020-02-22T02:00:45.000 1.497843763791301512e+02 1.735651817368308230e+02  4024785.165339569561 -3.7934723995203967e-01
2020-02-22T02:00:55.000 1.606778890343860269e+02 1.761898843870166047e+02  4024776.382992140949 -5.5339917059734489e-01
2020-02-22T02:01:05.000 1.533546524558014426e+02 1.301545225537162480e+02  4024768.330118867103 +2.0861000971194695e-02
2020-02-22T02:01:15.000 1.089730679982126134e+02 1.027983818392120412e+02  4024758.829991569743 -8.3183318314729604e-01
2020-02-22T02:01:25.000 1.161109902171049555e+02 9.226270533393363849e+01  4024751.316716276575 +3.2397322804376927e-01
2020-02-22T02:01:35.000 8.750753748608910598e+01 7.068548573872330110e+01  4024742.782442850992 +4.8165336194711017e-01
2020-02-22T02:01:45.000 9.146330180830231882e+01 7.011275009639638256e+01  4024732.330752999056 -1.2541263308246471e+00
2020-02-22T02:01:55.000 6.853768790723007953e+01 5.104572957213807882e+01  4024723.773804854602 -1.0702743565504989e+00
2020-02-22T02:02:05.000 6.964777281022973909e+01 4.908241332389387424e+01  4024717.062757531181 +9.8513751897462498e-01
2020-02-22T02:02:15.000 5.665540009520403686e+01 4.473985837622937822e+01  4024708.736365796998 +1.4514560752143095e+00
2020-02-22T02:02:25.000 6.329643603182682909e+01 3.784377070895887130e+01  4024696.895511658397 -1.5700346350554355e+00
2020-02-22T02:02:35.000 4.227136370253145259e+01 2.948083447618600061e+01  4024687.525699294172 -2.0936312124933920e+00
2020-02-22T02:02:45.000 1.955149011596897424e+01 2.868209392478837927e+01  4024687.737474830355 +6.9911959979488074e+00
2020-02-22T02:02:55.000 1.039042350358260869e+01 2.846966461740453624e+01  4024669.623913934454 -2.2227223570093884e+00
2020-02-22T02:03:05.000 1.020861786396987192e+01 2.444905283601118740e+01  4024662.173511500936 -7.4737781570524930e-01
2020-02-22T02:03:15.000 5.711687773664332113e+00 2.332888076793521037e+01  4024650.977022304200 -2.9927563091273441e+00
2020-02-22T02:03:25.000 2.600730423531390301e+01 1.976403552357684390e+01  4024649.341131987981 +4.3468199643409662e+00
2020-02-22T02:03:35.000 5.031993956056115991e+00 1.890430601459729587e+01  4024633.477583242580 -2.5181941425080367e+00
2020-02-22T02:03:45.000 5.231599623095658735e+00 1.856747421570625534e+01  4024624.906270334497 -2.0694850585498443e+00
2020-02-22T02:03:55.000 5.665463379419396261e+00 1.486354860443480774e+01  4024625.067189826630 +7.1310573650728202e+00
2020-02-22T02:04:05.000 5.065599810073045717e+00 1.594693923669525937e+01  4024616.296037168708 +7.4169235839553949e+00
