# Observation conducted on 2020.02.22 at Bd rev. 2 
# Base frequency: 0.00 MHz dF: 0.2 Hz dT: 0.00025 s 
# Format: Modified JD   |       Time(UTC) [s]    | Signal-to-Noise ratio  |      Spectral max      |  Freq. detection [Hz]  |  Doppler noise [Hz] 
# 
5.790100000000000000e+04 5.406000000000000000e+03 8.593484052513962013e+01 4.677094107973891823e+01 4.029829488451426383e+06 4.066503423018730246e-03
5.790100000000000000e+04 5.416000000000000000e+03 7.857838103603307900e+01 4.416850430088669555e+01 4.029821502298634965e+06 1.307940574179156101e-03
5.790100000000000000e+04 5.426000000000000000e+03 8.557256509696185276e+01 5.024810873878476514e+01 4.029813520468602888e+06 -5.073194403507841344e-03
5.790100000000000000e+04 5.436000000000000000e+03 1.010224582665069164e+02 5.403519296994795695e+01 4.029805554194979835e+06 -4.118935568612869247e-03
5.790100000000000000e+04 5.446000000000000000e+03 9.749118757355435605e+01 6.321413273933738708e+01 4.029797588655998930e+06 -1.089038077509485447e-02
5.790100000000000000e+04 5.456000000000000000e+03 1.118344255964266409e+02 5.793466109998600189e+01 4.029789656714363489e+06 7.269788489338679938e-03
5.790100000000000000e+04 5.466000000000000000e+03 8.972710577428132694e+01 5.230011409976618353e+01 4.029781717879761476e+06 9.697427821947712800e-03
5.790100000000000000e+04 5.476000000000000000e+03 6.701722202927845728e+01 4.465751949261549925e+01 4.029773785990185104e+06 1.008583978682509041e-02
5.790100000000000000e+04 5.486000000000000000e+03 8.168754112597231654e+01 5.117930539026258430e+01 4.029765849312323146e+06 -3.416228043988667196e-03
5.790100000000000000e+04 5.496000000000000000e+03 9.046426561882024941e+01 5.065396098473348019e+01 4.029757946057933848e+06 7.309383934625657275e-03
5.790100000000000000e+04 5.506000000000000000e+03 9.291683178415716782e+01 5.857194675192539535e+01 4.029750026043618564e+06 -7.992379813686056877e-03
5.790100000000000000e+04 5.516000000000000000e+03 8.698405917022616052e+01 5.335740294507206016e+01 4.029742132943475619e+06 -5.699534854556986829e-03
5.790100000000000000e+04 5.526000000000000000e+03 9.143215804591612539e+01 5.516591826619372085e+01 4.029734256286181975e+06 3.681619583403517026e-03
5.790100000000000000e+04 5.536000000000000000e+03 8.945897258693395315e+01 5.276325795036596844e+01 4.029726370621164795e+06 -5.319725774825201370e-03
5.790100000000000000e+04 5.546000000000000000e+03 7.947132610627464544e+01 4.544334556992745178e+01 4.029718505742209032e+06 -2.917687976150773466e-03
5.790100000000000000e+04 5.556000000000000000e+03 1.076628551353352776e+02 6.552898932047030200e+01 4.029710649257516954e+06 -1.502028596746640687e-03
5.790100000000000000e+04 5.566000000000000000e+03 1.045147163443219114e+02 5.369605412551248946e+01 4.029702800477166194e+06 -1.753101895360487106e-03
5.790100000000000000e+04 5.576000000000000000e+03 7.902002995073745240e+01 4.679823063091450308e+01 4.029694964137258008e+06 1.079894104350387352e-03
5.790100000000000000e+04 5.586000000000000000e+03 8.051907463456915082e+01 5.048165690950713724e+01 4.029687135420678183e+06 2.197276599531505781e-03
5.790100000000000000e+04 5.596000000000000000e+03 9.484788311947416162e+01 5.735611165713569193e+01 4.029679321489581373e+06 8.778963135455342126e-03
5.790100000000000000e+04 5.606000000000000000e+03 1.172413574016115234e+02 6.573088524250424314e+01 4.029671505798583850e+06 4.295258297702275740e-03
5.790100000000000000e+04 5.616000000000000000e+03 1.097898540248757371e+02 7.172176554643029078e+01 4.029663700907471124e+06 1.317164181273255963e-03
5.790100000000000000e+04 5.626000000000000000e+03 9.691742765012699579e+01 5.606671805203568226e+01 4.029655893403931521e+06 -1.356329016607560334e-02
5.790100000000000000e+04 5.636000000000000000e+03 1.238234816945741414e+02 7.320588462674109564e+01 4.029648124325633980e+06 6.866295740337591269e-04
5.790100000000000000e+04 5.646000000000000000e+03 8.611499915984182962e+01 4.867444679022331400e+01 4.029640353226993699e+06 3.604726844400829577e-03
5.790100000000000000e+04 5.656000000000000000e+03 1.015406060357981488e+02 6.430765394475842811e+01 4.029632579634952825e+06 -5.312749227982749289e-03
5.790100000000000000e+04 5.666000000000000000e+03 1.204537601120906771e+02 6.391740962934341752e+01 4.029624833989642560e+06 4.327161124138001469e-03
5.790100000000000000e+04 5.676000000000000000e+03 7.011939625267685017e+01 4.619966180812963330e+01 4.029617083933982067e+06 1.013217299714597175e-04
5.790100000000000000e+04 5.686000000000000000e+03 8.951754043180508802e+01 5.070674739760858074e+01 4.029609344476743601e+06 -3.068831432756269351e-03
5.790100000000000000e+04 5.696000000000000000e+03 8.111942712778309783e+01 4.110051529556321981e+01 4.029601611569028813e+06 -9.343220739879143366e-03
5.790100000000000000e+04 5.706000000000000000e+03 6.911299086600892849e+01 4.066069984540692417e+01 4.029593925548292231e+06 2.147850039409604506e-02
5.790100000000000000e+04 5.716000000000000000e+03 8.220228694607649800e+01 5.047999599838308882e+01 4.029586191623311490e+06 -5.560487566526717274e-03
