# Observation conducted on 2020.02.22 at T6 rev. 2 
# Base frequency: 0.00 MHz dF: 0.2 Hz dT: 0.00025 s 
# Format: Modified JD   |       Time(UTC) [s]    | Signal-to-Noise ratio  |      Spectral max      |  Freq. detection [Hz]  |  Doppler noise [Hz] 
# 
5.890100000000000000e+04 5.735000000000000000e+03 3.742145136991461527e+02 7.707087307157536316e+02 4.026134398700871505e+06 1.396602709029366451e-01
5.890100000000000000e+04 5.745000000000000000e+03 3.242858070505986916e+02 7.875930928677287284e+02 4.026124965954506770e+06 3.507476285449229181e-02
5.890100000000000000e+04 5.755000000000000000e+03 3.677573107244272705e+02 8.526500058122093151e+02 4.026115556212831289e+06 -2.546117516601498210e-02
5.890100000000000000e+04 5.765000000000000000e+03 3.289316163008664944e+02 9.378723416690164640e+02 4.026106150397992227e+06 -6.687887095677069738e-02
5.890100000000000000e+04 5.775000000000000000e+03 3.499748669130842700e+02 8.872170787763490125e+02 4.026096755174255464e+06 -8.779770134958653216e-02
5.890100000000000000e+04 5.785000000000000000e+03 3.593845895801492816e+02 7.700371417453426375e+02 4.026087371863360517e+06 -9.163208595521155075e-02
5.890100000000000000e+04 5.795000000000000000e+03 3.381059891692793826e+02 8.426899619246905786e+02 4.026077999921806622e+06 -8.313654950984528114e-02
5.890100000000000000e+04 5.805000000000000000e+03 4.103082560754034489e+02 8.842238437579607080e+02 4.026068638741356786e+06 -6.662756966579763684e-02
5.890100000000000000e+04 5.815000000000000000e+03 3.850830403797901909e+02 7.908859083018561478e+02 4.026059288781645242e+06 -4.487331827272100782e-02
5.890100000000000000e+04 5.825000000000000000e+03 4.626102424018749844e+02 8.977470198530954804e+02 4.026049951208144426e+06 -1.947804333849489922e-02
5.890100000000000000e+04 5.835000000000000000e+03 3.469039476402763285e+02 8.619779382207340177e+02 4.026040625489648432e+06 6.693065209788073844e-03
5.890100000000000000e+04 5.845000000000000000e+03 4.309331675825124535e+02 9.127136718405788542e+02 4.026031309837731533e+06 2.993098242541236687e-02
5.890100000000000000e+04 5.855000000000000000e+03 4.228747685074628748e+02 8.564608142866069329e+02 4.026022009947903920e+06 5.440165572497335233e-02
5.890100000000000000e+04 5.865000000000000000e+03 3.471723726634457421e+02 8.425323912864981821e+02 4.026012717852740549e+06 7.097678381683181215e-02
5.890100000000000000e+04 5.875000000000000000e+03 4.050608532320176209e+02 9.107014395580208657e+02 4.026003432632899377e+06 7.792248647604083089e-02
5.890100000000000000e+04 5.885000000000000000e+03 3.556804208917475307e+02 8.989313442503403166e+02 4.025994169185386039e+06 8.964521806649372593e-02
5.890100000000000000e+04 5.895000000000000000e+03 4.011270834924779933e+02 8.423003053642186160e+02 4.025984906569748651e+06 8.501561233572374476e-02
5.890100000000000000e+04 5.905000000000000000e+03 4.055469865105374652e+02 8.470039100937646026e+02 4.025975662182339933e+06 8.152039784363296349e-02
5.890100000000000000e+04 5.915000000000000000e+03 3.783785702110021134e+02 8.341362135474727211e+02 4.025966421931666322e+06 6.541539337592894299e-02
5.890100000000000000e+04 5.925000000000000000e+03 4.340441489304726019e+02 8.682173823618828692e+02 4.025957202576361597e+06 5.404113544443589490e-02
5.890100000000000000e+04 5.935000000000000000e+03 4.105100231630229928e+02 8.702797738327459456e+02 4.025947991544930730e+06 3.562027065140682680e-02
5.890100000000000000e+04 5.945000000000000000e+03 4.242722842662215044e+02 8.267894996116091306e+02 4.025938788273045328e+06 1.057250256769748376e-02
5.890100000000000000e+04 5.955000000000000000e+03 4.129010380741542576e+02 8.467065294639633066e+02 4.025929597675606608e+06 -1.503569661849724071e-02
5.890100000000000000e+04 5.965000000000000000e+03 3.842875322398116964e+02 8.972910328889005314e+02 4.025920419637058862e+06 -4.002312095769866573e-02
5.890100000000000000e+04 5.975000000000000000e+03 4.368076915241772440e+02 8.505907861465958604e+02 4.025911257008374669e+06 -6.011919374816443451e-02
5.890100000000000000e+04 5.985000000000000000e+03 4.453479625885141786e+02 9.417244812368179510e+02 4.025902097616897430e+06 -8.597647870317359775e-02
5.890100000000000000e+04 5.995000000000000000e+03 4.479991597515124226e+02 8.816552278784619148e+02 4.025892957211294677e+06 -1.002480713779050348e-01
5.890100000000000000e+04 6.005000000000000000e+03 4.353875934573040354e+02 8.362361107024435114e+02 4.025883820601931307e+06 -1.164695788987728520e-01
5.890100000000000000e+04 6.015000000000000000e+03 3.569091316844264838e+02 8.479439273497649765e+02 4.025874699602892157e+06 -1.211394467633226668e-01
5.890100000000000000e+04 6.025000000000000000e+03 3.735274870772773284e+02 8.718207303790683227e+02 4.025865593863541726e+06 -1.129097467807014255e-01
5.890100000000000000e+04 6.035000000000000000e+03 4.620024145243164071e+02 8.538911949630258960e+02 4.025856495768864173e+06 -9.770818854792651109e-02
5.890100000000000000e+04 6.045000000000000000e+03 4.094881934809418453e+02 8.635304911489547521e+02 4.025847408650519326e+06 -7.054941240357948118e-02
5.890100000000000000e+04 6.055000000000000000e+03 3.093141846215155510e+02 8.577942661897046719e+02 4.025838335216442123e+06 -2.712773958228353877e-02
5.890100000000000000e+04 6.065000000000000000e+03 4.130028064989229506e+02 8.656629186461195786e+02 4.025829276212986093e+06 3.482262203090158437e-02
5.890100000000000000e+04 6.075000000000000000e+03 4.395787321379818309e+02 7.423976293460037823e+02 4.025820218439420685e+06 1.035197243638776854e-01
5.890100000000000000e+04 6.085000000000000000e+03 3.044846639346239385e+02 6.567095223573498970e+02 4.025811185228011571e+06 2.035916104905481916e-01
5.890100000000000000e+04 6.095000000000000000e+03 2.695593238859615326e+02 5.520740939348323764e+02 4.025802161539673340e+06 3.211496188203000202e-01
5.890100000000000000e+04 6.105000000000000000e+03 3.520978878676158388e+02 5.556089975670867034e+02 4.025793051108750980e+06 3.609108150286601813e-01
5.890100000000000000e+04 6.115000000000000000e+03 2.178729316736989574e+02 4.172620786493811238e+02 4.025783786917033605e+06 2.566496519232259743e-01
5.890100000000000000e+04 6.125000000000000000e+03 1.985873329213538909e+02 3.555634462007702155e+02 4.025774528209087439e+06 1.681909581988065838e-01
5.890100000000000000e+04 6.135000000000000000e+03 1.765151481557556110e+02 2.875259181084842908e+02 4.025765075987726450e+06 -1.031169419750312954e-01
5.890100000000000000e+04 6.145000000000000000e+03 1.728276740001818439e+02 2.578963335321695922e+02 4.025756133707541972e+06 1.462689478466927540e-01
5.890100000000000000e+04 6.155000000000000000e+03 1.924466564449904240e+02 2.243501265497027646e+02 4.025746406570238061e+06 -3.786407127551001395e-01
5.890100000000000000e+04 6.165000000000000000e+03 1.744511481112438105e+02 1.750254062263059609e+02 4.025737072628398892e+06 -5.002861883976947865e-01
5.890100000000000000e+04 6.175000000000000000e+03 1.416592277288129651e+02 1.487896371308271455e+02 4.025728576481306460e+06 2.251148049838320730e-01
5.890100000000000000e+04 6.185000000000000000e+03 1.355157510818208948e+02 1.318052964679121999e+02 4.025718434889634140e+06 -6.868405599391280703e-01
5.890100000000000000e+04 6.195000000000000000e+03 1.309484610516568637e+02 1.198390929108188772e+02 4.025709089507339522e+06 -7.960306772195053782e-01
5.890100000000000000e+04 6.205000000000000000e+03 1.206556837733043182e+02 9.947496848407773484e+01 4.025699691500645131e+06 -9.532128740213465790e-01
5.890100000000000000e+04 6.215000000000000000e+03 9.672119846435710144e+01 8.296951708377302737e+01 4.025691945696027949e+06 5.441022242696362810e-01
5.890100000000000000e+04 6.225000000000000000e+03 7.451314441226820406e+01 6.746165753162242140e+01 4.025682856729243416e+06 6.977773734333823086e-01
5.890100000000000000e+04 6.235000000000000000e+03 6.825491567454021435e+01 6.458788349644993332e+01 4.025676023034030106e+06 3.103015060858297147e+00
5.890100000000000000e+04 6.245000000000000000e+03 6.533126163914974427e+01 5.796298204934155507e+01 4.025662144659776241e+06 -1.543847173748645218e+00
5.890100000000000000e+04 6.255000000000000000e+03 7.905272705342827066e+01 5.891106057055817047e+01 4.025652694851246197e+06 -1.773779362108825808e+00
5.890100000000000000e+04 6.265000000000000000e+03 6.177922393056925898e+01 5.470959978576922822e+01 4.025643438851222862e+06 -1.826278817358343076e+00
5.890100000000000000e+04 6.275000000000000000e+03 5.769050915616483621e+01 4.196046496869102072e+01 4.025640591277476400e+06 4.507984487062913104e+00
5.890100000000000000e+04 6.285000000000000000e+03 4.634674061775858434e+01 3.809876744761859158e+01 4.025627964897876605e+06 1.035920681940069699e+00
5.890100000000000000e+04 6.295000000000000000e+03 1.885090468281159559e+01 3.533447065568945078e+01 4.025615336523062550e+06 -2.472109681041501972e+00
5.890100000000000000e+04 6.305000000000000000e+03 8.369082111920720379e+00 3.525092323141205242e+01 4.025615434513541404e+06 6.705189121635157790e+00
5.890100000000000000e+04 6.315000000000000000e+03 6.188704752097515360e+00 2.981692065878895903e+01 4.025606933566424996e+06 7.234812371192901992e+00
5.890100000000000000e+04 6.325000000000000000e+03 5.706110348401978172e+00 2.724417995642734169e+01 4.025598057131661102e+06 7.331848791067614002e+00
5.890100000000000000e+04 6.335000000000000000e+03 6.474244107124748737e+00 3.004349948016702498e+01 4.025576398116406985e+06 -5.419837432659051046e+00
5.890100000000000000e+04 6.345000000000000000e+03 5.677590191676731735e+00 2.738534219069921960e+01 4.025567567822407465e+06 -5.418691620799791053e+00
5.890100000000000000e+04 6.355000000000000000e+03 4.608519923050830691e+00 2.234629388666959926e+01 4.025573518922994379e+06 9.277486047368938671e+00
5.890100000000000000e+04 6.365000000000000000e+03 4.192037612746591257e+00 2.143344692729780832e+01 4.025546303109211382e+06 -9.290835689309233203e+00
5.890100000000000000e+04 6.375000000000000000e+03 4.255987095048793023e+00 2.223866242442087682e+01 4.025557005266398191e+06 9.949235060882529069e+00
5.890100000000000000e+04 6.385000000000000000e+03 4.252569815655076191e+00 1.949401357175768368e+01 4.025536530125259422e+06 -2.110357939948244166e+00
5.890100000000000000e+04 6.395000000000000000e+03 3.288939864886502029e+00 1.646937123193535513e+01 4.025541179407242220e+06 1.081850397042148870e+01
5.890100000000000000e+04 6.405000000000000000e+03 3.184130148548196537e+00 1.518298806059414474e+01 4.025531985526795499e+06 9.753794262567453188e+00
5.890100000000000000e+04 6.415000000000000000e+03 3.232507949258426105e+00 1.570410386277552028e+01 4.025496634288815316e+06 -1.763398368639423097e+01
