# Observation conducted on 2020.02.22 at T6 rev. 2 
# Base frequency: 0.00 MHz dF: 0.2 Hz dT: 0.00025 s 
# Format: Modified JD   |       Time(UTC) [s]    | Signal-to-Noise ratio  |      Spectral max      |  Freq. detection [Hz]  |  Doppler noise [Hz] 
# 
5.890100000000000000e+04 6.855000000000000000e+03 3.432773490892784594e+02 5.725492480997747862e+02 4.025122509672280867e+06 1.080420290055599253e-01
5.890100000000000000e+04 6.865000000000000000e+03 3.728732545746758547e+02 6.567220581605824918e+02 4.025113663679988123e+06 3.865242113135991531e-02
5.890100000000000000e+04 6.875000000000000000e+03 3.836363147634882012e+02 7.405640091115084260e+02 4.025104825105299708e+06 -1.236819828318402870e-02
5.890100000000000000e+04 6.885000000000000000e+03 4.219390849042509331e+02 7.115276431717461492e+02 4.025095999852765352e+06 -4.328635900390054303e-02
5.890100000000000000e+04 6.895000000000000000e+03 3.667115598562377272e+02 7.212201660271339279e+02 4.025087194053146522e+06 -5.175358179201339226e-02
5.890100000000000000e+04 6.905000000000000000e+03 4.616210788127148703e+02 7.092664195483064304e+02 4.025078392624186352e+06 -5.625846900841224851e-02
5.890100000000000000e+04 6.915000000000000000e+03 4.216701804440032220e+02 7.498839840667363887e+02 4.025069603120625485e+06 -5.228954996835000202e-02
5.890100000000000000e+04 6.925000000000000000e+03 4.038983740164414939e+02 7.703157288503819018e+02 4.025060827639981173e+06 -4.044236330923922651e-02
5.890100000000000000e+04 6.935000000000000000e+03 3.188275381352370914e+02 7.179060942411998667e+02 4.025052063754726667e+06 -2.550014162488878355e-02
5.890100000000000000e+04 6.945000000000000000e+03 3.307901322013750018e+02 7.887016201404408093e+02 4.025043315782414284e+06 -5.176545780955166265e-03
5.890100000000000000e+04 6.955000000000000000e+03 4.030383835579328888e+02 7.122351060352699506e+02 4.025034581270201132e+06 1.635599748112781526e-02
5.890100000000000000e+04 6.965000000000000000e+03 3.572364507201864399e+02 7.662542010923431235e+02 4.025025855656056199e+06 3.311464091632387863e-02
5.890100000000000000e+04 6.975000000000000000e+03 4.310872521621248552e+02 7.802350779093583242e+02 4.025017139558494557e+06 4.458298839790586499e-02
5.890100000000000000e+04 6.985000000000000000e+03 3.832719883080650334e+02 7.787022244977024457e+02 4.025008438400488347e+06 5.532214949789704406e-02
5.890100000000000000e+04 6.995000000000000000e+03 3.479592629861385831e+02 7.357275150881476975e+02 4.024999747846652288e+06 6.039505558942437347e-02
5.890100000000000000e+04 7.005000000000000000e+03 3.858801697251323048e+02 7.402316814183554925e+02 4.024991074008838274e+06 6.555920129824244214e-02
5.890100000000000000e+04 7.015000000000000000e+03 3.871656013927672007e+02 6.736459562029466497e+02 4.024982409015099052e+06 6.282274082013827865e-02
5.890100000000000000e+04 7.025000000000000000e+03 4.338594403769074006e+02 7.687960697999678814e+02 4.024973757905600592e+06 5.732754098130499187e-02
5.890100000000000000e+04 7.035000000000000000e+03 3.746977238034442053e+02 7.208932408284256326e+02 4.024965110175685491e+06 3.887938417358327570e-02
5.890100000000000000e+04 7.045000000000000000e+03 3.763954235147558052e+02 7.195813464678833498e+02 4.024956487487361766e+06 2.964659317899531743e-02
5.890100000000000000e+04 7.055000000000000000e+03 3.633124954924715553e+02 7.481627328107545054e+02 4.024947875051131006e+06 1.552900178705840517e-02
5.890100000000000000e+04 7.065000000000000000e+03 3.536235543874668679e+02 7.252639229086273644e+02 4.024939270022501238e+06 -5.458398913674500363e-03
5.890100000000000000e+04 7.075000000000000000e+03 3.554458034801252211e+02 7.603527655990346830e+02 4.024930679446005728e+06 -2.525429823185731948e-02
5.890100000000000000e+04 7.085000000000000000e+03 4.380879271228211564e+02 7.743384786739480887e+02 4.024922100719047245e+06 -4.530008602023372077e-02
5.890100000000000000e+04 7.095000000000000000e+03 4.711924487636919139e+02 7.328158462198215375e+02 4.024913532068538014e+06 -6.607607367652690300e-02
5.890100000000000000e+04 7.105000000000000000e+03 3.513346383530615640e+02 7.632512324577037361e+02 4.024904976938856766e+06 -8.272639661254288512e-02
5.890100000000000000e+04 7.115000000000000000e+03 3.108659117205788220e+02 7.119312625966558699e+02 4.024896440490876324e+06 -8.857285164367567631e-02
5.890100000000000000e+04 7.125000000000000000e+03 5.255659100260271543e+02 7.880357948427683823e+02 4.024887919585988857e+06 -8.514373044454259798e-02
5.890100000000000000e+04 7.135000000000000000e+03 4.157253823952927405e+02 7.064711129613933736e+02 4.024879402386451140e+06 -8.258633527304937161e-02
5.890100000000000000e+04 7.145000000000000000e+03 4.159943820492305804e+02 7.085390762386588221e+02 4.024870896412413102e+06 -7.162281506930412434e-02
5.890100000000000000e+04 7.155000000000000000e+03 3.298046953033958175e+02 7.234026414998559176e+02 4.024862405370285735e+06 -4.673465467806181550e-02
5.890100000000000000e+04 7.165000000000000000e+03 3.647962414823898030e+02 6.968605716392288514e+02 4.024853925456884783e+06 -9.871396424159684102e-03
5.890100000000000000e+04 7.175000000000000000e+03 4.011720855843204845e+02 6.373823379890534397e+02 4.024845461022902280e+06 4.519997154386601323e-02
5.890100000000000000e+04 7.185000000000000000e+03 3.550121451082010253e+02 5.949525877707637846e+02 4.024837007598568220e+06 1.159078167601137466e-01
5.890100000000000000e+04 7.195000000000000000e+03 3.373319144678603152e+02 4.737100741397976549e+02 4.024828565243023448e+06 2.042123718264292620e-01
5.890100000000000000e+04 7.205000000000000000e+03 2.979641888269827632e+02 4.295014775673237750e+02 4.024820145237060729e+06 3.232856149983263094e-01
5.890100000000000000e+04 7.215000000000000000e+03 2.402837715597598276e+02 3.746738671208181017e+02 4.024811487148751505e+06 2.145640356947069449e-01
5.890100000000000000e+04 7.225000000000000000e+03 2.051492015184189484e+02 2.773224826146686723e+02 4.024802859641677234e+06 1.485440040872845202e-01
5.890100000000000000e+04 7.235000000000000000e+03 1.746403859510856194e+02 2.279371465301173885e+02 4.024794201686388347e+06 6.598036825403141847e-02
5.890100000000000000e+04 7.245000000000000000e+03 1.497843763791301512e+02 1.735651817368308230e+02 4.024785165339570027e+06 -3.793472399520396721e-01
5.890100000000000000e+04 7.255000000000000000e+03 1.606778890343860269e+02 1.761898843870166047e+02 4.024776382992140949e+06 -5.533991705973448916e-01
5.890100000000000000e+04 7.265000000000000000e+03 1.533546524558014426e+02 1.301545225537162480e+02 4.024768330118867103e+06 2.086100097119469865e-02
5.890100000000000000e+04 7.275000000000000000e+03 1.089730679982126276e+02 1.027983818392120412e+02 4.024758829991569743e+06 -8.318331831472960403e-01
5.890100000000000000e+04 7.285000000000000000e+03 1.161109902171049697e+02 9.226270533393362427e+01 4.024751316716276575e+06 3.239732280437692680e-01
5.890100000000000000e+04 7.295000000000000000e+03 8.750753748608910598e+01 7.068548573872330110e+01 4.024742782442850992e+06 4.816533619471101701e-01
5.890100000000000000e+04 7.305000000000000000e+03 9.146330180830233303e+01 7.011275009639638256e+01 4.024732330752999056e+06 -1.254126330824647084e+00
5.890100000000000000e+04 7.315000000000000000e+03 6.853768790723007953e+01 5.104572957213807882e+01 4.024723773804854136e+06 -1.070274356550498851e+00
5.890100000000000000e+04 7.325000000000000000e+03 6.964777281022973909e+01 4.908241332389387424e+01 4.024717062757531181e+06 9.851375189746249816e-01
5.890100000000000000e+04 7.335000000000000000e+03 5.665540009520404396e+01 4.473985837622937822e+01 4.024708736365796998e+06 1.451456075214309749e+00
5.890100000000000000e+04 7.345000000000000000e+03 6.329643603182683620e+01 3.784377070895887130e+01 4.024696895511658397e+06 -1.570034635055435501e+00
5.890100000000000000e+04 7.355000000000000000e+03 4.227136370253145969e+01 2.948083447618600061e+01 4.024687525699294172e+06 -2.093631212493392013e+00
5.890100000000000000e+04 7.365000000000000000e+03 1.955149011596897779e+01 2.868209392478837927e+01 4.024687737474830355e+06 6.991195997948807417e+00
5.890100000000000000e+04 7.375000000000000000e+03 1.039042350358260869e+01 2.846966461740453624e+01 4.024669623913934454e+06 -2.222722357009388361e+00
5.890100000000000000e+04 7.385000000000000000e+03 1.020861786396987192e+01 2.444905283601118740e+01 4.024662173511500470e+06 -7.473778157052493043e-01
5.890100000000000000e+04 7.395000000000000000e+03 5.711687773664332113e+00 2.332888076793521392e+01 4.024650977022304200e+06 -2.992756309127344139e+00
5.890100000000000000e+04 7.405000000000000000e+03 2.600730423531390656e+01 1.976403552357684390e+01 4.024649341131987981e+06 4.346819964340966180e+00
5.890100000000000000e+04 7.415000000000000000e+03 5.031993956056115991e+00 1.890430601459729587e+01 4.024633477583242115e+06 -2.518194142508036748e+00
5.890100000000000000e+04 7.425000000000000000e+03 5.231599623095658735e+00 1.856747421570625889e+01 4.024624906270334031e+06 -2.069485058549844325e+00
5.890100000000000000e+04 7.435000000000000000e+03 5.665463379419396261e+00 1.486354860443480774e+01 4.024625067189826164e+06 7.131057365072820176e+00
5.890100000000000000e+04 7.445000000000000000e+03 5.065599810073045717e+00 1.594693923669525937e+01 4.024616296037169173e+06 7.416923583955394861e+00
