# Observation conducted on 2020.02.22 at Hh rev. 2 
# Base frequency: 0.00 MHz dF: 0.2 Hz dT: 0.00025 s 
# Format: Modified JD   |       Time(UTC) [s]    | Signal-to-Noise ratio  |      Spectral max      |  Freq. detection [Hz]  |  Doppler noise [Hz] 
# 
5.890100000000000000e+04 6.855000000000000000e+03 6.016451580098453888e+01 3.556656821998552687e+01 4.039591478099831380e+06 3.190882227047836750e+00
5.890100000000000000e+04 6.865000000000000000e+03 4.931188376210197788e+01 3.238639726239765793e+01 4.039586165485098958e+06 1.243131358843356793e+00
5.890100000000000000e+04 6.875000000000000000e+03 5.562222126741355765e+01 3.600859201816049193e+01 4.039580810890079942e+06 -1.329077469447383919e-01
5.890100000000000000e+04 6.885000000000000000e+03 8.073380709267109978e+01 5.502044078725869980e+01 4.039575485940405633e+06 -9.777630721915784306e-01
5.890100000000000000e+04 6.895000000000000000e+03 5.951312445984078892e+01 3.280127669003469748e+01 4.039570178311316296e+06 -1.404664131932008786e+00
5.890100000000000000e+04 6.905000000000000000e+03 5.758926984738081245e+01 3.232211937154001191e+01 4.039564844075728673e+06 -1.547669674837266029e+00
5.890100000000000000e+04 6.915000000000000000e+03 8.489667754002337574e+01 4.842816786002919116e+01 4.039559535037911031e+06 -1.434809776071347187e+00
5.890100000000000000e+04 6.925000000000000000e+03 8.413746427697195429e+01 4.754123036171041150e+01 4.039554213258285075e+06 -1.174036805007972362e+00
5.890100000000000000e+04 6.935000000000000000e+03 6.659312420640645769e+01 4.161072230270886507e+01 4.039548909925119486e+06 -7.948294995381957051e-01
5.890100000000000000e+04 6.945000000000000000e+03 6.244481773039027672e+01 3.882435779132600828e+01 4.039543607687050477e+06 -3.663362151089586405e-01
5.890100000000000000e+04 6.955000000000000000e+03 9.084329993976498940e+01 5.482114124563319280e+01 4.039538317116699647e+06 7.861292689813126344e-02
5.890100000000000000e+04 6.965000000000000000e+03 6.692379051437238502e+01 3.671942532845285712e+01 4.039533019648724701e+06 4.859683194625858960e-01
5.890100000000000000e+04 6.975000000000000000e+03 7.581867041327653567e+01 4.818324755274466753e+01 4.039527745310101192e+06 8.577153832191015681e-01
5.890100000000000000e+04 6.985000000000000000e+03 6.741584566117063559e+01 4.387558693382290187e+01 4.039522463208211586e+06 1.141886887887380908e+00
5.890100000000000000e+04 6.995000000000000000e+03 8.518685456514580778e+01 4.900064898020975335e+01 4.039517171376434620e+06 1.321932774906031227e+00
5.890100000000000000e+04 7.005000000000000000e+03 8.365693334716357299e+01 5.302839715002510701e+01 4.039511897411004175e+06 1.416881242378281058e+00
5.890100000000000000e+04 7.015000000000000000e+03 8.138944116979065768e+01 4.469976765364409488e+01 4.039506631538353395e+06 1.413930327360958472e+00
5.890100000000000000e+04 7.025000000000000000e+03 7.194551628460789061e+01 4.772425453591618805e+01 4.039501367306588683e+06 1.308663606676987001e+00
5.890100000000000000e+04 7.035000000000000000e+03 5.260412788189357514e+01 3.296256185462051747e+01 4.039496103990872391e+06 1.106979812273948482e+00
5.890100000000000000e+04 7.045000000000000000e+03 5.359101942871520663e+01 3.458346531844880190e+01 4.039490845684439410e+06 8.237080807089114387e-01
5.890100000000000000e+04 7.055000000000000000e+03 5.496805446777808868e+01 3.572790428587286726e+01 4.039485593145470601e+06 4.739790576096538643e-01
5.890100000000000000e+04 7.065000000000000000e+03 7.424980170835624449e+01 4.494485575942044875e+01 4.039480341955491342e+06 7.090752571104985691e-02
5.890100000000000000e+04 7.075000000000000000e+03 6.839951057420029201e+01 4.234966318362504012e+01 4.039475115872938652e+06 -3.415297942030974809e-01
5.890100000000000000e+04 7.085000000000000000e+03 7.544922709000499594e+01 5.060406732615436454e+01 4.039469878393085673e+06 -7.774100869906988009e-01
5.890100000000000000e+04 7.095000000000000000e+03 6.999176066500992022e+01 4.254451889124188568e+01 4.039464652267838828e+06 -1.189820416828297311e+00
5.890100000000000000e+04 7.105000000000000000e+03 5.805764309045508753e+01 3.508698526078929802e+01 4.039459425647535361e+06 -1.565191695959015306e+00
5.890100000000000000e+04 7.115000000000000000e+03 4.435921026794351008e+01 2.891504482956473865e+01 4.039454204032309353e+06 -1.871823088019141323e+00
5.890100000000000000e+04 7.125000000000000000e+03 5.458314670497048837e+01 3.715691632866300154e+01 4.039448988859964535e+06 -2.081769904909947400e+00
5.890100000000000000e+04 7.135000000000000000e+03 6.188215230676123468e+01 4.114879117200839431e+01 4.039443787035379559e+06 -2.161789965956131709e+00
5.890100000000000000e+04 7.145000000000000000e+03 6.228007094765870022e+01 4.181875702538003026e+01 4.039438568601316307e+06 -2.116148564457034809e+00
5.890100000000000000e+04 7.155000000000000000e+03 6.819907241030709599e+01 4.469416345939893631e+01 4.039433371482639574e+06 -1.882350009047399908e+00
5.890100000000000000e+04 7.165000000000000000e+03 5.267092086488485592e+01 3.298278321486468201e+01 4.039428162886703853e+06 -1.470213012511294437e+00
5.890100000000000000e+04 7.175000000000000000e+03 7.537535082422435551e+01 4.602737774378072544e+01 4.039422966038943734e+06 -8.356108635931605022e-01
5.890100000000000000e+04 7.185000000000000000e+03 6.660049678102451765e+01 3.954113912307479950e+01 4.039417792582757771e+06 5.145268266142011271e-02
5.890100000000000000e+04 7.195000000000000000e+03 4.033952368124682408e+01 2.749399717243568020e+01 4.039412588872434106e+06 1.152660566824465604e+00
5.890100000000000000e+04 7.205000000000000000e+03 4.425720753993382317e+01 2.547740306999735083e+01 4.039407421168374363e+06 2.546101877554406201e+00
5.890100000000000000e+04 7.215000000000000000e+03 4.508608582714258262e+01 2.637871926648566046e+01 4.039402020408971235e+06 3.970567962776726745e+00
5.890100000000000000e+04 7.225000000000000000e+03 2.983073534570888086e+01 1.817170667798637851e+01 4.039396474035462830e+06 5.516901514179380683e+00
5.890100000000000000e+04 7.235000000000000000e+03 2.282216561915297603e+01 1.373634085661773341e+01 4.039390940842960961e+06 7.342371825812961106e+00
5.890100000000000000e+04 7.245000000000000000e+03 1.759057860314007016e+01 1.219718386702109214e+01 4.039386150853867643e+06 1.017007244493629514e+01
5.890100000000000000e+04 7.255000000000000000e+03 1.404047756090192500e+01 8.629133561707858391e+00 4.039380864761846606e+06 1.274788937495213759e+01
5.890100000000000000e+04 7.265000000000000000e+03 1.737756523952475263e+01 1.148263233797741734e+01 4.039375596780058928e+06 1.557087353909605554e+01
5.890100000000000000e+04 7.275000000000000000e+03 1.517010839612609274e+01 9.826832328747899581e+00 4.039369559909677133e+06 1.782603352963997168e+01
5.890100000000000000e+04 7.285000000000000000e+03 1.179880697484979279e+01 8.534488424986610866e+00 4.039364068062525708e+06 2.079398247821848145e+01
5.890100000000000000e+04 7.295000000000000000e+03 1.039243106614576462e+01 7.935840712149559550e+00 4.039359966446020640e+06 2.527884722765520564e+01
5.890100000000000000e+04 7.305000000000000000e+03 1.151113396438326397e+01 7.639965955672360032e+00 4.039355136277475394e+06 2.911250686956464051e+01
5.890100000000000000e+04 7.315000000000000000e+03 7.909228346216428562e+00 6.176028929087336472e+00 4.039347703120773192e+06 3.036245364666592650e+01
5.890100000000000000e+04 7.325000000000000000e+03 1.041764989948648257e+01 6.573470115178096762e+00 4.039344126147946343e+06 3.542057876631702129e+01
5.890100000000000000e+04 7.335000000000000000e+03 9.732261187330301766e+00 6.922970860115516878e+00 4.039335104150460567e+06 3.490870791201905377e+01
5.890100000000000000e+04 7.345000000000000000e+03 7.487725771960564991e+00 5.602812559099310086e+00 4.038852635755038355e+06 -4.392616586958188236e+02
5.890100000000000000e+04 7.355000000000000000e+03 5.807776431739882561e+00 5.040313935218381225e+00 4.039285786693434231e+06 1.877447701929440882e+00
5.890100000000000000e+04 7.365000000000000000e+03 7.513032186924117894e+00 5.773691289837421969e+00 4.039769515831289347e+06 4.931760174913772516e+02
5.890100000000000000e+04 7.375000000000000000e+03 6.894666018302413768e+00 4.901025385565746184e+00 4.038414434175474569e+06 -8.548754057383423515e+02
5.890100000000000000e+04 7.385000000000000000e+03 6.100944353638683815e+00 4.990216868399799388e+00 4.039307290678167250e+06 4.433960310804582150e+01
5.890100000000000000e+04 7.395000000000000000e+03 6.241182324723825836e+00 5.047297894600776047e+00 4.038991612511263695e+06 -2.657968507169911163e+02
5.890100000000000000e+04 7.405000000000000000e+03 7.055238631953775652e+00 5.723042115488595982e+00 4.039301284642169252e+06 4.844211821182148014e+01
5.890100000000000000e+04 7.415000000000000000e+03 8.519157332601450250e+00 6.101724176489211615e+00 4.039293354931130540e+06 4.393279705992813433e+01
5.890100000000000000e+04 7.425000000000000000e+03 7.577579183448158062e+00 5.517963896626191911e+00 4.039794441159965936e+06 5.471074276944029862e+02
5.890100000000000000e+04 7.435000000000000000e+03 6.132954651705761151e+00 4.735481232064561397e+00 4.038746687333777547e+06 -5.000899673748755276e+02
5.890100000000000000e+04 7.445000000000000000e+03 8.176989760583674993e+00 6.703187979585678136e+00 4.039279814798025880e+06 3.184705631364681722e+01
