# Observation conducted on 2020.02.22 at Cd rev. 2 
# Base frequency: 0.00 MHz dF: 0.2 Hz dT: 0.00025 s 
# Format: Modified JD   |       Time(UTC) [s]    | Signal-to-Noise ratio  |      Spectral max      |  Freq. detection [Hz]  |  Doppler noise [Hz] 
# 
5.890100000000000000e+04 6.805000000000000000e+03 1.005854397959227668e+02 6.866973367153035213e+01 4.023287947857445106e+06 2.984586567788483080e-02
5.890100000000000000e+04 6.815000000000000000e+03 1.461493798023761599e+02 8.202619121265257718e+01 4.023280057775212452e+06 1.677152063916764746e-02
5.890100000000000000e+04 6.825000000000000000e+03 1.174105267055563502e+02 7.458533955483444799e+01 4.023272173138788436e+06 1.363570948115011561e-03
5.890100000000000000e+04 6.835000000000000000e+03 1.267754320026051289e+02 7.570011915576820627e+01 4.023264297540783416e+06 -1.344747926634681789e-02
5.890100000000000000e+04 6.845000000000000000e+03 1.434156248395883608e+02 7.732747155129428052e+01 4.023256442052301485e+06 -1.725681462994543836e-02
5.890100000000000000e+04 6.855000000000000000e+03 1.311461184342862225e+02 8.084106021100846817e+01 4.023248590326445643e+06 -2.707520859917167400e-02
5.890100000000000000e+04 6.865000000000000000e+03 9.829230643588434191e+01 6.990301009203308524e+01 4.023240763601354789e+06 -2.231938207614803105e-02
5.890100000000000000e+04 6.875000000000000000e+03 1.214505343032929972e+02 7.657478427882206518e+01 4.023232944942028727e+06 -2.056358317179274309e-02
5.890100000000000000e+04 6.885000000000000000e+03 1.319699797083690100e+02 7.789543733129207226e+01 4.023225136339999270e+06 -2.043330918115771055e-02
5.890100000000000000e+04 6.895000000000000000e+03 1.239888201521677900e+02 9.443242192422123082e+01 4.023217365483761299e+06 5.171716664449377276e-03
5.890100000000000000e+04 6.905000000000000000e+03 1.106479800510206104e+02 7.503180485275950673e+01 4.023209583997590933e+06 7.322969195456607849e-03
5.890100000000000000e+04 6.915000000000000000e+03 1.332769364198209416e+02 8.141405554006334455e+01 4.023201812076600734e+06 5.704775103708925599e-03
5.890100000000000000e+04 6.925000000000000000e+03 1.436564126060058015e+02 8.874500337691749507e+01 4.023194063894314691e+06 1.402848626617014816e-02
5.890100000000000000e+04 6.935000000000000000e+03 1.209471906884978125e+02 8.039815211288190255e+01 4.023186342647582758e+06 3.508399627560265799e-02
5.890100000000000000e+04 6.945000000000000000e+03 1.465670554446256517e+02 8.576654580100311875e+01 4.023178581171547063e+06 1.361306835406139726e-03
5.890100000000000000e+04 6.955000000000000000e+03 1.259260305402576563e+02 7.597604653396317076e+01 4.023170884702541400e+06 1.782002475613353454e-02
5.890100000000000000e+04 6.965000000000000000e+03 1.263993999005827078e+02 8.490762681068235906e+01 4.023163198379904497e+06 2.939777871222304384e-02
5.890100000000000000e+04 6.975000000000000000e+03 1.228767288141890930e+02 8.867873927107686427e+01 4.023155518686972558e+06 3.245780966528855060e-02
5.890100000000000000e+04 6.985000000000000000e+03 1.297394896382419347e+02 7.736425728049204054e+01 4.023147839405079372e+06 2.074957150966838526e-02
5.890100000000000000e+04 6.995000000000000000e+03 1.271191211489308301e+02 7.775218141334315192e+01 4.023140188987905160e+06 2.278967992344860249e-02
5.890100000000000000e+04 7.005000000000000000e+03 1.019637913049351567e+02 5.451022404487426343e+01 4.023132551322770305e+06 2.262980655996216228e-02
5.890100000000000000e+04 7.015000000000000000e+03 1.251788973085605932e+02 8.459103731362345968e+01 4.023124899316633120e+06 -6.550722606789349811e-03
5.890100000000000000e+04 7.025000000000000000e+03 1.335098750338736409e+02 8.009658533075014475e+01 4.023117288691823371e+06 -8.642595730634639040e-03
5.890100000000000000e+04 7.035000000000000000e+03 1.430030506235050041e+02 8.229902046600318499e+01 4.023109684047543444e+06 -1.853841243837450747e-02
5.890100000000000000e+04 7.045000000000000000e+03 1.137595349324028859e+02 6.922377906929887104e+01 4.023102087484154385e+06 -3.350179728420243919e-02
5.890100000000000000e+04 7.055000000000000000e+03 1.302975096384181199e+02 7.969685994809371721e+01 4.023094507756543811e+06 -4.400743213318492053e-02
5.890100000000000000e+04 7.065000000000000000e+03 1.236124629864640525e+02 8.511647516447823136e+01 4.023086939462310169e+06 -5.454627283097579493e-02
5.890100000000000000e+04 7.075000000000000000e+03 1.151165510737864111e+02 8.989722255216801727e+01 4.023079409047792666e+06 -3.761291786031506490e-02
5.890100000000000000e+04 7.085000000000000000e+03 1.316753061164296241e+02 9.145090379310596518e+01 4.023071860168949701e+06 -4.833813065988579183e-02
5.890100000000000000e+04 7.095000000000000000e+03 1.475678835369200783e+02 8.402791138477502386e+01 4.023064333087822888e+06 -4.508577542583225295e-02
5.890100000000000000e+04 7.105000000000000000e+03 1.038986546055418927e+02 7.636409797379467079e+01 4.023056827996057924e+06 -2.612269548581025447e-02
5.890100000000000000e+04 7.115000000000000000e+03 1.203072505534978092e+02 7.874738604526153551e+01 4.023049324208495673e+06 -1.041852378568819404e-02
5.890100000000000000e+04 7.125000000000000000e+03 1.122708477078786728e+02 7.130049055590515650e+01 4.023041832404891960e+06 1.460263913315884565e-02
5.890100000000000000e+04 7.135000000000000000e+03 1.324667313812834664e+02 8.275640007333603876e+01 4.023034369517766405e+06 6.795667222468182445e-02
5.890100000000000000e+04 7.145000000000000000e+03 1.370305535290750640e+02 8.673340786416991932e+01 4.023026925082774367e+06 1.414564072107395987e-01
5.890100000000000000e+04 7.155000000000000000e+03 1.316704149369835761e+02 7.680300950410804717e+01 4.023019403619999997e+06 1.420995209109605639e-01
5.890100000000000000e+04 7.165000000000000000e+03 1.224728183635945413e+02 7.457193087307925339e+01 4.023011745128596202e+06 1.256977489549626625e-02
5.890100000000000000e+04 7.175000000000000000e+03 9.495229685208227011e+01 5.342680513279549359e+01 4.023004067057330161e+06 -1.267858367634744354e-01
5.890100000000000000e+04 7.185000000000000000e+03 7.523591304462763674e+01 4.412506140475854721e+01 4.022996361803843640e+06 -2.804512302483317399e-01
5.890100000000000000e+04 7.195000000000000000e+03 6.528452664125916272e+01 3.493026669428257946e+01 4.022988892367718741e+06 -1.820815636860970699e-01
5.890100000000000000e+04 7.205000000000000000e+03 4.314640887573329309e+01 2.596757850818237046e+01 4.022981244272701908e+06 -2.425744154687663467e-01
5.890100000000000000e+04 7.215000000000000000e+03 3.564253239559886310e+01 2.232303885616279970e+01 4.022973969192227349e+06 9.356234366111948475e-02
5.890100000000000000e+04 7.225000000000000000e+03 4.169393527388244536e+01 2.371073717408259185e+01 4.022966513131482061e+06 2.763992100925634077e-01
5.890100000000000000e+04 7.235000000000000000e+03 2.727812708034201350e+01 1.625729618130385390e+01 4.022959075070335530e+06 5.092345805094282696e-01
5.890100000000000000e+04 7.245000000000000000e+03 2.352838828055073250e+01 1.510630687122719173e+01 4.022951635409295093e+06 7.770473066925660532e-01
5.890100000000000000e+04 7.255000000000000000e+03 1.842274853153943681e+01 1.331284509084874657e+01 4.022943175482265651e+06 6.601605557966649940e-02
5.890100000000000000e+04 7.265000000000000000e+03 3.085152374357416605e+01 1.677141844728969744e+01 4.022934559158014134e+06 -7.548726271738814830e-01
5.890100000000000000e+04 7.275000000000000000e+03 1.947759569944290803e+01 1.186330273919157108e+01 4.022926817033588421e+06 -6.496242975586028479e-01
5.890100000000000000e+04 7.285000000000000000e+03 1.414105681344571863e+01 9.703227681869661225e+00 4.022918806673792191e+06 -7.549905383368695766e-01
5.890100000000000000e+04 7.295000000000000000e+03 1.112053158247943330e+01 7.964744464396888546e+00 4.022910947124833707e+06 -6.459487095939948631e-01
5.890100000000000000e+04 7.305000000000000000e+03 1.269542863111329467e+01 7.148813862070881875e+00 4.022903186958450358e+06 -3.676512263302811334e-01
5.890100000000000000e+04 7.315000000000000000e+03 1.140476560143568108e+01 7.376756939872628038e+00 4.022897844843120314e+06 2.405152256772225883e+00
5.890100000000000000e+04 7.325000000000000000e+03 9.446163904452145488e+00 6.480709538195095654e+00 4.022887710044316016e+06 4.686216951934056851e-01
5.890100000000000000e+04 7.335000000000000000e+03 9.176112449210847899e+00 7.169111651453656364e+00 4.022879890881700907e+06 9.382904538440470787e-01
