# Observation conducted on 2023.04.17 at Hb rev. 2
# Base frequency: 8435.50 MHz dF: 0.2 Hz dT: 10.0 s Nscans: 1 
# Format: UTC Time     |    Signal-to-Noise     |      Spectral max      | Freq detection [Hz] |   Doppler noise [Hz]  |
# 
2023-04-17T11:41:54.000 2.218377720929814095e+05 6.043445827796111189e+03   474502.770820696431 -9.7334361385037482e-05
2023-04-17T11:42:04.000 2.082635826120039565e+05 5.995908145043614240e+03   474490.785505059583 -1.8025475277454461e-03
2023-04-17T11:42:14.000 2.344243240527112212e+05 5.966693631288088909e+03   474478.797094401089 -7.3966000445579994e-04
2023-04-17T11:42:24.000 2.473566594166675350e+05 5.946859233625314118e+03   474466.801091269997 -1.4129280592669602e-03
2023-04-17T11:42:34.000 2.629591721198692103e+05 5.982982556179911626e+03   474454.801340868871 +1.6057304947025841e-05
2023-04-17T11:42:44.000 2.409342489162096754e+05 5.962613165644851506e+03   474442.795506129507 +1.2034457091658624e-03
2023-04-17T11:42:54.000 2.139003214397500269e+05 5.920625910472179385e+03   474430.781834123365 +3.8953775879235764e-04
2023-04-17T11:43:04.000 2.561492937475949584e+05 5.978526711186828834e+03   474418.762941270077 +1.8399293344373291e-04
2023-04-17T11:43:14.000 2.292000025402639876e+05 5.992433613877904463e+03   474406.739498943323 +1.2514349832599692e-03
2023-04-17T11:43:24.000 2.384913786960782891e+05 5.963640823638460461e+03   474394.707965661248 +4.3642506511787360e-05
2023-04-17T11:43:34.000 2.537794146433530259e+05 5.953626485450497057e+03   474382.672433253552 +6.4571519089895446e-04
2023-04-17T11:43:44.000 2.398282308310966182e+05 5.934318789294013186e+03   474370.631197126524 +1.3463388171430779e-03
2023-04-17T11:43:54.000 2.206241335100208526e+05 5.905674586515161536e+03   474358.584151661606 +2.0331831972271175e-03
2023-04-17T11:44:04.000 2.183674360076315934e+05 5.924402461729306197e+03   474346.529096079175 +4.9876595198838913e-04
2023-04-17T11:44:14.000 2.627111167037318810e+05 5.933998227100898475e+03   474334.470116789103 +8.2280247829658038e-04
2023-04-17T11:44:24.000 2.508767292476164293e+05 5.903069989554884160e+03   474322.404236763483 +2.1578265545940667e-05
2023-04-17T11:44:34.000 2.192519821310418774e+05 5.906705593588478223e+03   474310.333898544253 +5.3095640157607704e-04
2023-04-17T11:44:44.000 2.418269221621732577e+05 5.950631725726216246e+03   474298.257970759296 +1.2128932635278034e-03
2023-04-17T11:44:54.000 2.505315080771740177e+05 5.897330011459431262e+03   474286.175113596488 +7.2091211120550724e-04
2023-04-17T11:45:04.000 1.974656540193695982e+05 5.806104816705661506e+03   474274.084197345015 -2.0813559558519046e-03
2023-04-17T11:45:14.000 2.383432241828824335e+05 5.825327483385559390e+03   474261.990744918759 -1.6776488391769817e-03
2023-04-17T11:45:24.000 2.319466858296337305e+05 5.854492386323877327e+03   474249.889610061247 -3.2208688819537201e-03
2023-04-17T11:45:34.000 2.230025397870684974e+05 5.829320817576402987e+03   474237.786995663133 -5.1476568989983207e-04
2023-04-17T11:45:44.000 2.497858630446791067e+05 5.876158002418786964e+03   474225.677060523012 +5.9282428367168905e-04
2023-04-17T11:45:54.000 2.090022783277344424e+05 5.873252056222122519e+03   474213.560428631492 +7.1926116538634233e-04
2023-04-17T11:46:04.000 2.264647650003707968e+05 5.868133918227001232e+03   474201.437890965026 +6.4889595046224713e-04
2023-04-17T11:46:14.000 1.980835322909464012e+05 5.862309573888451268e+03   474189.306331937201 -2.7404795698657836e-03
2023-04-17T11:46:24.000 2.497756838323568518e+05 5.858705090691752957e+03   474177.171752469556 -3.4545614503258548e-03
2023-04-17T11:46:34.000 2.380439952862464997e+05 5.830941148148642242e+03   474165.034980008204 -6.7251801397105737e-04
2023-04-17T11:46:44.000 2.209372861581938341e+05 5.862145293334134294e+03   474152.889433877834 -9.8163567690789932e-04
2023-04-17T11:46:54.000 2.422609194002574659e+05 5.891794105683025009e+03   474140.737351884891 -2.1507164517515776e-03
2023-04-17T11:47:04.000 2.315511684000873938e+05 5.868565648752663947e+03   474128.584696834907 +1.7764392742947166e-03
2023-04-17T11:47:14.000 2.555849467193104210e+05 5.912558643551379646e+03   474116.425299780036 +4.6242797113791312e-03
2023-04-17T11:47:24.000 2.302244720993702067e+05 5.901080521870419034e+03   474104.255507710157 +2.7331925899716225e-03
2023-04-17T11:47:34.000 2.076530804477135534e+05 5.841602542360295956e+03   474092.080231136293 +1.0070880210832911e-03
2023-04-17T11:47:44.000 2.291775203343481699e+05 5.834258536690229448e+03   474079.898891055782 -1.1396362746154409e-03
2023-04-17T11:47:54.000 2.150352993478866119e+05 5.869013557033245888e+03   474067.713123531954 -2.0775161615347315e-03
2023-04-17T11:48:04.000 2.432075658793732873e+05 5.947496149775220147e+03   474055.521637831174 -3.1038840068049467e-03
2023-04-17T11:48:14.000 2.207766960979244614e+05 5.886051047015603217e+03   474043.327625553531 -1.0337385717775760e-03
2023-04-17T11:48:24.000 2.153984335295110650e+05 5.866920258356974955e+03   474031.125649266585 -1.3111113773902616e-03
2023-04-17T11:48:34.000 2.463534427096135623e+05 5.901940660373125866e+03   474018.922321970342 +2.6703977956685776e-03
2023-04-17T11:48:44.000 2.158237635441920720e+05 5.923642243277397029e+03   474006.708925001323 +2.1855245190636197e-03
2023-04-17T11:48:54.000 2.069412029194310308e+05 5.874979982041995754e+03   473994.488192650431 -3.8042692267481470e-05
2023-04-17T11:49:04.000 2.172271488246382796e+05 5.915310915091975403e+03   473982.265148699051 +1.0168735882416513e-03
2023-04-17T11:49:14.000 2.244305928055717668e+05 5.934741550396320235e+03   473970.030908499961 -3.5409800821071258e-03
2023-04-17T11:49:24.000 2.395021762515891460e+05 5.930589815137445839e+03   473957.799150364415 -3.9901116224427824e-05
2023-04-17T11:49:34.000 2.492798228010868770e+05 5.931517846597976131e+03   473945.558877553092 +5.1675985389465495e-04
2023-04-17T11:49:44.000 2.105004606775469147e+05 5.939390305479047129e+03   473933.312116971239 +1.4929331041457772e-04
2023-04-17T11:49:54.000 2.570588255836142052e+05 5.915153330534307315e+03   473921.059338802414 -6.7873505088300590e-04
2023-04-17T11:50:04.000 2.527668931532498391e+05 5.881391247699358246e+03   473908.802217682241 -2.9931151073014917e-04
2023-04-17T11:50:14.000 2.372584494350228051e+05 5.890205761726764649e+03   473896.538641053252 -8.3161981160628784e-04
2023-04-17T11:50:24.000 2.094674461755667871e+05 5.929511377418331904e+03   473884.270876264258 -1.4941711242499878e-05
2023-04-17T11:50:34.000 2.364438208960781922e+05 5.954174863994619045e+03   473871.997324433061 +5.4520512901490292e-04
2023-04-17T11:50:44.000 2.206202274528082344e+05 5.983134459242571211e+03   473859.717239771679 +9.6391965712427918e-05
2023-04-17T11:50:54.000 2.453527116696467565e+05 5.993303280775991880e+03   473847.432240314549 +2.5000673588237987e-04
2023-04-17T11:51:04.000 2.168263775249628525e+05 5.982206782946028397e+03   473835.141955543833 +6.2887952526580193e-04
2023-04-17T11:51:14.000 2.386399967764607281e+05 5.983495293483314526e+03   473822.846786224167 +1.6271162585326238e-03
2023-04-17T11:51:24.000 2.369481785285177466e+05 5.937030056404993047e+03   473810.543105315126 -3.8898858360880695e-04
2023-04-17T11:51:34.000 2.423721617164016352e+05 5.948970651638213894e+03   473798.236469440337 +1.3051647090378538e-04
2023-04-17T11:51:44.000 1.957645680360398546e+05 5.992405604847316681e+03   473785.924646200612 +9.4655269344912085e-04
2023-04-17T11:51:54.000 2.258722957856605644e+05 6.037193982086704636e+03   473773.607143454719 +1.5602916496391117e-03
2023-04-17T11:52:04.000 2.226856291245298926e+05 6.084002148019439119e+03   473761.283785882697 +1.7897183392960869e-03
2023-04-17T11:52:14.000 2.516337517458206567e+05 6.045921847443541083e+03   473748.953779229952 +8.3387442532512068e-04
2023-04-17T11:52:24.000 2.499101253942122275e+05 6.006808292882878050e+03   473736.616847017780 -1.5904308507970200e-03
2023-04-17T11:52:34.000 2.510117191732857900e+05 6.008030948362404160e+03   473724.277665107453 -8.1405772573361901e-04
2023-04-17T11:52:44.000 2.478373191786432290e+05 5.974175059531978150e+03   473711.932517802634 -5.5943313759598823e-04
2023-04-17T11:52:54.000 2.360000348944659927e+05 6.016237541827716996e+03   473699.583542256034 +1.3038550313240194e-03
2023-04-17T11:53:04.000 2.295810448895585141e+05 5.994844522407331169e+03   473687.226292130246 +3.2271877034872887e-04
2023-04-17T11:53:14.000 2.843756103475400014e+05 6.017056252189145198e+03   473674.864877302607 +6.0027435608844826e-04
2023-04-17T11:53:24.000 2.190381003537163488e+05 6.050971903023177219e+03   473662.499486608373 +2.3185851374591948e-03
2023-04-17T11:53:34.000 2.469932635721706029e+05 6.054617343750177497e+03   473650.125835346640 +1.1861672664963407e-03
2023-04-17T11:53:44.000 2.567948515220316185e+05 6.046470851998627040e+03   473637.748233501276 +1.5062100467275741e-03
2023-04-17T11:53:54.000 2.285347851375473838e+05 6.010353137542712830e+03   473625.363975385204 +5.6621997646288946e-04
2023-04-17T11:54:04.000 2.532809377683550993e+05 5.973409508666969487e+03   473612.972859486064 -1.8421338400003151e-03
2023-04-17T11:54:14.000 2.353607860981066478e+05 5.912456921375798629e+03   473600.578451410634 -2.1600758285558186e-03
2023-04-17T11:54:24.000 2.134136710706275771e+05 5.932214099269394865e+03   473588.180281166977 -8.6444179487443762e-04
2023-04-17T11:54:34.000 2.585386649791322416e+05 5.922026890492582424e+03   473575.774305871804 -2.0049723680131137e-03
2023-04-17T11:54:44.000 2.224462722818394832e+05 5.985689561643825073e+03   473563.366857095389 +7.4303185931512417e-04
2023-04-17T11:54:54.000 2.565731611170287360e+05 5.955954681759806590e+03   473550.950705352996 +1.4320132481770997e-04
2023-04-17T11:55:04.000 2.427702860824869422e+05 5.919790116838064023e+03   473538.527709671820 -1.9523356941135717e-03
2023-04-17T11:55:14.000 2.348026648405529559e+05 5.944985612820806637e+03   473526.102459923597 -9.6062129068741342e-04
2023-04-17T11:55:24.000 2.098927175398512336e+05 5.897996692445755798e+03   473513.669890910736 -1.9537818025128217e-03
2023-04-17T11:55:34.000 2.285548308310535795e+05 5.929638660855218404e+03   473501.235391040624 +4.4964625385546242e-04
2023-04-17T11:55:44.000 2.419349178410468739e+05 5.873834969459891909e+03   473488.792096641148 -6.2096891144847177e-04
2023-04-17T11:55:54.000 2.464863206079293159e+05 5.905973492014999465e+03   473476.347022640461 +1.8423250375008138e-03
2023-04-17T11:56:04.000 2.251232138263972010e+05 5.883434900799134994e+03   473463.892423207813 +8.6705287003496778e-05
2023-04-17T11:56:14.000 2.249878530573809403e+05 5.905016921114934121e+03   473451.435451693600 +1.2585134477376414e-03
2023-04-17T11:56:24.000 2.393989086527937034e+05 5.883124660991869860e+03   473438.969835046853 -9.2232747920206748e-04
2023-04-17T11:56:34.000 2.420348701911052340e+05 5.898690030239933549e+03   473426.502333308221 +2.9718008181589539e-04
2023-04-17T11:56:44.000 2.373732274939923664e+05 5.927838435000403479e+03   473414.029055220424 +1.0187175720375308e-03
2023-04-17T11:56:54.000 2.532094786310779455e+05 5.927416615574485149e+03   473401.548874214583 +1.0863692477869336e-04
2023-04-17T11:57:04.000 2.233096282822654757e+05 5.904883547149072001e+03   473389.065367348085 +1.1368979845656213e-03
2023-04-17T11:57:14.000 2.417057846984248317e+05 5.820053356073512077e+03   473376.572330390336 -2.1078463819321769e-03
2023-04-17T11:57:24.000 2.313168298005227989e+05 5.869893650686297406e+03   473364.079242046049 -1.5402711346723663e-04
2023-04-17T11:57:34.000 2.397641861714659608e+05 5.879151451486505721e+03   473351.580893518636 +1.7824041476615093e-03
2023-04-17T11:57:44.000 2.422856866749713663e+05 5.852403053345297849e+03   473339.073206524947 -3.8401083372718858e-04
2023-04-17T11:57:54.000 2.675744456981647527e+05 5.868414975879623853e+03   473326.562645268044 -1.9626404991868185e-04
2023-04-17T11:58:04.000 2.462234282726041565e+05 5.880980452671276907e+03   473314.044321358146 -2.5499611475652273e-03
2023-04-17T11:58:14.000 2.127073152615770814e+05 5.887787204720012596e+03   473301.525120412814 -5.6672128391710430e-04
2023-04-17T11:58:24.000 2.425976822262638307e+05 5.858075757095110021e+03   473288.997605880955 -1.6903532934975374e-03
2023-04-17T11:58:34.000 2.373021178236416890e+05 5.897913527646919647e+03   473276.467962501454 +2.5660217329459556e-04
2023-04-17T11:58:44.000 2.654412470583898830e+05 5.870146222841207418e+03   473263.932587098388 +1.6636678153645335e-03
2023-04-17T11:58:54.000 2.475160775362978748e+05 5.844346102454736865e+03   473251.387220133038 -1.7360189372084278e-03
2023-04-17T11:59:04.000 2.223284176021318126e+05 5.876374332932636207e+03   473238.840562232072 -1.2491777015384287e-03
2023-04-17T11:59:14.000 2.471217501298559073e+05 5.881380928780918111e+03   473226.291417840926 +1.9212674981190503e-03
2023-04-17T11:59:24.000 2.402998155322216044e+05 5.873352822254057173e+03   473213.733922169602 +1.9031341669233370e-03
2023-04-17T11:59:34.000 2.168253653741793823e+05 5.899972178843138863e+03   473201.168207469455 -1.1787428632032970e-03
2023-04-17T11:59:44.000 1.929078492631845584e+05 5.941612937842902284e+03   473188.602348326822 +7.4278229510582605e-04
2023-04-17T11:59:54.000 2.059756621491024562e+05 5.940429862130996298e+03   473176.030698021117 +2.0135244415087072e-03
2023-04-17T12:00:04.000 2.345901606116039911e+05 5.895000970150371359e+03   473163.450302234211 -3.2832414467520721e-04
2023-04-17T12:00:14.000 2.494620050222039281e+05 5.936645758185219165e+03   473150.868473871553 +1.0226272520412749e-03
2023-04-17T12:00:24.000 2.240632192897187197e+05 5.934413765264943322e+03   473138.279311221384 +1.5712706738213456e-04
2023-04-17T12:00:34.000 2.318907092716940388e+05 5.931491447661802340e+03   473125.686111540534 +3.6486617966602353e-04
2023-04-17T12:00:44.000 2.317349981061114813e+05 6.000277072176570073e+03   473113.089028795599 +1.7922193532058373e-03
2023-04-17T12:00:54.000 2.285387533346601122e+05 5.969106509566557179e+03   473100.483802996634 +1.7157821582713950e-04
2023-04-17T12:01:04.000 2.071419666810135823e+05 5.980616285991592122e+03   473087.873794297280 -1.1445487516539288e-03
2023-04-17T12:01:14.000 2.086443766712738143e+05 6.002106434301089394e+03   473075.260264908255 -9.0162319690989534e-04
2023-04-17T12:01:24.000 2.383172160278465599e+05 6.086680344744422655e+03   473062.642613389704 +2.9121505019702454e-04
2023-04-17T12:01:34.000 2.493224120156566496e+05 6.042690977236373328e+03   473050.016071427031 -2.3420762232717607e-03
2023-04-17T12:01:44.000 2.271310566810564196e+05 6.114677383783700861e+03   473037.390180154063 +7.3188079170449782e-04
