# Observation conducted on 2023.04.17 at Hb rev. 2
# Base frequency: 8435.50 MHz dF: 0.2 Hz dT: 10.0 s Nscans: 1 
# Format: UTC Time     |    Signal-to-Noise     |      Spectral max      | Freq detection [Hz] |   Doppler noise [Hz]  |
# 
2023-04-17T11:01:54.000 2.452948076810752100e+05 6.298486827482467561e+03   477194.385392843280 -2.6644745910289203e-03
2023-04-17T11:02:04.000 2.333966378682699578e+05 6.265118079490357559e+03   477183.992149076774 -1.2902277903776849e-03
2023-04-17T11:02:14.000 2.449038861492738070e+05 6.275243757830949107e+03   477173.592736729421 +1.1929832164696563e-03
2023-04-17T11:02:24.000 2.455641169225886406e+05 6.266696843191261905e+03   477163.182874518970 +5.0242432496361289e-04
2023-04-17T11:02:34.000 2.663213203815520974e+05 6.310139582988174880e+03   477152.766573010013 +6.4704191595410521e-04
2023-04-17T11:02:44.000 2.442524949220974231e+05 6.310969706854986725e+03   477142.343055415782 +8.4826728050302336e-04
2023-04-17T11:02:54.000 2.502979038901651511e+05 6.305233523111897739e+03   477131.911589633382 +3.7205466776413232e-04
2023-04-17T11:03:04.000 2.741740789461007807e+05 6.271860526192428551e+03   477121.472644139838 -3.1521980088200507e-04
2023-04-17T11:03:14.000 2.665585569662876660e+05 6.306571278278242062e+03   477111.028963766934 +1.5290196839714554e-03
2023-04-17T11:03:24.000 2.431907194630911108e+05 6.310120638581822277e+03   477100.574484406272 -1.6174407892322051e-04
2023-04-17T11:03:34.000 2.313579906742740714e+05 6.346896971794865749e+03   477090.115718825255 +1.1226982674088504e-03
2023-04-17T11:03:44.000 2.173820263350134774e+05 6.358544438487913794e+03   477079.647196640261 -9.0742033989954507e-05
2023-04-17T11:03:54.000 2.345955792454277398e+05 6.335551571266643805e+03   477069.174003481283 +1.2807157294218996e-03
2023-04-17T11:04:04.000 2.487299389084928844e+05 6.351755380043508922e+03   477058.690878495341 -2.6771659804580850e-05
2023-04-17T11:04:14.000 2.587454301619302714e+05 6.326779855648975172e+03   477048.202493594901 +6.5557926041037717e-04
2023-04-17T11:04:24.000 2.203028736537966761e+05 6.310486910438576160e+03   477037.705699235143 +1.7495926158517250e-04
2023-04-17T11:04:34.000 2.368442711816820374e+05 6.333011979076854004e+03   477027.202831231465 +8.6378634284756117e-04
2023-04-17T11:04:44.000 2.500594542148952605e+05 6.361158273961869781e+03   477016.691795346560 +6.2429582021650276e-04
2023-04-17T11:04:54.000 2.565095228805293737e+05 6.370744762744977379e+03   477006.173166617460 +2.7870112717209850e-05
2023-04-17T11:05:04.000 2.383693976123084722e+05 6.336120602643843995e+03   476995.647805452871 -6.8861284148624691e-05
2023-04-17T11:05:14.000 2.723263290746364510e+05 6.345143004031890996e+03   476985.114160718513 -1.2209333531245647e-03
2023-04-17T11:05:24.000 2.461929391725636087e+05 6.333671625796471744e+03   476974.573728563730 -1.9362162256584270e-03
2023-04-17T11:05:34.000 2.457131549935813528e+05 6.330111860506068297e+03   476964.027190838242 -1.5369959766076136e-03
2023-04-17T11:05:44.000 2.694401918691234896e+05 6.374583549344220046e+03   476953.473651910783 -9.2315259996667010e-04
2023-04-17T11:05:54.000 2.372180378173246572e+05 6.349414302311262873e+03   476942.910649730882 -2.5610959471578099e-03
2023-04-17T11:06:04.000 2.298360955785289698e+05 6.346536612155753573e+03   476932.344506227178 -1.3336433789845614e-04
2023-04-17T11:06:14.000 2.491808311487292813e+05 6.301523141619748458e+03   476921.767619899299 -1.2460298847827289e-03
2023-04-17T11:06:24.000 1.969849495845951024e+05 6.291537417304236442e+03   476911.184993551287 -9.0096228575475834e-04
2023-04-17T11:06:34.000 2.301552667181688012e+05 6.357853847043536916e+03   476900.594871515932 -8.5860196361409180e-04
2023-04-17T11:06:44.000 2.667588574284299393e+05 6.375088649438050197e+03   476889.997835142654 -5.4246886065811850e-04
2023-04-17T11:06:54.000 2.428970922934980772e+05 6.354562799311665003e+03   476879.393893383385 +5.1425762308099365e-05
2023-04-17T11:07:04.000 2.964901439082975849e+05 6.330667205899691908e+03   476868.782021235558 -1.0697458037611796e-04
2023-04-17T11:07:14.000 2.437188390266737842e+05 6.298871543605350780e+03   476858.164514351403 +1.2728404784638769e-03
2023-04-17T11:07:24.000 2.372008332241635362e+05 6.312097141908063350e+03   476847.539146419032 +1.9593316524151305e-03
2023-04-17T11:07:34.000 2.402596075170490367e+05 6.354279014190656198e+03   476836.904664913949 +6.9466495097003644e-04
2023-04-17T11:07:44.000 2.421284096095687419e+05 6.316195489372495103e+03   476826.264201795042 +6.0540992217283929e-04
2023-04-17T11:07:54.000 2.344296730010435858e+05 6.300809197194825174e+03   476815.615841645922 -2.2931578996576718e-04
2023-04-17T11:08:04.000 2.619501663963520841e+05 6.293830633835828849e+03   476804.961956778541 +5.5725960555719212e-04
2023-04-17T11:08:14.000 2.136381020794929645e+05 6.275257687759456530e+03   476794.301242417656 +1.6547494929000095e-03
2023-04-17T11:08:24.000 2.578195939223300957e+05 6.288918905551805437e+03   476783.631984241132 +1.3431520260382968e-03
2023-04-17T11:08:34.000 2.277330821496076533e+05 6.332338041100695591e+03   476772.956974808127 +2.4092810656384245e-03
2023-04-17T11:08:44.000 2.514578742166004668e+05 6.298350730612050938e+03   476762.272025056882 +6.5826664251744660e-04
2023-04-17T11:08:54.000 2.423200395211337891e+05 6.236747054661444963e+03   476751.580144595355 -9.0615150372741482e-04
2023-04-17T11:09:04.000 2.391863234045649006e+05 6.296106951459767515e+03   476740.884611279937 +9.8795762642112095e-04
2023-04-17T11:09:14.000 2.366030499531764945e+05 6.257078577180821412e+03   476730.178642894141 -4.4760230139218038e-04
2023-04-17T11:09:24.000 2.431944795682386903e+05 6.257070553330878283e+03   476719.467245641688 -2.1265902125833236e-04
2023-04-17T11:09:34.000 2.426457777723880426e+05 6.295467205581351664e+03   476708.748944059480 +2.1124414388395962e-04
2023-04-17T11:09:44.000 2.537606949079214828e+05 6.283098061814870562e+03   476698.023209969513 +2.8980299441627722e-04
2023-04-17T11:09:54.000 2.357235225613622169e+05 6.265477471386615434e+03   476687.290093406627 +6.6882862142847443e-05
2023-04-17T11:10:04.000 2.445093219449920580e+05 6.222380043761252637e+03   476676.548638651439 -1.4194455744700463e-03
2023-04-17T11:10:14.000 2.426544613046968880e+05 6.223890956582050421e+03   476665.802362533577 -6.5860013660312688e-04
2023-04-17T11:10:24.000 2.394429060447270167e+05 6.237294424414313653e+03   476655.047885359207 -1.0365568870156494e-03
2023-04-17T11:10:34.000 2.559614272310295783e+05 6.240743082602728464e+03   476644.288187562779 +4.2080420348611369e-04
2023-04-17T11:10:44.000 2.696493131720015663e+05 6.260045358194299297e+03   476633.518146743067 -1.4152613778151135e-03
2023-04-17T11:10:54.000 2.637578765069061774e+05 6.262752242517159175e+03   476622.743865733501 -4.4829031583049073e-04
2023-04-17T11:11:04.000 2.720590030327808345e+05 6.214638024899811171e+03   476611.960568122100 -1.4610878826033513e-03
2023-04-17T11:11:14.000 2.558023911993654037e+05 6.235411007940981108e+03   476601.172696234717 -1.7742697309586219e-05
2023-04-17T11:11:24.000 2.294721411725813523e+05 6.240628850294125186e+03   476590.376509433088 +1.3467476856021676e-04
2023-04-17T11:11:34.000 2.466575475965300284e+05 6.275695972160194287e+03   476579.571856440976 -1.1615591885174581e-03
2023-04-17T11:11:44.000 2.407775978088681004e+05 6.311790044552536528e+03   476568.762503282400 -1.4688055148326384e-04
2023-04-17T11:11:54.000 2.622751883064787835e+05 6.314155596905156017e+03   476557.946436651342 +1.1589354146508413e-03
2023-04-17T11:12:04.000 2.630804169011110207e+05 6.304167537095316220e+03   476547.119862466061 -1.0446694897154885e-03
2023-04-17T11:12:14.000 2.199029664621697739e+05 6.265860126209345253e+03   476536.290218580922 +6.7367891404046532e-04
2023-04-17T11:12:24.000 2.330039403884026106e+05 6.277874032017581158e+03   476525.451238230511 +4.0733727814767917e-05
2023-04-17T11:12:34.000 2.327534883733680181e+05 6.294442145772959520e+03   476514.605186597677 -6.8480200411613623e-04
2023-04-17T11:12:44.000 2.348241398601550027e+05 6.328514502899175568e+03   476503.754476712958 +9.0362685898526252e-04
2023-04-17T11:12:54.000 2.395877768024537072e+05 6.287302999962391368e+03   476492.895551410038 +1.2423856543364309e-03
2023-04-17T11:13:04.000 2.622156977820978500e+05 6.318147750442541110e+03   476482.028189688048 +1.0401542863291979e-04
2023-04-17T11:13:14.000 2.715040570977203897e+05 6.303944686588781224e+03   476471.157096084033 +2.1866078990342430e-03
2023-04-17T11:13:24.000 2.399926679022744065e+05 6.283488976549627296e+03   476460.276126961864 +1.3400970848351790e-03
2023-04-17T11:13:34.000 2.392836603184522246e+05 6.325645409652865055e+03   476449.388712601154 +9.8835130677343841e-04
2023-04-17T11:13:44.000 2.511622326017634477e+05 6.363515718138193733e+03   476438.495230794477 +1.5027728971972465e-03
2023-04-17T11:13:54.000 2.473852457170271373e+05 6.377175479342898143e+03   476427.594714341045 +1.9097951411595204e-03
2023-04-17T11:14:04.000 2.728484962155331741e+05 6.382027964334243734e+03   476416.685068571067 +1.0840883601304085e-04
2023-04-17T11:14:14.000 2.577722345242048032e+05 6.326123754723860657e+03   476405.769738657458 -4.6252263985024911e-04
2023-04-17T11:14:24.000 2.410482193851911870e+05 6.292417562193599224e+03   476394.848099901574 -4.3397528236255312e-04
2023-04-17T11:14:34.000 2.582573640582295193e+05 6.331691179291481603e+03   476383.919256005727 -7.0848870359441207e-04
2023-04-17T11:14:44.000 2.526156926504357543e+05 6.348494894829180339e+03   476372.983884715475 -6.1452134525552538e-04
2023-04-17T11:14:54.000 2.731151441938680364e+05 6.389921528649329957e+03   476362.041309547843 -8.3471935408852005e-04
2023-04-17T11:15:04.000 2.338858105644230964e+05 6.316391240350069893e+03   476351.091860248009 -1.0454570241336114e-03
2023-04-17T11:15:14.000 2.529598075381047092e+05 6.284426705889594814e+03   476340.136509775417 -2.7984797372937464e-04
2023-04-17T11:15:24.000 2.358401609458854073e+05 6.305902924320353122e+03   476329.173608374083 -1.9367207789855456e-04
2023-04-17T11:15:34.000 2.510234528463492752e+05 6.333203232962252514e+03   476318.202414630912 -1.5343142629262729e-03
2023-04-17T11:15:44.000 2.574090810732552200e+05 6.361795695806745243e+03   476307.225194861647 -2.0413757263213483e-03
2023-04-17T11:15:54.000 2.623701762793859234e+05 6.361226886086632476e+03   476296.243890196842 +2.2041472186629107e-04
2023-04-17T11:16:04.000 2.327625375428074913e+05 6.328867024699535250e+03   476285.252342372725 -9.1300562746710057e-04
2023-04-17T11:16:14.000 2.416237801003787026e+05 6.340720917110675146e+03   476274.256933536148 +9.3477450445789145e-04
2023-04-17T11:16:24.000 2.312191775118878868e+05 6.300091714184355624e+03   476263.249764732842 -2.1408689498230160e-03
2023-04-17T11:16:34.000 2.530740820318504993e+05 6.363495285602584772e+03   476252.241684619978 +7.0312057835053565e-04
2023-04-17T11:16:44.000 2.433644349834939057e+05 6.390285640311853058e+03   476241.223530073825 +2.9809013847170718e-04
2023-04-17T11:16:54.000 2.412829360232473409e+05 6.377781505369845945e+03   476230.198817748984 +1.5523962406405190e-04
2023-04-17T11:17:04.000 2.359993053763502103e+05 6.357324602234521990e+03   476219.166464039008 -8.1441479608201917e-04
2023-04-17T11:17:14.000 2.508757175157947349e+05 6.319300325428729593e+03   476208.129300338216 +2.1522364943393768e-04
2023-04-17T11:17:24.000 2.541277322736475908e+05 6.301227059300731526e+03   476197.084874641034 +7.8693501211546391e-04
2023-04-17T11:17:34.000 2.309127221593369031e+05 6.333326018543228201e+03   476186.033539842640 +1.2484853546084196e-03
2023-04-17T11:17:44.000 2.332154039134324994e+05 6.333916350674132445e+03   476174.974835759553 +1.1346509649001746e-03
2023-04-17T11:17:54.000 2.682005946972859092e+05 6.313824656952800069e+03   476163.908538647986 +2.1673861488125112e-04
2023-04-17T11:18:04.000 2.397625081934103218e+05 6.319376694000927273e+03   476152.837067419663 +9.0880506934354344e-04
2023-04-17T11:18:14.000 2.517945804598191753e+05 6.232319790517576621e+03   476141.756635119615 -5.8086298429316230e-04
2023-04-17T11:18:24.000 2.254063109337729402e+05 6.249091108590174372e+03   476130.672183331277 +6.8465917706816981e-04
2023-04-17T11:18:34.000 2.734318241162645863e+05 6.272854489662759079e+03   476119.578977803700 -3.3435544196436240e-05
2023-04-17T11:18:44.000 2.613492527034252416e+05 6.247640048348781420e+03   476108.478727579117 -1.0305558375875989e-03
2023-04-17T11:18:54.000 2.706633033521660254e+05 6.286949437274410229e+03   476097.373507001903 -2.3670020618737908e-04
2023-04-17T11:19:04.000 2.627105229746092227e+05 6.253750054391429330e+03   476086.260092599783 -8.7957287632889347e-04
2023-04-17T11:19:14.000 2.649384258753280155e+05 6.233563289708303273e+03   476075.140977386443 -4.7027857408465934e-04
2023-04-17T11:19:24.000 2.862501186311105266e+05 6.205018589034398246e+03   476064.015987986582 +8.1380556525800785e-04
2023-04-17T11:19:34.000 2.663985110394366784e+05 6.251136729854739315e+03   476052.882926578633 +7.7097527798741794e-04
2023-04-17T11:19:44.000 2.387409782493893872e+05 6.282520965498588339e+03   476041.743258191389 +8.6249888079237280e-04
2023-04-17T11:19:54.000 2.359785604935877200e+05 6.279247965783484688e+03   476030.595167357940 -7.3072629891157703e-04
2023-04-17T11:20:04.000 2.762859789966453682e+05 6.246850760988122602e+03   476019.440915116167 -1.7511702673118634e-03
2023-04-17T11:20:14.000 1.112988089701514837e+05 6.234218193406243699e+03   476008.283418168372 +7.1449162874159811e-04
2023-04-17T11:20:24.000 2.415005579524241039e+05 6.224520381372876727e+03   475997.116001088871 -1.2410528483997041e-05
2023-04-17T11:20:34.000 2.613018490380978328e+05 6.246043700459920728e+03   475985.942600330571 +1.4679169453302165e-06
2023-04-17T11:20:44.000 2.613085514398136584e+05 6.242419574897086932e+03   475974.764895407949 +2.4326721739953427e-03
2023-04-17T11:20:54.000 2.514889889810904860e+05 6.285394531400832420e+03   475963.576495003537 +8.8705705024949566e-04
2023-04-17T11:21:04.000 2.548156046224722522e+05 6.295537093761203323e+03   475952.382074436522 +3.7258647807902889e-05
2023-04-17T11:21:14.000 2.342763951459057862e+05 6.266995840837903415e+03   475941.182054399513 +3.0143350522848777e-04
2023-04-17T11:21:24.000 2.048846303288307099e+05 6.227990606061721337e+03   475929.973737861379 -1.0198351427561647e-03
2023-04-17T11:21:34.000 2.508306704716963286e+05 6.290019952130057391e+03   475918.759556706529 -1.4968959478665056e-03
2023-04-17T11:21:44.000 2.345169837470945495e+05 6.318116907740724855e+03   475907.540719687764 +7.6926708175051317e-05
