# Observation conducted on 2023.04.17 at Hb rev. 2
# Base frequency: 0.00 MHz dF: 0.2 Hz dT: 10.0 s Nscans: 1 
# Format: UTC Time     |    Signal-to-Noise     |      Spectral max      | Freq detection [Hz] |   Doppler noise [Hz]  |
# 
2023-04-17T10:30:14.000 2.320586405073814094e+05 6.174079192391222932e+03   479029.685098114423 +2.4713963393878657e-03
2023-04-17T10:30:24.000 2.284825187189533608e+05 6.200380035043473981e+03   479020.782528127544 +5.9307955564236181e-04
2023-04-17T10:30:34.000 2.492013636361469689e+05 6.111986062461211077e+03   479011.874627746292 +1.7481545700093193e-03
2023-04-17T10:30:44.000 2.447479532704386511e+05 6.149928158234042712e+03   479002.951464592072 -4.0016363997210647e-03
2023-04-17T10:30:54.000 2.189839459107850853e+05 6.102438215635435881e+03   478994.026270272734 -3.4305374445011694e-03
2023-04-17T10:31:04.000 2.367790887485572603e+05 6.142148528612432528e+03   478985.092353223241 -3.2359387040514775e-03
2023-04-17T10:31:14.000 2.425427708448636404e+05 6.112814434256793902e+03   478976.152998648467 -1.3843427461779356e-04
2023-04-17T10:31:24.000 2.187029095076559461e+05 6.150967504558660039e+03   478967.201687265595 -6.6307982638136309e-04
2023-04-17T10:31:34.000 2.449408440994924167e+05 6.082410233987731772e+03   478958.245850286447 +2.6155888334642441e-03
2023-04-17T10:31:44.000 2.235845241125603206e+05 6.025734166172199366e+03   478949.277025815332 +1.2299534382691490e-03
2023-04-17T10:31:54.000 2.529320561755852541e+05 6.019835233957465789e+03   478940.301014589728 +9.7505344103865355e-04
2023-04-17T10:32:04.000 2.193499568018396676e+05 6.073364250628707850e+03   478931.316723094496 +7.5169976594224863e-04
2023-04-17T10:32:14.000 2.209557877994232404e+05 6.054509079892150112e+03   478922.324946149543 +1.3490616504441277e-03
2023-04-17T10:32:24.000 2.194016667014189879e+05 6.080104727583743625e+03   478913.322713606700 -2.0863610586729919e-04
2023-04-17T10:32:34.000 2.407083849541429081e+05 6.065157806885754326e+03   478904.314555320190 +6.0285603274223831e-04
2023-04-17T10:32:44.000 2.347950382461369445e+05 6.113996485765798752e+03   478895.297904678911 +1.2113446251760251e-03
2023-04-17T10:32:54.000 2.018795030161675822e+05 6.084365303662105362e+03   478886.269409893721 -1.7405200488838091e-03
2023-04-17T10:33:04.000 2.301505845407925081e+05 6.051643032058319477e+03   478877.237621933687 +2.9269178708091204e-04
2023-04-17T10:33:14.000 2.099239652598155371e+05 6.077973455725892563e+03   478868.194833471847 -4.0186517253459897e-04
2023-04-17T10:33:24.000 1.976778802091337566e+05 6.041416350879488164e+03   478859.145095898246 +2.2170121485487471e-04
2023-04-17T10:33:34.000 2.640300079544140026e+05 6.111905229959294047e+03   478850.087469504622 +1.2182044935116210e-03
2023-04-17T10:33:44.000 2.474202268867162929e+05 6.066644609734315964e+03   478841.021987677144 +2.6155723788860996e-03
2023-04-17T10:33:54.000 2.281548257720945694e+05 6.053618935944931764e+03   478831.946554710797 +2.3126604421577213e-03
2023-04-17T10:34:04.000 2.403738028331946116e+05 6.076222425643123643e+03   478822.860087109264 -7.7944855320311035e-04
2023-04-17T10:34:14.000 2.358709330112866592e+05 6.078713871289674898e+03   478813.766565933474 -2.6850964976574687e-03
2023-04-17T10:34:24.000 2.432750560394743807e+05 6.014113632132144630e+03   478804.668487334740 -9.1351699950337206e-04
2023-04-17T10:34:34.000 2.354024633463616192e+05 6.059496920878002129e+03   478795.560006814136 -1.3145769307811861e-03
2023-04-17T10:34:44.000 2.240784785230939160e+05 6.107840569199202946e+03   478786.445343638770 +3.2563984620992414e-04
2023-04-17T10:34:54.000 2.123086283315334003e+05 6.027137798185473912e+03   478777.321163234417 +6.6722424162435345e-04
2023-04-17T10:35:04.000 2.256662924949055887e+05 6.077440462111867419e+03   478768.186944753630 -8.1599007785371214e-04
2023-04-17T10:35:14.000 2.499510211858482508e+05 6.037748128060143245e+03   478759.046308901394 -5.0860153623943916e-04
2023-04-17T10:35:24.000 2.327527082894673804e+05 6.025977429977471729e+03   478749.896992391557 -6.7918485319751198e-04
2023-04-17T10:35:34.000 2.330235901346385945e+05 6.022659808773962141e+03   478740.740152178158 -1.7606011181214853e-04
2023-04-17T10:35:44.000 2.443841587349246256e+05 6.033427274144553849e+03   478731.572840200621 -1.9525477678143943e-03
2023-04-17T10:35:54.000 2.393808835988415813e+05 6.072899976580805742e+03   478722.399515663332 -1.5546899193168429e-03
2023-04-17T10:36:04.000 2.396978358840063447e+05 6.093900115428624304e+03   478713.217338872666 -1.8274135765068422e-03
2023-04-17T10:36:14.000 2.381382991524644603e+05 6.041165036797961875e+03   478704.029427577858 +3.4180997533894697e-04
2023-04-17T10:36:24.000 2.434467179063016083e+05 6.028060344125014126e+03   478694.830427798966 -4.0620767970267480e-04
2023-04-17T10:36:34.000 2.417295733619931561e+05 6.016346346366472062e+03   478685.625423038960 +1.0068398804605749e-03
2023-04-17T10:36:44.000 2.366021046010936843e+05 5.996929983940068269e+03   478676.410836226947 +9.9869634641436278e-04
2023-04-17T10:36:54.000 2.630370051535459934e+05 6.064435659478998787e+03   478667.187978690839 +8.7551514070582925e-04
2023-04-17T10:37:04.000 2.691723360245711519e+05 6.050162493612261642e+03   478657.955748969107 -4.6932919440223486e-04
2023-04-17T10:37:14.000 2.245266398823597992e+05 6.086603962636725555e+03   478648.716702827194 -4.8522558245167602e-04
2023-04-17T10:37:24.000 2.177411724095029640e+05 6.067458838564633879e+03   478639.469716553926 -3.0102978746526787e-04
2023-04-17T10:37:34.000 2.266839518283692887e+05 6.104401283421604603e+03   478630.213029315055 -1.6827116020294852e-03
2023-04-17T10:37:44.000 2.735116843450636952e+05 6.040093649213989920e+03   478620.951855758671 +5.7924992927382846e-04
2023-04-17T10:37:54.000 2.647956685862078448e+05 6.059680496284729088e+03   478611.679162386339 -5.5376254431394045e-04
2023-04-17T10:38:04.000 2.211655157444552169e+05 6.037660807283921713e+03   478602.400913802616 +8.7774430198805931e-04
2023-04-17T10:38:14.000 2.314787506409173366e+05 6.061507818357526048e+03   478593.113765301649 +1.5239605376109466e-03
2023-04-17T10:38:24.000 2.475818583594477968e+05 6.094418815812138746e+03   478583.818713044457 +2.3759498920981059e-03
2023-04-17T10:38:34.000 2.293368485958874226e+05 6.115757393179772407e+03   478574.513649332512 +1.3209228469577283e-03
2023-04-17T10:38:44.000 2.260881205516337650e+05 6.107847628068931044e+03   478565.200029360480 -1.9101110297015111e-04
2023-04-17T10:38:54.000 2.083468740339724754e+05 6.094159193902391962e+03   478555.878478345694 -1.5397144132975882e-03
2023-04-17T10:39:04.000 2.324377822929296817e+05 6.078758708285167813e+03   478546.550775488198 -9.5106183562165825e-04
2023-04-17T10:39:14.000 2.496831080533071072e+05 6.115642135543347649e+03   478537.215480023238 +1.2911148553484963e-04
2023-04-17T10:39:24.000 2.221400116764104750e+05 6.146489340930529579e+03   478527.870567843318 -3.2836812897585332e-04
2023-04-17T10:39:34.000 2.082362963988409319e+05 6.132880580260290117e+03   478518.519160705619 +7.9319352585116576e-04
2023-04-17T10:39:44.000 2.115304143096753105e+05 6.166426574747293671e+03   478509.160492183815 +2.7223106689007182e-03
2023-04-17T10:39:54.000 2.405971039695541258e+05 6.151711152849803511e+03   478499.788866044604 -2.4230717554019066e-04
2023-04-17T10:40:04.000 2.319827339610360505e+05 6.078551579677216978e+03   478490.413402155158 +1.0141525709741472e-03
2023-04-17T10:40:14.000 2.649963832360621891e+05 6.121034010714128272e+03   478481.027936032799 +3.2215405883562198e-04
2023-04-17T10:40:24.000 2.149081937122324016e+05 6.073088709121850115e+03   478471.635831386608 +1.0403547145187986e-03
2023-04-17T10:40:34.000 2.177333341620359861e+05 6.138155642970949884e+03   478462.234420817636 +4.9630456248905830e-04
2023-04-17T10:40:44.000 2.524980602729209058e+05 6.185189509137975620e+03   478452.824105622654 -9.1375000477000867e-04
2023-04-17T10:40:54.000 2.334524554818477191e+05 6.183091892176796136e+03   478443.407876658894 -2.0400243852236599e-04
2023-04-17T10:41:04.000 2.697855411712435307e+05 6.121703666902688383e+03   478433.984521291684 +1.4078615271273520e-03
2023-04-17T10:41:14.000 2.570142803484529431e+05 6.117380830630644596e+03   478424.550868516497 +7.4578512942480302e-04
2023-04-17T10:41:24.000 2.353392527780349192e+05 6.088315109399736684e+03   478415.108520195528 -5.9342285976526910e-04
2023-04-17T10:41:34.000 2.479203228414179466e+05 6.162352323842036640e+03   478405.658999629028 -1.0915176937942306e-03
2023-04-17T10:41:44.000 2.445272951141156955e+05 6.176668527168947548e+03   478396.204205880524 +1.1455064133087944e-03
2023-04-17T10:41:54.000 2.296437583874058037e+05 6.255836730174030890e+03   478386.736934787768 -1.0915734686705036e-03
2023-04-17T10:42:04.000 2.284329324966202548e+05 6.152262002639800812e+03   478377.265335821430 +3.4164956741733477e-04
2023-04-17T10:42:14.000 2.382876234049188788e+05 6.165928986570356756e+03   478367.782466303732 -1.5025698767203721e-03
2023-04-17T10:42:24.000 2.311901488205860951e+05 6.159822474913336919e+03   478358.292483338329 -2.4721998471477491e-03
2023-04-17T10:42:34.000 2.218757850692888314e+05 6.155902958951919572e+03   478348.798398952757 +4.3971074433102331e-04
2023-04-17T10:42:44.000 2.182097261529757234e+05 6.195252710357794058e+03   478339.290342521796 -2.6425446259281671e-03
2023-04-17T10:42:54.000 2.237498587610487302e+05 6.184199478864424236e+03   478329.781591670820 +1.5535722717459066e-03
2023-04-17T10:43:04.000 2.639587941407325561e+05 6.203192404319152047e+03   478320.257559582999 -1.5638483303064277e-03
2023-04-17T10:43:14.000 2.257214825376628432e+05 6.170398795158826942e+03   478310.729101005127 -1.1451589311946009e-03
2023-04-17T10:43:24.000 2.348142998295005527e+05 6.169640915675585347e+03   478301.192098833155 -1.3125700503451299e-03
2023-04-17T10:43:34.000 2.495537114238857757e+05 6.153211650304201612e+03   478291.648310891527 -3.1337088603322627e-04
2023-04-17T10:43:44.000 2.290363728934437677e+05 6.085815949722845289e+03   478282.096407441830 +5.1757878179614636e-04
2023-04-17T10:43:54.000 2.288977422615853720e+05 6.125974153560343439e+03   478272.535949906800 +7.3657171446939174e-04
2023-04-17T10:44:04.000 2.607669399989058729e+05 6.179317653686134690e+03   478262.964744226425 -1.8555903727701661e-03
2023-04-17T10:44:14.000 2.314975944411871315e+05 6.146756820780675298e+03   478253.390506817028 +4.5236103699153318e-04
2023-04-17T10:44:24.000 2.607237355059598922e+05 6.107595738065671867e+03   478243.806126591749 +5.4418186778093514e-04
2023-04-17T10:44:34.000 2.171715258933722216e+05 6.092100585849495474e+03   478234.212968626060 -2.2021975701136398e-04
2023-04-17T10:44:44.000 2.536259640195306274e+05 6.064557926054847485e+03   478224.614307470154 +1.4285283715480546e-03
2023-04-17T10:44:54.000 2.349429071496014949e+05 6.096096488981907896e+03   478215.006915131817 +2.2572451077849109e-03
2023-04-17T10:45:04.000 2.651783319211920607e+05 6.125350828424276187e+03   478205.388669344829 +1.3846395199834660e-04
2023-04-17T10:45:14.000 2.183975537809438247e+05 6.156480100468615092e+03   478195.764927198004 +4.2406135025885305e-04
2023-04-17T10:45:24.000 2.334025225550186005e+05 6.075012954477473613e+03   478186.133118890051 +5.3901140688594751e-04
2023-04-17T10:45:34.000 2.428467894196787092e+05 6.021161991746150306e+03   478176.494458600122 +1.6922557463203702e-03
2023-04-17T10:45:44.000 2.208572363037744653e+05 6.033762573519402395e+03   478166.846352481632 +1.2846971596900403e-03
2023-04-17T10:45:54.000 2.447841275620170927e+05 6.046510875585323447e+03   478157.190791683330 +1.3022197837244676e-03
2023-04-17T10:46:04.000 2.512397371706773702e+05 6.071905388194399166e+03   478147.527635367820 +1.5987077164254515e-03
2023-04-17T10:46:14.000 2.325058918805818248e+05 6.107633501742988301e+03   478137.853830847074 -8.8382053104396618e-04
2023-04-17T10:46:24.000 2.511518465488828369e+05 6.055742259942831879e+03   478128.173105004884 -2.4237893762801832e-03
2023-04-17T10:46:34.000 2.236151541570316767e+05 6.062827666791941738e+03   478118.487465022889 -1.0193412434773563e-03
2023-04-17T10:46:44.000 2.318079712299877428e+05 6.032307097243442513e+03   478108.793920667318 +3.3395017408111016e-04
2023-04-17T10:46:54.000 2.374619502212459047e+05 6.099612999384377872e+03   478099.090692871076 -1.4833865793661971e-04
2023-04-17T10:47:04.000 2.371046500825620315e+05 6.094567485980905985e+03   478089.380490160722 +2.3694562287346344e-04
2023-04-17T10:47:14.000 2.147324665272233833e+05 6.122288722476913790e+03   478079.659507426026 -2.3206980600889437e-03
2023-04-17T10:47:24.000 2.446452850626776635e+05 6.095245960864732297e+03   478069.934997173375 -5.7417175275986665e-04
2023-04-17T10:47:34.000 2.236787457368765026e+05 6.078438532590047544e+03   478060.201642447268 +1.5414213248732267e-04
2023-04-17T10:47:44.000 2.256028007925889397e+05 6.070040580482678706e+03   478050.459345899988 -2.3854952678448171e-04
2023-04-17T10:47:54.000 2.376297859699965338e+05 6.097835493964138550e+03   478040.709703854693 -1.6138839293944329e-04
2023-04-17T10:48:04.000 2.226063657012158365e+05 6.149120706020344187e+03   478030.950864932034 -1.4712381212120818e-03
2023-04-17T10:48:14.000 2.232799233835482446e+05 6.147759460809579650e+03   478021.185870227229 -1.1325080831738887e-03
2023-04-17T10:48:24.000 2.798992810462545021e+05 6.120781831351747314e+03   478011.413617955288 -2.5250821693134640e-04
2023-04-17T10:48:34.000 2.399683153432002000e+05 6.089696379343870831e+03   478001.634157518158 +1.2126173062370071e-03
2023-04-17T10:48:44.000 2.331927333839908824e+05 6.096874343854121435e+03   477991.843800297356 -4.3131747816005372e-04
2023-04-17T10:48:54.000 2.559092208460510883e+05 6.130844489309901292e+03   477982.047478741326 -2.5745367713625456e-04
2023-04-17T10:49:04.000 2.394128554991290148e+05 6.115538059954580604e+03   477972.244582111132 +1.1178580867863275e-03
2023-04-17T10:49:14.000 2.544429508219015843e+05 6.126473881068843184e+03   477962.433509081835 +2.0876581299944519e-03
2023-04-17T10:49:24.000 2.496094939914238348e+05 6.083033541140455782e+03   477952.612635635829 +1.0222708718856666e-03
2023-04-17T10:49:34.000 2.381136645781257248e+05 6.083215110430894129e+03   477942.784926810826 +8.8105242730307509e-04
2023-04-17T10:49:44.000 2.196446725068655796e+05 6.094129517808812125e+03   477932.948644808959 -7.9501008599436318e-05
2023-04-17T10:49:54.000 2.536731705974423385e+05 6.111640363200674983e+03   477923.104167664889 -1.4870853839283882e-03
2023-04-17T10:50:04.000 2.124817498690200155e+05 6.170302862224146338e+03   477913.253657476627 -1.1853583149559199e-03
