# Observation conducted on 2023.04.17 at Hb rev. 2
# Base frequency: 8435.50 MHz dF: 0.2 Hz dT: 10.0 s Nscans: 1 
# Format: UTC Time     |    Signal-to-Noise     |      Spectral max      | Freq detection [Hz] |   Doppler noise [Hz]  |
# 
2023-04-17T12:01:54.000 2.335232880385545432e+05 6.198334787417399639e+03   473024.753256361990 -7.2034206664284284e-04
2023-04-17T12:02:04.000 2.572623993764142506e+05 6.225642924576290170e+03   473012.115210555028 +4.9700054762524815e-04
2023-04-17T12:02:14.000 2.697353907857935992e+05 6.201759468596345869e+03   472999.471280750062 +8.7806213502972241e-04
2023-04-17T12:02:24.000 2.511704220130853064e+05 6.195180748219612724e+03   472986.822145663435 +1.0948514204756066e-03
2023-04-17T12:02:34.000 2.499953907520252978e+05 6.211443713242407284e+03   472974.167054837686 +3.9019110226945486e-04
2023-04-17T12:02:44.000 2.278220823810073489e+05 6.215136955433392359e+03   472961.506799127674 -4.5179579501564149e-04
2023-04-17T12:02:54.000 2.389362349787019775e+05 6.206448999970074510e+03   472948.842918027774 +1.0164137120227679e-04
2023-04-17T12:03:04.000 2.396163045068611973e+05 6.232082956547330468e+03   472936.173893439991 +5.2564918894404400e-04
2023-04-17T12:03:14.000 2.229459359546068299e+05 6.209041717303092810e+03   472923.499067505123 +1.5560146448478918e-04
2023-04-17T12:03:24.000 2.685532475811011973e+05 6.175688047168509911e+03   472910.817432848911 -2.0226544831984938e-03
2023-04-17T12:03:34.000 2.584275932770194195e+05 6.169241587713583613e+03   472898.133550610975 -1.4547684232866231e-03
2023-04-17T12:03:44.000 2.366258105357145832e+05 6.142915413813135274e+03   472885.443967049534 -1.6012828426710257e-03
2023-04-17T12:03:54.000 2.527879901463858550e+05 6.152105892442977165e+03   472872.751537057455 +3.8588384018112265e-04
2023-04-17T12:04:04.000 2.772441877630399540e+05 6.171802936295481231e+03   472860.051321117498 -4.3960777975371457e-04
2023-04-17T12:04:14.000 2.608939325144001341e+05 6.161134421824785022e+03   472847.346779792104 -6.2402783987636212e-04
2023-04-17T12:04:24.000 2.613124209064838360e+05 6.162646122930099409e+03   472834.637428495800 -6.5880474335244799e-04
2023-04-17T12:04:34.000 2.547005664528699708e+05 6.195051779181263555e+03   472821.925575371133 +1.7573509560406819e-03
2023-04-17T12:04:44.000 2.449286984773407166e+05 6.187429662155446749e+03   472809.204741347407 +1.3850555887984228e-04
2023-04-17T12:04:54.000 2.252690718341547472e+05 6.167391273644258035e+03   472796.479539541353 -9.0909717903286946e-04
2023-04-17T12:05:04.000 2.728539978192021954e+05 6.134211279869515238e+03   472783.750388751563 -9.7354123772674939e-04
2023-04-17T12:05:14.000 2.738776903838999569e+05 6.185276686678475926e+03   472771.017678495089 +3.2779848299924197e-04
2023-04-17T12:05:24.000 2.470025487191822904e+05 6.162562278624889586e+03   472758.278942379868 +5.2162852489345823e-04
2023-04-17T12:05:34.000 2.181809265126485552e+05 6.121943558443645998e+03   472745.535486706824 +9.0733934359832347e-04
2023-04-17T12:05:44.000 2.411912047630202433e+05 6.112561327513698416e+03   472732.786297846586 +4.6438229708201106e-04
2023-04-17T12:05:54.000 2.736921021316288388e+05 6.127430154740373837e+03   472720.032888677262 +6.9870703373453580e-04
2023-04-17T12:06:04.000 2.480530802444243745e+05 6.126949694546294268e+03   472707.275108172325 +1.4523503110694946e-03
2023-04-17T12:06:14.000 2.178424076622006542e+05 6.125501738487685543e+03   472694.511320517980 +1.0825530981719567e-03
2023-04-17T12:06:24.000 2.444631937830419629e+05 6.099139389434804798e+03   472681.742497946485 +5.5459408258684562e-04
2023-04-17T12:06:34.000 2.415899923665318638e+05 6.127301329947416889e+03   472668.968983176863 +2.0423060163921036e-04
2023-04-17T12:06:44.000 2.473396013486793963e+05 6.097610116378223211e+03   472656.191337742028 +5.8602592764600558e-04
2023-04-17T12:06:54.000 2.098436728696796054e+05 6.036752507951502594e+03   472643.407054205425 -8.1443382089219085e-04
2023-04-17T12:07:04.000 2.288665672419955081e+05 6.062595455978633254e+03   472630.619809745403 -3.2695508923552552e-04
2023-04-17T12:07:14.000 2.261165737633623066e+05 6.096135144857797968e+03   472617.827747207542 +1.8431514411076932e-04
2023-04-17T12:07:24.000 2.522851321233130293e+05 6.093088980442891625e+03   472605.031400654465 +1.2464400138014753e-03
2023-04-17T12:07:34.000 2.521717773389801732e+05 6.116081862403530977e+03   472592.227956742456 +3.9069146282599831e-05
2023-04-17T12:07:44.000 2.480704675984803180e+05 6.174770322992296315e+03   472579.422759536770 +1.8992541652096406e-03
2023-04-17T12:07:54.000 2.311019384683331591e+05 6.138354572240708876e+03   472566.609687658725 +6.9859609561717662e-04
2023-04-17T12:08:04.000 2.756697776729534380e+05 6.156341023408242108e+03   472553.792241242190 -6.9797953301531379e-05
2023-04-17T12:08:14.000 2.465087008589399629e+05 6.104920806481155523e+03   472540.969764864247 -1.0683843815968430e-03
2023-04-17T12:08:24.000 2.737083115983106545e+05 6.121763450112240207e+03   472528.143661356124 -9.0137116853838961e-04
2023-04-17T12:08:34.000 2.438163083284948370e+05 6.113333867170708800e+03   472515.311257085472 -2.2494362848419769e-03
2023-04-17T12:08:44.000 2.435776860676037322e+05 6.129384087950268622e+03   472502.478260135278 +5.8845180922162399e-04
2023-04-17T12:08:54.000 2.522765391895332723e+05 6.169500655191745864e+03   472489.638724758523 +1.6594891100112363e-03
2023-04-17T12:09:04.000 2.220020930197420239e+05 6.171754199525505101e+03   472476.792674604163 +9.8026199805190117e-04
2023-04-17T12:09:14.000 2.523709045745905896e+05 6.172625867071034008e+03   472463.940488960536 -1.0770093113023904e-03
2023-04-17T12:09:24.000 2.334533608291251585e+05 6.123515097204873200e+03   472451.084462048602 -2.2251768334626831e-03
2023-04-17T12:09:34.000 2.580365944596254267e+05 6.132382907018763035e+03   472438.225187309727 -1.8778774032170986e-03
2023-04-17T12:09:44.000 2.222705340064210759e+05 6.211720693533221493e+03   472425.362310312281 -3.9662572453380562e-04
2023-04-17T12:09:54.000 2.560166763571191987e+05 6.167587259657645518e+03   472412.493267954967 -3.5161070377398573e-04
2023-04-17T12:10:04.000 2.744719493690328090e+05 6.176828439808527037e+03   472399.620413779456 +6.0361713678958040e-04
2023-04-17T12:10:14.000 2.374571812031072623e+05 6.211774670205265465e+03   472386.741269314487 -1.6510016735082900e-05
2023-04-17T12:10:24.000 2.433366614365711575e+05 6.166993849865742959e+03   472373.857298138319 -7.5551450083821692e-04
2023-04-17T12:10:34.000 2.357711224824382807e+05 6.206421355203321582e+03   472360.968553355488 -1.5673964023790177e-03
2023-04-17T12:10:44.000 2.299849050587073143e+05 6.211052562849236892e+03   472348.075979826623 -1.5144035975254155e-03
2023-04-17T12:10:54.000 2.382002204553345509e+05 6.242485912889012070e+03   472335.180875681632 +6.9448185638520954e-04
2023-04-17T12:11:04.000 2.375852090744750458e+05 6.236800542302107715e+03   472322.278755772975 +5.6699662980008725e-04
2023-04-17T12:11:14.000 2.364700640358190285e+05 6.227440149479312822e+03   472309.371660634351 +1.3655580823979108e-04
2023-04-17T12:11:24.000 2.492254533441879030e+05 6.224119894774689783e+03   472296.461113109079 +9.1888057454525551e-04
2023-04-17T12:11:34.000 2.755550846803195891e+05 6.272231965104106166e+03   472283.545242797059 +1.0364459368474854e-03
2023-04-17T12:11:44.000 2.442435025878991291e+05 6.244829217336374313e+03   472270.623691981018 +1.2440695422810677e-04
2023-04-17T12:11:54.000 2.791230357650774531e+05 6.270862916353707078e+03   472257.698727853829 +4.4282614260282571e-04
2023-04-17T12:12:04.000 2.155805442833002016e+05 6.249709117626348416e+03   472244.769160650845 +7.9480606495963002e-04
2023-04-17T12:12:14.000 2.449171995149511204e+05 6.286638082527430015e+03   472231.833206537354 -6.1062297720582137e-04
2023-04-17T12:12:24.000 2.270328582388284267e+05 6.243082929415824765e+03   472218.894275298459 -3.7081306777508871e-04
2023-04-17T12:12:34.000 2.441721631383387430e+05 6.272596898443710415e+03   472205.952023975318 +1.1641379678621888e-03
2023-04-17T12:12:44.000 2.290633718023328693e+05 6.251269576372348638e+03   472193.002092817565 -3.7266110064138047e-04
2023-04-17T12:12:54.000 2.558659366732383496e+05 6.241966341999755059e+03   472180.047713595908 -1.7565819275660033e-03
2023-04-17T12:13:04.000 2.290325129321143031e+05 6.244334783260326731e+03   472167.090225956868 -1.6551217688629549e-03
2023-04-17T12:13:14.000 2.416910892199094524e+05 6.250041712062458828e+03   472154.127352782583 -2.3525434818338908e-03
2023-04-17T12:13:24.000 2.834896804209999973e+05 6.293709065398559687e+03   472141.164502016443 +1.5519501007474901e-03
2023-04-17T12:13:34.000 2.549637342554083152e+05 6.315479219472663317e+03   472128.192248421779 +6.2597551925591688e-04
2023-04-17T12:13:44.000 2.814085854690151755e+05 6.308693974478710516e+03   472115.216449807514 +7.2019376887055842e-04
2023-04-17T12:13:54.000 2.668767980255081784e+05 6.286884826300081841e+03   472102.236037588911 +7.5887209766278829e-04
2023-04-17T12:14:04.000 2.436980574661014252e+05 6.277329609562935730e+03   472089.249983212037 -2.9369233072884526e-04
2023-04-17T12:14:14.000 2.384818903262628592e+05 6.268790565070939920e+03   472076.261654657661 +9.2333263444288605e-04
2023-04-17T12:14:24.000 2.625698030416587717e+05 6.259679340972331374e+03   472063.266173339332 -4.7578849273577362e-04
2023-04-17T12:14:34.000 2.406372883250334417e+05 6.282901069478972204e+03   472050.268718975713 +6.8151425841733726e-04
2023-04-17T12:14:44.000 2.565667220858508663e+05 6.282969764779812976e+03   472037.264168031455 -7.3544281394788413e-04
2023-04-17T12:14:54.000 2.347360939107036684e+05 6.256109091029747105e+03   472024.256902821537 -3.5149283587543323e-04
2023-04-17T12:15:04.000 2.511408497633969528e+05 6.219390543537304438e+03   472011.243346889853 -1.7502391021935182e-03
2023-04-17T12:15:14.000 2.302396552370653080e+05 6.272293444533353977e+03   471998.228153201926 -2.8586266796537529e-04
2023-04-17T12:15:24.000 2.422339036118734512e+05 6.314383551995423659e+03   471985.208594438271 +1.3071715150090313e-03
2023-04-17T12:15:34.000 2.380140240136950160e+05 6.273021034387515101e+03   471972.183048141131 +1.3992614996141128e-03
2023-04-17T12:15:44.000 2.223680918105165765e+05 6.257534819796150259e+03   471959.153060195968 +1.5291495377596220e-03
2023-04-17T12:15:54.000 2.445832567046380136e+05 6.290529047243181594e+03   471946.119237598963 +2.2966905062276055e-03
2023-04-17T12:16:04.000 2.094090834435276338e+05 6.251438552372219419e+03   471933.079916696821 +2.0310912804006875e-03
2023-04-17T12:16:14.000 2.650601385168947745e+05 6.272242056274446441e+03   471920.036948117020 +2.5758414013807851e-03
2023-04-17T12:16:24.000 2.348312711829329783e+05 6.170591433869586581e+03   471906.986002840160 -4.0521455321140820e-04
2023-04-17T12:16:34.000 2.576274482021012518e+05 6.204083262423878296e+03   471893.932666509412 -1.3335670772676167e-03
2023-04-17T12:16:44.000 2.480238856011970493e+05 6.159354955531063752e+03   471880.877446594182 +2.9112204504144756e-04
2023-04-17T12:16:54.000 2.568760437417290523e+05 6.195529860255136555e+03   471867.815075149061 -8.0622168866284483e-04
2023-04-17T12:17:04.000 2.389747530319461948e+05 6.151389753555685274e+03   471854.748313665099 -1.8712330974040015e-03
2023-04-17T12:17:14.000 2.567956149229618895e+05 6.195880088412249279e+03   471841.679380822810 -6.9235497596764617e-04
2023-04-17T12:17:24.000 2.403240676780843060e+05 6.205425982704787202e+03   471828.606188979058 +6.3564932474946545e-04
2023-04-17T12:17:34.000 2.440211519823197159e+05 6.223901549615580734e+03   471815.527192495705 +5.6002479038852471e-04
2023-04-17T12:17:44.000 2.846213224680350395e+05 6.192474263813254765e+03   471802.442966667411 -3.5104744119962561e-04
2023-04-17T12:17:54.000 2.549520910220571095e+05 6.180029422712200358e+03   471789.353605184006 -2.0109875811158417e-03
2023-04-17T12:18:04.000 2.523692244524896960e+05 6.184302802994249760e+03   471776.262067526113 -1.4674211730607567e-03
2023-04-17T12:18:14.000 2.578433048068034404e+05 6.144883589333336204e+03   471763.166575924784 -5.0521950538495730e-04
2023-04-17T12:18:24.000 2.391013081041373953e+05 6.164875662975502564e+03   471750.066587552254 +3.2569134646109887e-04
2023-04-17T12:18:34.000 2.473830170325161307e+05 6.189973743397402359e+03   471736.960852442309 -2.3174874138476298e-04
2023-04-17T12:18:44.000 2.419259471705679025e+05 6.179104909944125211e+03   471723.849706150009 -1.8490742148742356e-03
2023-04-17T12:18:54.000 2.653967807916435413e+05 6.181007536460175288e+03   471710.736871523259 -8.1052222799371521e-04
2023-04-17T12:19:04.000 2.327701072924457840e+05 6.198286741626263392e+03   471697.619732497784 +2.6076289327647828e-04
2023-04-17T12:19:14.000 2.829810092546511441e+05 6.216533609646869991e+03   471684.496759567643 -1.7180017346163368e-04
2023-04-17T12:19:24.000 2.324300274311878602e+05 6.172714189279307902e+03   471671.369563727814 -5.0428643214672775e-04
2023-04-17T12:19:34.000 2.279581779461931728e+05 6.194209814202999041e+03   471658.239877077227 +9.8833808442577720e-04
2023-04-17T12:19:44.000 2.452049659420461103e+05 6.201425973527612769e+03   471645.104065826512 +6.6522470467589301e-04
2023-04-17T12:19:54.000 2.563543621831414639e+05 6.183351408399745196e+03   471631.964577467123 +9.6681107504537067e-04
2023-04-17T12:20:04.000 2.417031209283793869e+05 6.178844719692041508e+03   471618.819693257567 +1.6730777247175865e-04
2023-04-17T12:20:14.000 2.707540331155344029e+05 6.179430844583974249e+03   471605.670977472560 -1.7605235620976600e-04
2023-04-17T12:20:24.000 2.476067457813008223e+05 6.223479489200937678e+03   471592.518461250875 -3.9166596707218559e-05
2023-04-17T12:20:34.000 2.851460364210902480e+05 6.223061625897461454e+03   471579.362009302771 +4.3564595421230479e-04
2023-04-17T12:20:44.000 2.545539412581735232e+05 6.210298489262738258e+03   471566.202202246641 +1.8219806136130501e-03
2023-04-17T12:20:54.000 2.315389032573248551e+05 6.203561617151078281e+03   471553.035831855959 +9.0459455577729386e-04
2023-04-17T12:21:04.000 2.596249706092941924e+05 6.196241287035149071e+03   471539.866478620446 +1.2569678167437814e-03
2023-04-17T12:21:14.000 2.339044621703063603e+05 6.176412032067989458e+03   471526.691250507778 -1.9934382294195530e-05
2023-04-17T12:21:24.000 2.553561903805278125e+05 6.192878129073996206e+03   471513.512698655773 -3.8196954517388804e-04
2023-04-17T12:21:34.000 2.383328249056523491e+05 6.161625426040642196e+03   471500.328717408876 -1.9417813239215320e-03
2023-04-17T12:21:44.000 2.544585582329095341e+05 6.208057555296337341e+03   471487.143386118172 -6.2699909972252499e-04
