# Observation conducted on 2023.04.17 at Hb rev. 2
# Base frequency: 8435.50 MHz dF: 0.2 Hz dT: 10.0 s Nscans: 1 
# Format: UTC Time     |    Signal-to-Noise     |      Spectral max      | Freq detection [Hz] |   Doppler noise [Hz]  |
# 
2023-04-17T12:21:54.000 2.251884007290161389e+05 5.962882298350559722e+03   471473.952527477348 -1.0126230558853422e-03
2023-04-17T12:22:04.000 2.260976102995940018e+05 5.914513061886766991e+03   471460.758661903616 +8.4804649532088661e-05
2023-04-17T12:22:14.000 2.197369319293245499e+05 5.941040314036058589e+03   471447.557874359016 -1.5406149661885138e-03
2023-04-17T12:22:24.000 2.095187888738804613e+05 5.920603947391704423e+03   471434.356126694242 +6.5666563841659809e-05
2023-04-17T12:22:34.000 2.378423776195546088e+05 5.896828429261311612e+03   471421.151120600058 +2.5980348611938098e-03
2023-04-17T12:22:44.000 2.115740522648316110e+05 5.920684175935382882e+03   471407.936868558987 +6.1664952795581485e-05
2023-04-17T12:22:54.000 2.488620641936555621e+05 5.908566094698611778e+03   471394.722450329806 +1.5290054707293166e-03
2023-04-17T12:23:04.000 2.316914072198230424e+05 5.985718089181010328e+03   471381.500084419735 -7.8874858900235267e-04
2023-04-17T12:23:14.000 2.214850594663438969e+05 5.943278251793685740e+03   471368.276678225840 +8.4848157939632074e-06
2023-04-17T12:23:24.000 2.404953013241280569e+05 5.950908628770741416e+03   471355.048014418571 -3.0394115469789540e-04
2023-04-17T12:23:34.000 2.300588260402278102e+05 5.942796707834505469e+03   471341.815028393059 -7.9795085878231475e-04
2023-04-17T12:23:44.000 2.431109660780789272e+05 5.941169764134112484e+03   471328.580062965339 +8.6194990842614061e-04
2023-04-17T12:23:54.000 2.382094862555832078e+05 5.921189944981386361e+03   471315.338463935186 +1.4236702782000066e-05
2023-04-17T12:24:04.000 2.249611321612189931e+05 5.936894561739691198e+03   471302.092989685654 -5.9003371529797732e-04
2023-04-17T12:24:14.000 2.369788425025785400e+05 5.904509161409248009e+03   471288.845054999751 +4.5659319300739298e-04
2023-04-17T12:24:24.000 2.237570105533183378e+05 5.886344629339355379e+03   471275.591918236343 +4.0514573333894077e-04
2023-04-17T12:24:34.000 2.209615306366844161e+05 5.947861974054834718e+03   471262.333356567717 -9.7453660498558747e-04
2023-04-17T12:24:44.000 2.434393924547434144e+05 5.947770429487611182e+03   471249.071775629418 -1.2841530115110800e-03
2023-04-17T12:24:54.000 2.425988155337152130e+05 5.926861922839765612e+03   471235.806803041778 -9.0341992188314180e-04
2023-04-17T12:25:04.000 2.355011116214427457e+05 5.913788434319799308e+03   471222.538311686600 +3.3205753197762533e-05
2023-04-17T12:25:14.000 2.221680580019839981e+05 5.925207250552330152e+03   471209.263236893632 -1.5462868886970682e-03
2023-04-17T12:25:24.000 2.603073704240478401e+05 5.867706797159185953e+03   471195.990190811572 +2.9629082913515958e-03
2023-04-17T12:25:34.000 2.445325439159960079e+05 5.897312687277641089e+03   471182.704717999150 -9.0199441069671593e-04
2023-04-17T12:25:44.000 2.310066351003694872e+05 5.874493334771210357e+03   471169.420257717080 +2.9091951262216753e-04
2023-04-17T12:25:54.000 2.318634653818679508e+05 5.867439191749888778e+03   471156.129794076260 -4.8158695517486194e-04
2023-04-17T12:26:04.000 2.582255885137611767e+05 5.853909831239077903e+03   471142.836326142773 -2.2779747155254881e-04
2023-04-17T12:26:14.000 2.299235011288278911e+05 5.860878568174880456e+03   471129.538161967357 -6.4701263499955530e-04
2023-04-17T12:26:24.000 2.663835509268048918e+05 5.831673908864039731e+03   471116.237357184757 +3.0904914251550508e-04
2023-04-17T12:26:34.000 2.151320769824545132e+05 5.862349263026607332e+03   471102.930244202435 -1.0345592370413215e-03
2023-04-17T12:26:44.000 2.553469976958668558e+05 5.830172778702900359e+03   471089.620399656182 -1.1085582290206730e-03
2023-04-17T12:26:54.000 2.292867809332485776e+05 5.844131619269141993e+03   471076.307578632608 -1.6521889801879297e-04
2023-04-17T12:27:04.000 2.494664980197896366e+05 5.821440774641288954e+03   471062.990558523627 +5.6549138946593303e-04
2023-04-17T12:27:14.000 2.403756758098296996e+05 5.781126231767091667e+03   471049.668732283171 +4.6916580447486922e-04
2023-04-17T12:27:24.000 2.333252261816839746e+05 5.833475020298033087e+03   471036.345006170683 +2.4447018244018182e-03
2023-04-17T12:27:34.000 2.354407409101226076e+05 5.851194713431872515e+03   471023.011884689506 -1.0107607180316336e-03
2023-04-17T12:27:44.000 2.464990098218636704e+05 5.800095284973113849e+03   471009.680206622637 +9.3419641927994235e-04
2023-04-17T12:27:54.000 2.328886144928343128e+05 5.809128130058828901e+03   470996.342328026018 +6.2826313819641655e-04
2023-04-17T12:28:04.000 2.438230502262200171e+05 5.788360123245534851e+03   470983.000379280827 +1.9445323630407074e-04
2023-04-17T12:28:14.000 2.174881774934688292e+05 5.846992721988315679e+03   470969.652851412829 -1.8835760253068656e-03
2023-04-17T12:28:24.000 2.495345138584166707e+05 5.823281466970834117e+03   470956.305984889448 +6.2727302929488360e-04
2023-04-17T12:28:34.000 2.322818968442960177e+05 5.825155856946118547e+03   470942.952961997536 +9.0191654214777373e-04
2023-04-17T12:28:44.000 2.404829439252121083e+05 5.891737209390130374e+03   470929.593589588592 -1.2601659595929959e-03
2023-04-17T12:28:54.000 2.277695313294169318e+05 5.852128382310582310e+03   470916.233403692604 -3.3031743544142955e-04
2023-04-17T12:29:04.000 2.112698317803749233e+05 5.876205171432346106e+03   470902.871988850704 +3.2686293600363570e-03
2023-04-17T12:29:14.000 2.525782380341297248e+05 5.850914075139721717e+03   470889.503032632521 +3.2168689858735888e-03
2023-04-17T12:29:24.000 2.533370251127318188e+05 5.846031677687244155e+03   470876.125746357488 -1.2816548299952046e-03
2023-04-17T12:29:34.000 2.272107430739401025e+05 5.839634105421033382e+03   470862.750262115558 -1.0222904336387728e-04
2023-04-17T12:29:44.000 2.361099490520184336e+05 5.859499746902080915e+03   470849.368836606445 -9.9553139648378419e-04
2023-04-17T12:29:54.000 2.463024029310201004e+05 5.891447667032038225e+03   470835.983862463152 -1.5763072700565317e-03
2023-04-17T12:30:04.000 2.537787189361414639e+05 5.869262003720004031e+03   470822.599654429010 +2.4628073679195950e-03
2023-04-17T12:30:14.000 2.243932494195800973e+05 5.893247649026382533e+03   470809.204370839579 -7.2723179596323462e-04
2023-04-17T12:30:24.000 2.234888055575450417e+05 5.905683502231720013e+03   470795.808545653999 -6.1984601609310630e-04
2023-04-17T12:30:34.000 2.476063819933774066e+05 5.928621906391495031e+03   470782.407705242920 -1.6960460447990044e-03
2023-04-17T12:30:44.000 2.243286832679308136e+05 5.908542020214483273e+03   470769.005673735111 -1.3908489609093522e-04
2023-04-17T12:30:54.000 2.135354361799375620e+05 5.897755673092658071e+03   470755.598489057855 +8.1582336406427203e-05
2023-04-17T12:31:04.000 2.451707495492423186e+05 5.888098180181965290e+03   470742.186230242543 -9.6239588845037360e-04
2023-04-17T12:31:14.000 2.212502591931738134e+05 5.974915772275482595e+03   470728.769064782595 -3.1109096136106018e-03
2023-04-17T12:31:24.000 2.142412416512094205e+05 5.915789305040339059e+03   470715.352380971424 -9.8304925393222220e-04
2023-04-17T12:31:34.000 2.304672321847982821e+05 5.948321120811235232e+03   470701.929722670873 -1.0423371797969594e-03
2023-04-17T12:31:44.000 2.484002961410987191e+05 5.918359329851283292e+03   470688.503537321056 -8.4871794297214365e-04
2023-04-17T12:31:54.000 2.408884997115212027e+05 5.940435956985907978e+03   470675.072562018468 -1.6724800404972484e-03
2023-04-17T12:32:04.000 2.269496000329135859e+05 5.922554772226822024e+03   470661.643948630430 +3.6308586483073668e-03
2023-04-17T12:32:14.000 2.430500703011475562e+05 5.883981393234369534e+03   470648.202869504574 +2.2626022632721288e-04
2023-04-17T12:32:24.000 2.346715901193563768e+05 5.880660678886804817e+03   470634.761254240351 +3.5938416544922802e-05
2023-04-17T12:32:34.000 2.324861766954207269e+05 5.890625038534134546e+03   470621.316712841392 +6.6251112730242312e-04
2023-04-17T12:32:44.000 2.367440959094760183e+05 5.905646528990543629e+03   470607.867157192493 +1.0477000842001871e-05
2023-04-17T12:32:54.000 2.453624675696603372e+05 5.881759624877530769e+03   470594.416844355233 +2.3295116510553271e-03
2023-04-17T12:33:04.000 2.251841474398988066e+05 5.941565222153719333e+03   470580.958779709239 +6.1760851758663193e-04
2023-04-17T12:33:14.000 2.194969521893097262e+05 5.877685793392638516e+03   470567.498084619700 -1.1253306183789391e-05
2023-04-17T12:33:24.000 2.403645004753290559e+05 5.881031760381009008e+03   470554.035880823678 +1.5572771343386194e-03
2023-04-17T12:33:34.000 2.573713995977364539e+05 5.909804135299480549e+03   470540.566685593280 -1.6691408927727025e-04
2023-04-17T12:33:44.000 2.431257592282836267e+05 5.879546808011816211e+03   470527.094688207726 -1.0019336061759532e-03
2023-04-17T12:33:54.000 2.310595618491318310e+05 5.864012376895077068e+03   470513.621022877458 +1.7904317053307750e-04
2023-04-17T12:34:04.000 2.446956180708753527e+05 5.930566302305875979e+03   470500.140719562653 -1.6014090510907408e-03
2023-04-17T12:34:14.000 2.272713025511334417e+05 5.901847901788228228e+03   470486.658070037374 -2.0589015924770138e-03
2023-04-17T12:34:24.000 2.323008385942637979e+05 5.906685887875135450e+03   470473.176437220420 +2.1620993067017480e-03
2023-04-17T12:34:34.000 2.389143187493388541e+05 5.845439821275284885e+03   470459.684946521535 +1.7961879973427131e-04
2023-04-17T12:34:44.000 2.374290994012632582e+05 5.906132613396791385e+03   470446.189933635935 -1.6780325253193951e-03
2023-04-17T12:34:54.000 2.375679842311593529e+05 5.876077593620630068e+03   470432.696091938007 +1.2751358841569527e-03
2023-04-17T12:35:04.000 2.409184718986248772e+05 5.837961274633501489e+03   470419.196085372707 +1.6956853420424522e-03
2023-04-17T12:35:14.000 2.275491079307791952e+05 5.854847923111339696e+03   470405.691733812506 +1.3961053849698146e-03
2023-04-17T12:35:24.000 2.294889877525584307e+05 5.838608414509349132e+03   470392.183953624975 +1.2853808365207442e-03
2023-04-17T12:35:34.000 2.247486382904593193e+05 5.861373705547477584e+03   470378.669810672756 -1.5780075455040787e-03
2023-04-17T12:35:44.000 2.162900495091202029e+05 5.806150846790157630e+03   470365.157520923472 +1.0145264543552912e-03
2023-04-17T12:35:54.000 2.275692295146198594e+05 5.859579400236591937e+03   470351.635975804587 -2.0529705417402511e-03
2023-04-17T12:36:04.000 2.248655629581374815e+05 5.838050817617669054e+03   470338.116344474605 +3.8127981792968058e-04
2023-04-17T12:36:14.000 2.167549776054418471e+05 5.830903090718321437e+03   470324.590958680084 +6.4164477146277932e-04
2023-04-17T12:36:24.000 2.484534865686447592e+05 5.805609735419307981e+03   470311.061520944932 +4.2326964955918811e-04
2023-04-17T12:36:34.000 2.361605806018795120e+05 5.844723843165998005e+03   470297.528621441917 +3.0894923679625208e-04
2023-04-17T12:36:44.000 2.142193248872991826e+05 5.822753716647144756e+03   470283.992681561853 +7.1269747820679186e-04
2023-04-17T12:36:54.000 2.385919442139952153e+05 5.854753003040693329e+03   470270.452683523181 +6.0935658177641017e-04
2023-04-17T12:37:04.000 2.481784947446146398e+05 5.830643939253416647e+03   470256.906841517717 -1.7942568495072919e-03
2023-04-17T12:37:14.000 2.349449900040202192e+05 5.816230450702681992e+03   470243.359959727968 -1.7013345113809919e-03
2023-04-17T12:37:24.000 2.308407687337567622e+05 5.847187339341036022e+03   470229.812002332823 +8.4492921496348572e-04
2023-04-17T12:37:34.000 2.523765954155169893e+05 5.827393057270243844e+03   470216.257127444085 -4.7261809186238679e-06
2023-04-17T12:37:44.000 2.517223582841095049e+05 5.837044082288160098e+03   470202.697755915637 -1.8368178560876913e-03
2023-04-17T12:37:54.000 2.562199230973636440e+05 5.850547719794398290e+03   470189.140427732142 +1.8812686860201211e-03
2023-04-17T12:38:04.000 2.307238867830969975e+05 5.847018362700737271e+03   470175.573644985212 -3.5574373885083332e-04
2023-04-17T12:38:14.000 2.526845421516227943e+05 5.822738011326869128e+03   470162.004511405132 -1.4514926293713870e-03
2023-04-17T12:38:24.000 1.944975567795476527e+05 5.866792496973529524e+03   470148.432472029293 -1.9683068939002624e-03
2023-04-17T12:38:34.000 2.477529011371902889e+05 5.894604444669511395e+03   470134.859409191762 -3.1217801733873785e-05
2023-04-17T12:38:44.000 2.446469666868938366e+05 5.877163354012552190e+03   470121.281438219245 +4.6773755013873597e-04
2023-04-17T12:38:54.000 2.427899999553892121e+05 5.849007703254957960e+03   470107.699307673960 +2.6975887749358662e-04
2023-04-17T12:39:04.000 1.862934776845439337e+05 5.904316195652890201e+03   470094.111216082063 -2.4339888032045565e-03
2023-04-17T12:39:14.000 2.235617549629806599e+05 5.896087521401159393e+03   470080.525326587958 +5.1227925484909065e-04
2023-04-17T12:39:24.000 2.138051959511906898e+05 5.846887474378019760e+03   470066.933119540219 +5.8155341639576363e-04
2023-04-17T12:39:34.000 2.409769237899041618e+05 5.868298482179538951e+03   470053.335335187614 -1.4932742317341763e-03
2023-04-17T12:39:44.000 2.080021919936623599e+05 5.885872630895924885e+03   470039.738831345807 +1.1382568624185296e-03
2023-04-17T12:39:54.000 2.375168170731496648e+05 5.927882996675509276e+03   470026.137797306932 +2.6580851837252339e-03
2023-04-17T12:40:04.000 2.449615315435035736e+05 5.943395723800818814e+03   470012.531558353745 +2.3841416318646225e-03
2023-04-17T12:40:14.000 2.497947041961464856e+05 5.918406354262792775e+03   469998.919458085555 -3.4732460096620343e-04
2023-04-17T12:40:24.000 2.366977372678297397e+05 5.900780593668610891e+03   469985.306228196132 -8.1196827102303359e-04
2023-04-17T12:40:34.000 2.318182338022369950e+05 5.942942540661713792e+03   469971.689574596763 -1.3112249400819564e-03
2023-04-17T12:40:44.000 2.228601612617347855e+05 5.923904314066574443e+03   469958.071801553480 +4.5182643111729703e-04
2023-04-17T12:40:54.000 2.226304817774989933e+05 5.910896199778681876e+03   469944.448450705153 +1.1481685305625433e-05
2023-04-17T12:41:04.000 2.331777041701337148e+05 5.911920507457981330e+03   469930.822312357428 +1.5070532617755816e-04
2023-04-17T12:41:14.000 2.185766311944990302e+05 5.948892184961246130e+03   469917.192496899981 -2.7452580980025232e-05
2023-04-17T12:41:24.000 2.530316379954956647e+05 6.001977430894020472e+03   469903.559936793230 +4.0213123998000810e-04
2023-04-17T12:41:34.000 2.272854666419396235e+05 6.026823743204990024e+03   469889.923111092357 -8.8823474584387441e-05
2023-04-17T12:41:44.000 2.489500921891762409e+05 6.051563725232800607e+03   469876.282747804071 -7.7964334707303351e-04
