# Observation conducted on 2023.04.17 at Hb rev. 2
# Base frequency: 0.00 MHz dF: 0.2 Hz dT: 10.0 s Nscans: 1 
# Format: UTC Time     |    Signal-to-Noise     |      Spectral max      | Freq detection [Hz] |   Doppler noise [Hz]  |
# 
2023-04-17T09:10:03.000 2.265872239674652519e+05 5.872563710463784446e+03   482121.672559114755 -5.3724357046235127e-02
2023-04-17T09:10:13.000 2.415724898024899594e+05 6.013486005923799894e+03   482117.821604870376 +3.6581141383749127e-02
2023-04-17T09:10:23.000 2.309696946081652422e+05 6.378141656319335198e+03   482113.928229763347 +8.7444348794065263e-02
2023-04-17T09:10:33.000 2.266575751394524414e+05 5.597899218170387030e+03   482109.802652567974 -9.0807101194400275e-02
2023-04-17T09:10:43.000 2.222795422770325968e+05 5.313573145899420524e+03   482105.869189112273 -7.3753613432472775e-02
2023-04-17T09:10:53.000 2.553115789787864487e+05 6.400665583609056739e+03   482101.976539155061 -1.2596655964216552e-02
2023-04-17T09:11:03.000 2.419599137819018797e+05 6.224269442013594926e+03   482098.052328830410 +2.0383782512794824e-02
2023-04-17T09:11:13.000 2.608011274551661045e+05 5.821432201685278415e+03   482094.053071019938 -1.8210336496395030e-02
2023-04-17T09:11:23.000 2.286637684439138102e+05 5.929303805914219083e+03   482089.955387562746 -1.5167279337367745e-01
2023-04-17T09:11:33.000 2.175846911845788127e+05 5.882370886845845234e+03   482086.083780774556 -5.5421492503342051e-02
2023-04-17T09:11:43.000 2.262388345483739395e+05 5.864870464704805272e+03   482082.134958438401 -3.2673373663556049e-02
2023-04-17T09:11:53.000 2.503330193214312603e+05 6.106029978644298353e+03   482078.281300293107 +8.9022174899582751e-02
2023-04-17T09:12:03.000 2.533407704379910429e+05 6.087476579370800209e+03   482074.224240998214 +1.1166379505084478e-02
2023-04-17T09:12:13.000 2.453768481418399897e+05 5.988217259116311652e+03   482070.286580654501 +5.6621700238565609e-02
2023-04-17T09:12:23.000 2.616226509116415691e+05 6.070492560619557480e+03   482066.363264008251 +1.2039113305672799e-01
2023-04-17T09:12:33.000 2.204237986376284389e+05 6.166070371474464082e+03   482062.371484862000 +1.1972271911452026e-01
2023-04-17T09:12:43.000 2.129699804016756243e+05 6.276254929809498208e+03   482058.349462475453 +9.2886044009901525e-02
2023-04-17T09:12:53.000 2.708691739569977508e+05 6.344269223572038754e+03   482054.364905572962 +1.0763634327611271e-01
2023-04-17T09:13:03.000 2.392270095832489023e+05 5.998111550741019528e+03   482050.322091888811 +6.8294146249058940e-02
2023-04-17T09:13:13.000 2.271656699785971723e+05 5.836748699177864182e+03   482046.393849497894 +1.4772670478953387e-01
2023-04-17T09:13:23.000 2.404068923436405894e+05 6.289314185387511316e+03   482042.247009011393 +1.2800287575259972e-02
2023-04-17T09:13:33.000 2.651902545313199516e+05 6.283042670066890423e+03   482038.189731788647 -2.8291510188068969e-02
2023-04-17T09:13:43.000 2.354379977090291504e+05 6.019447635699801140e+03   482034.127692401118 -6.9845204044213460e-02
2023-04-17T09:13:53.000 2.334971881243019889e+05 6.247178282039562873e+03   482030.092784357839 -7.9941596809931070e-02
2023-04-17T09:14:03.000 2.338165784973045229e+05 6.058356421017298089e+03   482026.056805665314 -8.6760120463964086e-02
2023-04-17T09:14:13.000 2.578720692294143082e+05 6.457996145996971791e+03   482022.110855048406 +8.1748335912834591e-04
2023-04-17T09:14:23.000 2.375239454020943667e+05 5.845967112424283187e+03   482017.989876443753 -8.2248245162190869e-02
2023-04-17T09:14:33.000 2.655598410869956715e+05 6.099098385666865397e+03   482013.933851940965 -9.5961444585100253e-02
2023-04-17T09:14:43.000 2.395240416365392739e+05 5.911014538696317686e+03   482009.926231858728 -5.6860757771346471e-02
2023-04-17T09:14:53.000 2.486085487454650865e+05 6.216949741851602084e+03   482005.915550456266 -1.6403521853249003e-02
2023-04-17T09:15:03.000 2.057318488087314472e+05 5.789451639849050480e+03   482001.853396309714 -2.2995293961116658e-02
2023-04-17T09:15:13.000 2.345150059778639989e+05 5.971996169657671089e+03   481997.771822628099 -4.4579436787216764e-02
2023-04-17T09:15:23.000 2.339773306861584424e+05 5.889874487213368411e+03   481993.708179428650 -4.3804844944475008e-02
2023-04-17T09:15:33.000 2.179456318382667669e+05 6.155779396631475720e+03   481989.653922193567 -2.9217189979249270e-02
2023-04-17T09:15:43.000 2.286200220763562538e+05 5.800287645845778570e+03   481985.561429693422 -4.8440998631349430e-02
2023-04-17T09:15:53.000 2.524122382043921680e+05 6.139133035359110181e+03   481981.445336630626 -8.6846911103066304e-02
2023-04-17T09:16:03.000 2.571288018049509265e+05 6.176482044974309247e+03   481977.428987610154 -2.1097611868981403e-02
2023-04-17T09:16:13.000 2.541200578313135775e+05 5.678491815749001944e+03   481973.322973567294 -4.0611304165281581e-02
2023-04-17T09:16:23.000 2.694841278312525828e+05 6.081731718665727385e+03   481969.246315290802 -2.6378087826628871e-02
2023-04-17T09:16:33.000 2.509444744992339984e+05 6.164115757936402588e+03   481965.270955210435 +9.3531926142986777e-02
2023-04-17T09:16:43.000 2.584010439952582819e+05 6.286160882160490473e+03   481961.163842762471 +8.6054079305085907e-02
2023-04-17T09:16:53.000 2.505586823998745531e+05 5.725267426861604690e+03   481956.984456444625 +1.0651319135718040e-02
2023-04-17T09:17:03.000 2.520065056608968298e+05 5.885190534564877453e+03   481952.792434700357 -7.3054818206401251e-02
2023-04-17T09:17:13.000 2.436313136915967625e+05 5.511710367171331200e+03   481948.734403186478 -1.8456842405953466e-02
2023-04-17T09:17:23.000 1.959116857048219244e+05 5.510747246695853391e+03   481944.777915484505 +1.4197950110224156e-01
2023-04-17T09:17:33.000 2.417199743341526773e+05 5.458089520674783671e+03   481940.431880823919 -8.2856947709615270e-02
2023-04-17T09:17:43.000 2.714743673924556351e+05 6.007453209221518591e+03   481936.307429366512 -8.1857380427891258e-02
2023-04-17T09:17:53.000 2.252268909943978360e+05 5.224726902668675393e+03   481932.321257947769 +6.1652819056575936e-02
2023-04-17T09:18:03.000 1.905660994378944451e+05 5.259072170395121248e+03   481928.168379062787 +4.2663159163225828e-02
2023-04-17T09:18:13.000 2.503184579908974993e+05 6.172662651379850104e+03   481924.106271989935 +1.1862926230651283e-01
2023-04-17T09:18:23.000 1.959035413523575698e+05 4.938095595242737545e+03   481919.874812293332 +2.9402465690168356e-02
2023-04-17T09:18:33.000 2.311150537068936101e+05 6.164227002081960563e+03   481915.600594063872 -9.8447839168898099e-02
2023-04-17T09:18:43.000 2.168632640117797127e+05 5.958782074641483632e+03   481911.550532426278 +1.9683984741050153e-03
2023-04-17T09:18:53.000 2.727387557501466363e+05 5.758006045836374142e+03   481907.449456754548 +5.5455203036899547e-02
2023-04-17T09:19:03.000 2.301077124943740200e+05 6.000500865403152602e+03   481903.206347898522 -2.9032103497456774e-02
2023-04-17T09:19:13.000 2.593293033162655192e+05 5.929358183218681006e+03   481899.034771561739 -3.7953424400939184e-02
2023-04-17T09:19:23.000 2.444475815887852514e+05 6.190414715668672216e+03   481894.928470754647 +2.2408662538964563e-02
2023-04-17T09:19:33.000 2.386915114526781254e+05 5.980283223941553842e+03   481890.849866604724 +1.1444981380407171e-01
2023-04-17T09:19:43.000 2.403818178732624801e+05 5.763608777085156362e+03   481886.662897464819 +1.0208312653469420e-01
2023-04-17T09:19:53.000 2.040722389073000522e+05 5.506830504948227826e+03   481882.425242625293 +4.2962949292700614e-02
2023-04-17T09:20:03.000 2.514532563753482245e+05 6.151004466531521757e+03   481878.220305155613 +2.0467821658030516e-02
2023-04-17T09:20:13.000 2.352773154122621927e+05 5.741922633614400183e+03   481874.118469770357 +1.0495843859155229e-01
2023-04-17T09:20:23.000 2.631336971317455755e+05 6.145345228332040278e+03   481869.899450220750 +7.6125140449676110e-02
2023-04-17T09:20:33.000 2.227838317668478121e+05 5.592437587384727522e+03   481865.690332485188 +6.1031201426999360e-02
2023-04-17T09:20:43.000 2.538228519252373662e+05 6.058888000582607674e+03   481861.334531592263 -9.6930248636908800e-02
2023-04-17T09:20:53.000 2.424780570403563615e+05 6.009673549617261415e+03   481857.159909889044 -6.9917858320422965e-02
2023-04-17T09:21:03.000 2.009846131866470969e+05 5.562973296908508928e+03   481853.047186270938 +2.2767274366628953e-02
2023-04-17T09:21:13.000 2.196579677742882632e+05 5.770976231371752874e+03   481848.833122301148 +1.7867818851073025e-02
2023-04-17T09:21:23.000 2.640190085717267939e+05 6.214874070833062433e+03   481844.713091267098 +1.1073936739239798e-01
2023-04-17T09:21:33.000 2.656741619976809015e+05 5.962027880192312296e+03   481840.385096827697 -6.3081973814860248e-04
2023-04-17T09:21:43.000 2.447587940006003482e+05 6.039085395336946021e+03   481836.188979687286 +2.3582958129281906e-02
2023-04-17T09:21:53.000 2.318844011209995369e+05 6.095847770476811093e+03   481831.963490100636 +2.2117445225376287e-02
2023-04-17T09:22:03.000 2.466640188834797591e+05 6.120444253719359040e+03   481827.703003699309 -1.0663645690897283e-02
2023-04-17T09:22:13.000 2.742210852771497448e+05 5.975833946415766150e+03   481823.395301924727 -8.6989102380016448e-02
2023-04-17T09:22:23.000 2.348766276543402637e+05 5.826065458308209600e+03   481819.206639040320 -4.0613102436282134e-02
2023-04-17T09:22:33.000 2.275380707080553984e+05 6.222080664190016250e+03   481815.011608144327 +3.0508977413319371e-03
2023-04-17T09:22:43.000 2.453817436247454025e+05 6.054764671837359856e+03   481810.824950314884 +5.8739406313179643e-02
2023-04-17T09:22:53.000 2.808346717331808177e+05 6.020964276874245115e+03   481806.550071369507 +2.9855753854462819e-02
2023-04-17T09:23:03.000 2.471596175322264316e+05 6.153928387667687275e+03   481802.254555648018 -1.6016025545923185e-02
2023-04-17T09:23:13.000 2.293065558319865377e+05 5.167244258122067549e+03   481797.972024733375 -4.5252375034692705e-02
2023-04-17T09:23:23.000 2.495882069644783041e+05 5.873651041522422929e+03   481793.822182957374 +6.1855388932713140e-02
2023-04-17T09:23:33.000 2.337594239174153772e+05 6.141880155497663509e+03   481789.404497649695 -9.5218576174488589e-02
2023-04-17T09:23:43.000 2.529952712105337996e+05 5.937773511177856562e+03   481785.195370909467 -4.0062768852862973e-02
2023-04-17T09:23:53.000 2.213984473392611835e+05 5.595337951646241891e+03   481780.902671844524 -6.4796006363167180e-02
2023-04-17T09:24:03.000 2.442521706201438792e+05 5.904215410621289266e+03   481776.514489386871 -1.8131451052477132e-01
2023-04-17T09:24:13.000 2.604351611263691448e+05 5.721417036820750582e+03   481772.274434240535 -1.4598986204180164e-01
2023-04-17T09:24:23.000 2.539628353905901604e+05 6.178960401753260157e+03   481768.040830185288 -1.0047759810072421e-01
2023-04-17T09:24:33.000 2.552915397384443495e+05 6.074435512271023981e+03   481763.860534211388 +2.1030203677128156e-03
2023-04-17T09:24:43.000 2.485082251675983716e+05 6.112746542835419859e+03   481759.564353494789 -7.4139175652589984e-03
2023-04-17T09:24:53.000 2.264313306074790016e+05 5.867782725127969570e+03   481755.282921748818 +1.6354768661130947e-03
2023-04-17T09:25:03.000 2.396740728216411371e+05 5.924381154927096759e+03   481750.860627233458 -1.2632700000597197e-01
2023-04-17T09:25:13.000 2.526156153596812219e+05 5.627007550847653874e+03   481746.641662918846 -4.7071382608351087e-02
2023-04-17T09:25:23.000 2.411316044861438277e+05 6.194180948554121642e+03   481742.379612251883 -6.9736713232941838e-03
2023-04-17T09:25:33.000 2.530252171473159979e+05 6.193250340760757354e+03   481738.100424246280 +1.9959355948003576e-02
2023-04-17T09:25:43.000 2.721596035168159287e+05 5.854384969661517971e+03   481733.915461009950 +1.4513776927799427e-01
2023-04-17T09:25:53.000 2.412529480989660369e+05 5.605302950492510718e+03   481729.607869473752 +1.5176031431656156e-01
2023-04-17T09:26:03.000 2.244764343276467989e+05 6.004988804994977727e+03   481725.229056909739 +9.1290028048319982e-02
2023-04-17T09:26:13.000 2.336112854021482926e+05 5.614221682947785666e+03   481720.962580291205 +1.4734369783025159e-01
2023-04-17T09:26:23.000 2.418479575434824801e+05 5.791921657212184073e+03   481716.526275256299 +3.7820922618607256e-02
2023-04-17T09:26:33.000 2.415718128447823110e+05 5.994127117522922163e+03   481712.234393159451 +7.7041263446176345e-02
2023-04-17T09:26:43.000 2.218621950272708782e+05 5.873311630935990252e+03   481707.886799088388 +6.4942357903646553e-02
2023-04-17T09:26:53.000 2.704118158926709439e+05 6.088126096420417525e+03   481703.461055131105 -2.0836713638459514e-02
2023-04-17T09:27:03.000 2.201338209822159843e+05 5.660059318372188500e+03   481699.090545672108 -4.6830034439835799e-02
2023-04-17T09:27:13.000 2.236293356825504452e+05 5.715811105591501473e+03   481694.730574201967 -5.7647943030133320e-02
2023-04-17T09:27:23.000 2.229860237103310064e+05 6.310308279508373744e+03   481690.443427535298 +9.0872831099204632e-03
2023-04-17T09:27:33.000 2.493004167495273578e+05 5.638066198694075865e+03   481686.036791342136 -3.8842943042595834e-02
2023-04-17T09:27:43.000 2.553504954635559407e+05 5.731854221116752342e+03   481681.674748863268 -3.7254704385077275e-02
2023-04-17T09:27:53.000 2.407487020686270262e+05 6.104155773063739616e+03   481677.363566178537 +2.0223787058398557e-02
2023-04-17T09:28:03.000 2.180411721367046412e+05 6.162464562975006629e+03   481672.987571099540 +1.8031181228025162e-02
2023-04-17T09:28:13.000 2.412367688367357478e+05 5.441746660310765037e+03   481668.571243504528 -1.9236577292303991e-02
2023-04-17T09:28:23.000 2.533015131284060772e+05 5.958972531644209994e+03   481664.107634840533 -9.8406648253217099e-02
2023-04-17T09:28:33.000 2.486585091354185424e+05 6.016882739170393506e+03   481659.830929806747 +1.4832485432748399e-02
2023-04-17T09:28:43.000 2.030757723702881776e+05 5.871261602071153902e+03   481655.461098581669 +4.0583343489288382e-02
2023-04-17T09:28:53.000 2.421190919889425568e+05 6.102704042034753002e+03   481651.008369641844 -1.0787634671714841e-02
2023-04-17T09:29:03.000 2.141824302336575056e+05 5.672030176059892256e+03   481646.566912316834 -4.4967437172203972e-02
2023-04-17T09:29:13.000 2.340481655746340984e+05 6.017929105103513393e+03   481642.280973593122 +8.2440423038178778e-02
2023-04-17T09:29:23.000 2.017021752926328627e+05 6.199618589735971000e+03   481637.875481542724 +9.6519434920423919e-02
2023-04-17T09:29:33.000 2.041439095357068873e+05 5.399103285559961478e+03   481633.441827470087 +8.8822334591100116e-02
2023-04-17T09:29:43.000 2.501677344772823271e+05 5.960001986326262340e+03   481628.863548447960 -5.6946260715790231e-02
2023-04-17T09:29:53.000 2.243417823964744748e+05 6.203729556440449414e+03   481624.394447201688 -8.6809869948751839e-02
