# Observation conducted on 2023.04.17 at Hb rev. 2
# Base frequency: 8435.50 MHz dF: 0.2 Hz dT: 10.0 s Nscans: 1 
# Format: UTC Time     |    Signal-to-Noise     |      Spectral max      | Freq detection [Hz] |   Doppler noise [Hz]  |
# 
2023-04-17T11:21:54.000 2.317821694501693128e+05 6.118795913226639641e+03   475896.315903295937 -1.1347148653158001e-03
2023-04-17T11:22:04.000 2.240025898056683654e+05 6.097109775325267947e+03   475885.083017587836 -6.7871562043819722e-04
2023-04-17T11:22:14.000 2.476763832061202556e+05 6.068509727329465022e+03   475873.843746558821 +8.2345925420668209e-06
2023-04-17T11:22:24.000 2.329254544747030886e+05 6.007001092650351893e+03   475862.598158769717 +9.8902992999683192e-04
2023-04-17T11:22:34.000 2.279297043271155271e+05 5.983563881734982715e+03   475851.345413180476 +1.4169480023156211e-03
2023-04-17T11:22:44.000 2.438056823879185831e+05 6.051039322308691226e+03   475840.082761486818 -1.4620134289771158e-03
2023-04-17T11:22:54.000 2.232120793255321332e+05 6.019116693459608541e+03   475828.817525038146 -3.3221840851638262e-04
2023-04-17T11:23:04.000 2.310355394758887414e+05 5.994177493412719741e+03   475817.545484350645 +5.8112087901918130e-04
2023-04-17T11:23:14.000 2.385064455335721432e+05 5.942847074403538500e+03   475806.266026136756 +6.5897305319140287e-04
2023-04-17T11:23:24.000 2.461522290753042907e+05 5.939983490561196959e+03   475794.980135449790 +8.8063274745309172e-04
2023-04-17T11:23:34.000 2.615038571404671820e+05 5.976262967197487342e+03   475783.687411794032 +8.3983069350779260e-04
2023-04-17T11:23:44.000 2.063620400553864310e+05 5.977832372868366292e+03   475772.387413974793 +8.9584149918664480e-05
2023-04-17T11:23:54.000 2.579857808050180611e+05 5.993335320858527666e+03   475761.081342008372 -1.7589361232239753e-04
2023-04-17T11:24:04.000 1.964179151399643742e+05 5.929492539258037141e+03   475749.770030795131 +8.7248067779910343e-04
2023-04-17T11:24:14.000 2.233473146770495514e+05 5.908010989702926054e+03   475738.449520637514 -7.3082200810858922e-04
2023-04-17T11:24:24.000 2.123346682032197132e+05 5.875201955405957960e+03   475727.125284897862 +4.8171491494031216e-04
2023-04-17T11:24:34.000 2.231407831294104690e+05 5.917839353789846427e+03   475715.792750204389 -6.9139988340793934e-05
2023-04-17T11:24:44.000 2.285756606180280214e+05 5.936583385961853310e+03   475704.455433345400 +1.1275280043037128e-03
2023-04-17T11:24:54.000 2.339962987024565227e+05 5.941575686578744353e+03   475693.109777715290 +5.0922605225878215e-04
2023-04-17T11:25:04.000 2.497601351465493499e+05 5.951155540235759872e+03   475681.756298890803 -1.4143700237809753e-03
2023-04-17T11:25:14.000 2.668365628421950387e+05 5.920845940056001382e+03   475670.399051822722 -5.9422382980756083e-04
2023-04-17T11:25:24.000 2.582364098616899282e+05 5.871049601996888669e+03   475659.034841393353 -2.3138075835049676e-04
2023-04-17T11:25:34.000 2.226159101687033544e+05 5.947919357752410178e+03   475647.662628277030 -1.3711073042941280e-03
2023-04-17T11:25:44.000 2.702909737287574098e+05 5.957314637515399227e+03   475636.285933142935 -4.9868818780396396e-04
2023-04-17T11:25:54.000 2.439103124394181941e+05 5.965504972713068128e+03   475624.901614362316 -7.6171905959654396e-04
2023-04-17T11:26:04.000 2.535316678199681337e+05 5.907803822157094146e+03   475613.512539825519 +7.0171092318105366e-04
2023-04-17T11:26:14.000 2.053051662993848440e+05 5.914914905378167532e+03   475602.114066411334 -7.5751169890736492e-04
2023-04-17T11:26:24.000 2.220951087189001264e+05 5.937858577626495389e+03   475590.709552906337 -1.7866051782675640e-03
2023-04-17T11:26:34.000 2.578544987088382477e+05 5.947983798831253807e+03   475579.300700530177 -6.9036684544698801e-04
2023-04-17T11:26:44.000 2.413943155160098686e+05 5.956624245120629894e+03   475567.884384822857 -5.9928608993686794e-04
2023-04-17T11:26:54.000 2.503594853594665474e+05 6.008801431401001537e+03   475556.460840616957 -1.2845716521496797e-03
2023-04-17T11:27:04.000 2.451525333927318861e+05 5.956993730947175209e+03   475545.033255409158 +4.3521984378003253e-04
2023-04-17T11:27:14.000 2.050997717045425670e+05 5.889530430759021328e+03   475533.598672391265 +1.5972149724348128e-03
2023-04-17T11:27:24.000 2.308382831148920231e+05 5.912174338470461407e+03   475522.156619249494 +1.7230231698022180e-03
2023-04-17T11:27:34.000 2.695149627369581140e+05 5.860204504797537993e+03   475510.707774905430 +1.4854777222126359e-03
2023-04-17T11:27:44.000 2.428787172063858889e+05 5.938593689811234071e+03   475499.251299583528 +3.8703365476067120e-05
2023-04-17T11:27:54.000 2.147218894467354985e+05 5.932306180673944255e+03   475487.791561274731 +1.7445800282303026e-03
2023-04-17T11:28:04.000 2.521822555000728462e+05 5.955433404930163306e+03   475476.323065369914 +1.1023765455320245e-03
2023-04-17T11:28:14.000 2.153236736839812365e+05 5.962704836327279736e+03   475464.848772776080 +1.0668668039670592e-03
2023-04-17T11:28:24.000 2.486964694755876262e+05 5.932865419614719031e+03   475453.366966211586 -8.5374763784784591e-05
2023-04-17T11:28:34.000 2.504329918088588165e+05 5.955002124521738551e+03   475441.877938746882 -2.0674321450542266e-03
2023-04-17T11:28:44.000 2.387152340489528433e+05 5.902469577570751426e+03   475430.386547029077 -2.8823660272792040e-05
2023-04-17T11:28:54.000 2.391724895064404118e+05 5.901004744997348098e+03   475418.887291477877 +5.2469495904006180e-04
2023-04-17T11:29:04.000 2.236392787114564562e+05 5.967101731900128470e+03   475407.381684457418 +1.0993019168381579e-03
2023-04-17T11:29:14.000 2.203787866438109486e+05 5.979078146402865968e+03   475395.867932224821 -1.0494161244878342e-04
2023-04-17T11:29:24.000 2.324847165846071439e+05 5.945711115812986463e+03   475384.349549202772 +4.2018092710804922e-04
2023-04-17T11:29:34.000 2.472558030011900992e+05 5.913578306622461241e+03   475372.824059349659 +1.9241197821884271e-04
2023-04-17T11:29:44.000 2.605342438151242677e+05 5.917662206689615232e+03   475361.291425460775 -8.3167869718181464e-04
2023-04-17T11:29:54.000 2.526338062060096127e+05 5.938571071389348617e+03   475349.752449916385 -1.8559460726237376e-03
2023-04-17T11:30:04.000 2.266487472298812645e+05 5.876757900463195256e+03   475338.210612424882 +5.9307344281478436e-04
2023-04-17T11:30:14.000 2.155333014372826437e+05 5.951481174318286321e+03   475326.658501902537 -9.0195786685853818e-04
2023-04-17T11:30:24.000 2.607406673012396786e+05 5.992336123869847142e+03   475315.101315317443 -1.1503350214070451e-03
2023-04-17T11:30:34.000 2.308275522857652977e+05 5.971779490722487935e+03   475303.538251178397 -9.5982157063190243e-04
2023-04-17T11:30:44.000 2.259643252753384004e+05 5.923970951186507591e+03   475291.969808631635 +1.6244763219219749e-04
2023-04-17T11:30:54.000 2.385971680703606980e+05 5.881101122366053460e+03   475280.394075894030 +2.9839947035270598e-04
2023-04-17T11:31:04.000 2.491988508264777774e+05 5.872127180941747611e+03   475268.811346962058 -2.6426801457546389e-04
2023-04-17T11:31:14.000 2.224041880422326503e+05 5.866011053988991989e+03   475257.223345626029 +1.9192843933524273e-04
2023-04-17T11:31:24.000 2.148445913437615964e+05 5.850074032928816450e+03   475245.629944364715 +1.5331520606878257e-03
2023-04-17T11:31:34.000 2.482752507701210561e+05 5.878155440598990026e+03   475234.027745510743 +3.5541206534617231e-04
2023-04-17T11:31:44.000 2.553969067948793818e+05 5.922472972238273542e+03   475222.420319748111 +2.2306070468403050e-04
2023-04-17T11:31:54.000 2.542593836233563488e+05 5.908646317555585483e+03   475210.807199747884 +6.6242929221971281e-04
2023-04-17T11:32:04.000 2.204534358199047274e+05 5.875702151020604106e+03   475199.186917568208 +1.9922875583233690e-04
2023-04-17T11:32:14.000 2.444630838129327167e+05 5.804237063008456971e+03   475187.562872944807 +2.2268396221534204e-03
2023-04-17T11:32:24.000 2.225524909209985053e+05 5.821109894205580531e+03   475175.929411232064 +1.0842537532198548e-03
2023-04-17T11:32:34.000 2.613562586537767202e+05 5.890995582275513698e+03   475164.289510065340 -2.5726352248511830e-04
2023-04-17T11:32:44.000 2.136608716133101843e+05 5.896958221179860629e+03   475152.645434959908 +4.6142574046825757e-04
2023-04-17T11:32:54.000 2.164285992371339817e+05 5.904444539883567813e+03   475140.993688473885 -2.6350458313117997e-04
2023-04-17T11:33:04.000 2.219101806848045962e+05 5.946266792997593257e+03   475129.337937843695 +1.2287905390166998e-03
2023-04-17T11:33:14.000 2.139510998351240996e+05 5.939125993067031231e+03   475117.672193558363 -1.0575979646318956e-03
2023-04-17T11:33:24.000 2.576846030527452531e+05 5.912319899237239952e+03   475106.002633194614 -9.5149830383434164e-04
2023-04-17T11:33:34.000 2.313386921565309749e+05 5.925916996292089607e+03   475094.327307582367 -4.0849190577318950e-04
2023-04-17T11:33:44.000 2.384849883412152412e+05 5.863995893372252795e+03   475082.647173136356 +1.5214180936027333e-03
2023-04-17T11:33:54.000 2.655653152037116815e+05 5.866768867065424274e+03   475070.958476576605 +1.0785276855358461e-03
2023-04-17T11:34:04.000 2.436619242246791837e+05 5.966276668714801417e+03   475059.261313353316 -1.6481432729733569e-03
2023-04-17T11:34:14.000 2.455736627883446927e+05 5.949775109700563007e+03   475047.561571167724 -7.7732978957101295e-04
2023-04-17T11:34:24.000 2.577428173783911043e+05 5.960769214822686990e+03   475035.854131761182 -1.4337326532540828e-03
2023-04-17T11:34:34.000 2.440468636925463506e+05 5.952770557116954478e+03   475024.141234168608 -1.3847647619513737e-03
2023-04-17T11:34:44.000 2.442065336798374192e+05 5.915180607014149246e+03   475012.424853745673 +1.3384761180077476e-03
2023-04-17T11:34:54.000 2.342556426448594138e+05 5.968557584992143347e+03   475000.694935330481 -3.3256308762474873e-03
2023-04-17T11:35:04.000 2.276849766041946132e+05 5.974132828703334781e+03   474988.964454887842 -2.4075850619738048e-03
2023-04-17T11:35:14.000 2.301944933639625669e+05 5.915907492397876013e+03   474977.229557381652 +2.3110793097202986e-04
2023-04-17T11:35:24.000 2.603033386809276999e+05 5.921062352931564419e+03   474965.487490522792 +1.8316845691970229e-03
2023-04-17T11:35:34.000 2.250410853683089954e+05 5.962428861031949964e+03   474953.736664840253 +7.9819468624009460e-04
2023-04-17T11:35:44.000 2.585717806891636865e+05 5.972833269994106558e+03   474941.979985638405 +2.9458352742040006e-05
2023-04-17T11:35:54.000 2.373563878603225457e+05 5.985980254721954225e+03   474930.216749785002 -1.1841453043643924e-03
2023-04-17T11:36:04.000 2.375575901904251077e+05 5.965125743146270906e+03   474918.449225410994 -5.8097860494399356e-04
2023-04-17T11:36:14.000 2.205072238117533852e+05 5.919734854016033751e+03   474906.676003710832 +4.2365550564227306e-04
2023-04-17T11:36:24.000 2.773561234873244539e+05 5.900405250262396294e+03   474894.896010375698 +7.4894619126553152e-04
2023-04-17T11:36:34.000 2.370859015206200420e+05 5.909403496950633780e+03   474883.109620299598 +7.6328186128193920e-04
2023-04-17T11:36:44.000 2.421186516906616162e+05 5.973582761294808734e+03   474871.315804829472 -5.6850053135804046e-04
2023-04-17T11:36:54.000 2.290405164384086966e+05 5.986192900058616033e+03   474859.516836553812 -9.8032591336050245e-04
2023-04-17T11:37:04.000 2.295824636316464457e+05 5.975430908907391313e+03   474847.713546939078 +3.5275494633424387e-04
2023-04-17T11:37:14.000 2.527436091925064975e+05 5.945174980037727437e+03   474835.903210431861 +6.9866778824234643e-04
2023-04-17T11:37:24.000 2.281106753628845327e+05 5.935029391312511507e+03   474824.086523850390 +7.4770676962998550e-04
2023-04-17T11:37:34.000 2.489669508689700160e+05 5.956277263200222478e+03   474812.263335175812 +3.4132572545786388e-04
2023-04-17T11:37:44.000 2.673044876956721419e+05 5.916966588046479046e+03   474800.434922565531 +7.5115145705240138e-04
2023-04-17T11:37:54.000 2.011547125947983295e+05 5.903874973490818775e+03   474788.601124289387 +1.8089204567104389e-03
2023-04-17T11:38:04.000 2.513552937449882738e+05 6.011851304235349744e+03   474776.758825734665 +3.9348374241399142e-04
2023-04-17T11:38:14.000 2.184778797789615055e+05 5.968645160934429441e+03   474764.910286472179 -1.2421270057529910e-03
2023-04-17T11:38:24.000 2.710584247579341754e+05 5.979619910424902628e+03   474753.058433543774 -1.7741120620939910e-04
2023-04-17T11:38:34.000 2.444498934814303357e+05 5.976915228526981991e+03   474741.201165797131 +1.4799346827203408e-03
2023-04-17T11:38:44.000 2.128400115816487523e+05 5.955280901212353456e+03   474729.335249979107 +4.9011144471933221e-04
2023-04-17T11:38:54.000 2.682357371613274445e+05 5.974212644549644210e+03   474717.462656206219 -1.1833128307898733e-03
2023-04-17T11:39:04.000 2.220710970780925127e+05 5.945685191579831553e+03   474705.587763339456 +8.3197244566690642e-04
2023-04-17T11:39:14.000 2.244437821439161489e+05 5.981414093260259506e+03   474693.704164909024 +1.2294542523250129e-04
2023-04-17T11:39:24.000 2.059862861701877555e+05 5.993106928999693991e+03   474681.814052324858 -1.1255380371721913e-03
2023-04-17T11:39:34.000 2.252704434664724104e+05 5.966040350252452299e+03   474669.920992848813 +6.4722837942099432e-04
2023-04-17T11:39:44.000 2.455634864032990590e+05 5.988073250400526376e+03   474658.019677910488 +1.2611743875368120e-04
2023-04-17T11:39:54.000 2.497143363218635786e+05 5.998342249582534350e+03   474646.112684677762 -1.1826136551462696e-04
2023-04-17T11:40:04.000 2.307620405775878462e+05 6.006783894478096954e+03   474634.197980747558 -2.1248706191272504e-03
2023-04-17T11:40:14.000 2.178514535686967429e+05 5.962198335784833034e+03   474622.281145753746 -3.2063684909644508e-04
2023-04-17T11:40:24.000 2.315104248543972208e+05 5.966448121157837704e+03   474610.356916655030 +2.4837306909830659e-05
2023-04-17T11:40:34.000 2.287166484525546257e+05 5.986850442069518067e+03   474598.426862501889 +4.7404005920270720e-04
2023-04-17T11:40:44.000 2.265109606862044602e+05 5.997560891535650626e+03   474586.488403974625 -1.5589109822258251e-03
2023-04-17T11:40:54.000 2.486622438165724743e+05 5.951795143241853111e+03   474574.547892650473 +2.7099809904029826e-04
2023-04-17T11:41:04.000 2.496632935168482945e+05 5.973050777978119186e+03   474562.599281488743 -8.9836913730323431e-05
2023-04-17T11:41:14.000 2.406500736116103944e+05 5.910854034141883858e+03   474550.645729540091 +5.1107080867041077e-04
2023-04-17T11:41:24.000 2.118401250649481080e+05 5.898345419497450166e+03   474538.685561065853 +3.9141883189586224e-04
2023-04-17T11:41:34.000 2.324855329231433279e+05 5.879436031480750898e+03   474526.719506240392 +2.7481755239477934e-04
2023-04-17T11:41:44.000 2.320374245603849413e+05 5.900906687183665781e+03   474514.747570967360 +1.6060724453836883e-04
