# Observation conducted on 2023-04-17 at Hb rev. 0
# Base frequency: 8415.50 MHz dF: 5.0 Hz dT: 5 s Nscans: 1
# Format: UTC Time     |   Signal-to-Noise  |    Spectral max    | Freq detection [Hz] |   Doppler noise [Hz]  |
# 
2023-04-17T09:00:02.500 18715.700826719952601707 0.732948656493123352   482122.644340376428 +5.4029049088130705e+00
2023-04-17T09:00:07.500 25022.843255712014070014 0.955373618405201630   482120.698660043709 +4.9871669345302507e+00
2023-04-17T09:00:12.500 25799.367111921415926190 0.913070225421491299   482118.804800973507 +4.6392960789962672e+00
2023-04-17T09:00:17.500 20785.420782236356899375 0.824912471433975725   482116.826023503789 +4.2222799136070535e+00
2023-04-17T09:00:22.500 25297.590642525126895634 0.996191126784208514   482114.920349546592 +3.8938701515435241e+00
2023-04-17T09:00:27.500 20458.173005113872932270 0.790110678644204811   482112.923503049999 +3.4895230996189639e+00
2023-04-17T09:00:32.500 25112.628008798601513263 0.947012618233980419   482110.913695391093 +3.0871850415715016e+00
2023-04-17T09:00:37.500 24178.085094848265725886 0.910389492811348733   482108.782978339004 +2.5786451919702813e+00
2023-04-17T09:00:42.500 22523.328203729804954492 0.832931677541365989   482106.802624050819 +2.2349156820564531e+00
2023-04-17T09:00:47.500 27964.545736167074210243 0.984683913542994893   482104.902251981839 +1.9853584603988566e+00
2023-04-17T09:00:52.500 21819.911581706597644370 0.801954832459036204   482102.989037809602 +1.7368942074826919e+00
2023-04-17T09:00:57.500 25618.533192521521414164 0.939310410735111345   482100.976488082320 +1.4027769737876952e+00
2023-04-17T09:01:02.500 24643.791883896290528355 0.938784563581254505   482099.027657525789 +1.1458114780834876e+00
2023-04-17T09:01:07.500 21370.220597588082455331 0.779129898566609969   482097.091222999443 +9.1442705289227888e-01
2023-04-17T09:01:12.500 26408.717845309878612170 0.977616120796805599   482095.088826992956 +6.3002113212132826e-01
2023-04-17T09:01:17.500 22087.858708152441977290 0.808021260915952722   482093.053549523640 +3.2543113845167682e-01
2023-04-17T09:01:22.500 24266.152833739542984404 0.928658874914755628   482090.951410139620 -3.3563523087650537e-02
2023-04-17T09:01:27.500 23644.953602362620586064 0.925106720867216681   482088.957512577937 -2.7209681685781106e-01
2023-04-17T09:01:32.500 22152.156096635739231715 0.797726728611031555   482087.031041810056 -4.3121904029976577e-01
2023-04-17T09:01:37.500 28825.993356060072983382 0.978048378284951392   482085.097061126900 -5.8609974919818342e-01
2023-04-17T09:01:42.500 19746.611329991661477834 0.812979102497548789   482083.094860312704 -7.9767959268065169e-01
2023-04-17T09:01:47.500 23143.303150767434999580 0.914468608020745366   482081.171116122219 -9.1950984648428857e-01
2023-04-17T09:01:52.500 26488.257619430834893137 0.957025421511823349   482079.213516250020 -1.0641284526791424e+00
2023-04-17T09:01:57.500 18909.973253221931372536 0.742166914678117795   482077.308390996011 -1.1454283642815426e+00
2023-04-17T09:02:02.500 25902.333637798794370610 0.973094199646032942   482075.250768129947 -1.3686026901123114e+00
2023-04-17T09:02:07.500 24620.398947649664478377 0.827626392423467028   482073.217802101804 -1.5567154940799810e+00
2023-04-17T09:02:12.500 25456.928272005716280546 0.888957343734830374   482071.281624753727 -1.6378510930808261e+00
2023-04-17T09:02:17.500 26611.929709968986571766 0.968129532591303743   482069.285660228692 -1.7687991578713991e+00
2023-04-17T09:02:22.500 20202.370552790031069890 0.742581781624157666   482067.326442280377 -1.8532374128699303e+00
2023-04-17T09:02:27.500 28558.634305618183134357 0.966674382520438025   482065.371557110746 -1.9237888081697747e+00
2023-04-17T09:02:32.500 22486.546009202484128764 0.859247388241701660   482063.390278655686 -2.0113862436846830e+00
2023-04-17T09:02:37.500 24384.842413030739407986 0.884973100686410108   482061.378024559061 -2.1208166048163548e+00
2023-04-17T09:02:42.500 25162.399841538466716884 0.947999069512943326   482059.357710541517 -2.2293664029566571e+00
2023-04-17T09:02:47.500 19050.259962601303413976 0.739613924487839913   482057.345781188051 -2.3207909978809766e+00
2023-04-17T09:02:52.500 25870.592098356562928529 0.993705145814152258   482055.376207741210 -2.3613168142619543e+00
2023-04-17T09:02:57.500 22838.711966837592626689 0.842869094492537663   482053.358773088024 -2.4413563640555367e+00
2023-04-17T09:03:02.500 25089.304618689449853264 0.907476770911355812   482051.291708231613 -2.5628717849031091e+00
2023-04-17T09:03:07.500 25511.924722860028850846 0.963646550495271592   482049.308204140281 -2.5928630006383173e+00
2023-04-17T09:03:12.500 18633.472272821778460639 0.732806150698636527   482047.376973167353 -2.5628063108306378e+00
2023-04-17T09:03:17.500 29329.975817986764013767 0.962492592279106995   482045.400594470499 -2.5703089814051054e+00
2023-04-17T09:03:22.500 23656.518048932059173239 0.847611767515940584   482043.288286287861 -2.7063369780662470e+00
2023-04-17T09:03:27.500 25999.710162162991764490 0.908250240335460424   482041.235315036320 -2.7758058778126724e+00
2023-04-17T09:03:32.500 23648.039470778334361967 0.954643354982969594   482039.209803432401 -2.8107727574533783e+00
2023-04-17T09:03:37.500 21203.732010150117275771 0.776408261079603701   482037.184322402929 -2.8388442926807329e+00
2023-04-17T09:03:42.500 25809.719859611584979575 0.966094470357028556   482035.168666541227 -2.8504013118799776e+00
2023-04-17T09:03:47.500 21733.014806516654061852 0.825054223972955914   482033.087881091749 -2.9205718207522295e+00
2023-04-17T09:03:52.500 25242.528016183812724194 0.934684049496660951   482031.079758223437 -2.9117347384453751e+00
2023-04-17T09:03:57.500 23047.366862705468520289 0.926049137100999786   482029.086949032033 -2.8814079056028277e+00
2023-04-17T09:04:02.500 21410.613281994188582757 0.784000902768536068   482027.083474351035 -2.8557372822542675e+00
2023-04-17T09:04:07.500 27477.558561243833537446 0.994953912154025399   482025.005990635545 -2.8982310745050199e+00
2023-04-17T09:04:12.500 21745.486708145523152780 0.845983771864932566   482023.136699371564 -2.7268503340310417e+00
2023-04-17T09:04:17.500 25455.868918054537061835 0.931901910034098391   482021.087120748707 -2.7302352954866365e+00
2023-04-17T09:04:22.500 22897.067723478972766316 0.924304943745676733   482019.027996125049 -2.7378029213286936e+00
2023-04-17T09:04:27.500 21350.892068812772777164 0.789053082354354784   482016.944252636575 -2.7647823018487543e+00
2023-04-17T09:04:32.500 27120.778880814232252305 0.984101574713978744   482014.949690925074 -2.6975269370595925e+00
2023-04-17T09:04:37.500 20101.524622451397590339 0.783346344966121766   482012.933738652326 -2.6467612321721390e+00
2023-04-17T09:04:42.500 25183.708500393870053813 0.940276686700875386   482010.928346550441 -2.5806844569160603e+00
2023-04-17T09:04:47.500 24752.175043416154949227 0.924079612589250310   482008.914956057968 -2.5180031189229339e+00
2023-04-17T09:04:52.500 23268.882470991411537398 0.833187708803920568   482006.893737996230 -2.4586922971066087e+00
2023-04-17T09:04:57.500 25656.683169985753920628 1.000000000000000000   482004.909406205814 -2.3581820152467117e+00
2023-04-17T09:05:02.500 20733.124178581758314976 0.779035044892456119   482002.919333112193 -2.2592416852130555e+00
2023-04-17T09:05:07.500 27971.572389951925288187 0.940736270282143683   482000.789182259468 -2.2963475837605074e+00
2023-04-17T09:05:12.500 23874.732337364850536687 0.908580918978837526   481998.787495650235 -2.2010955217410810e+00
2023-04-17T09:05:17.500 22026.125223461094719823 0.833262426701758985   481996.763425373123 -2.1244692262844183e+00
2023-04-17T09:05:22.500 25726.735535565843747463 0.978709054126885802   481994.714945417945 -2.0686285356059670e+00
2023-04-17T09:05:27.500 19716.043642770935548469 0.756797240426240192   481992.700789576513 -1.9749715073849075e+00
2023-04-17T09:05:32.500 24899.733654446001310134 0.960446163039714307   481990.652669469768 -1.9119164020521566e+00
2023-04-17T09:05:37.500 22587.957530080435390119 0.887360248393298745   481988.643713985453 -1.8064622537349351e+00
2023-04-17T09:05:42.500 22782.178575230569549603 0.858717289312948995   481986.606467654638 -1.7261905043851584e+00
2023-04-17T09:05:47.500 27442.375147773880598834 0.965907293980752479   481984.565816734510 -1.6463389299460687e+00
2023-04-17T09:05:52.500 19637.701400939244194888 0.713767136925207324   481982.431706595642 -1.6570842629298568e+00
2023-04-17T09:05:57.500 26559.257516938509070314 0.955132663266533455   481980.446139848616 -1.5165440759155899e+00
2023-04-17T09:06:02.500 23463.279956261649203952 0.858372314394611036   481978.428050909948 -1.4059022244764492e+00
2023-04-17T09:06:07.500 23558.072126896655390738 0.887023406607576170   481976.404253516346 -1.2984613433363847e+00
2023-04-17T09:06:12.500 27282.490599112934432924 0.947998140685744173   481974.329572441115 -1.2395111389341764e+00
2023-04-17T09:06:17.500 19509.471319028772995807 0.741270033077827795   481972.324625504843 -1.1085463890922256e+00
2023-04-17T09:06:22.500 27340.060487221409857739 0.978664321025853656   481970.249529175635 -1.0455613517551683e+00
2023-04-17T09:06:27.500 23100.437294250146806007 0.816697535454590784   481968.212340296130 -9.4260804844088852e-01
2023-04-17T09:06:32.500 25207.189802464607055299 0.890711792776154865   481966.247602270276 -7.6525008602766320e-01
2023-04-17T09:06:37.500 26370.488916880462056724 0.943716487702139672   481964.278450735612 -5.9045699547277763e-01
2023-04-17T09:06:42.500 18789.118650535554479575 0.754789976207597690   481962.199242246104 -5.2397555729839951e-01
2023-04-17T09:06:47.500 27208.651467120689630974 0.975501713838571982   481960.142138266994 -4.3374581722309813e-01
2023-04-17T09:06:52.500 20434.790245670803415123 0.790854464584208938   481958.074099321384 -3.5290694935247302e-01
2023-04-17T09:06:57.500 24907.061105493914510589 0.919150816009896121   481955.913065147819 -3.6361710744677112e-01
2023-04-17T09:07:02.500 24053.525710736750625074 0.917043411088240612   481953.880694897438 -2.4431323824683204e-01
2023-04-17T09:07:07.500 23196.468471944746852387 0.829663407649654960   481951.738269702648 -2.3380852205445990e-01
2023-04-17T09:07:12.500 24627.835069890872546239 0.948577450450933224   481949.699712438509 -1.1827262095175683e-01
2023-04-17T09:07:17.500 20702.063954847602872178 0.741765544680394462   481947.706634701812 +4.3815290264319628e-02
2023-04-17T09:07:22.500 24079.426655529881827533 0.932387996010467512   481945.840666630364 +3.3399633388034999e-01
2023-04-17T09:07:27.500 23406.406570631952490658 0.891741816036190293   481943.731601818639 +3.8197683589532971e-01
2023-04-17T09:07:32.500 23317.518361413516686298 0.849167450016296121   481941.551749503589 +3.5998050076887012e-01
2023-04-17T09:07:37.500 25742.516438214526715456 0.952644767577436435   481939.376771234325 +3.4358507278375328e-01
2023-04-17T09:07:42.500 18867.643896063113061246 0.736809180773476791   481937.293168126780 +4.1920958040282130e-01
2023-04-17T09:07:47.500 28128.771757780923508108 0.962811759865105699   481935.293219678744 +5.7905314175877720e-01
2023-04-17T09:07:52.500 22074.408214383278391324 0.828035941331479397   481933.270196801575 +7.1630798670230433e-01
2023-04-17T09:07:57.500 26017.684319572417734889 0.880020274685149984   481931.329252609867 +9.3605023680720478e-01
2023-04-17T09:08:02.500 25685.986776118210400455 0.937013671703965656   481929.304165907379 +1.0719833816401660e+00
2023-04-17T09:08:07.500 21101.227455622829438653 0.772031786948757293   481927.082980175328 +1.0120772577356547e+00
2023-04-17T09:08:12.500 26205.380264363771857461 0.977958501059090657   481925.107386884163 +1.1979513497790322e+00
2023-04-17T09:08:17.500 20799.544897095485794125 0.787480035276540091   481923.073407984048 +1.3255572724738158e+00
2023-04-17T09:08:22.500 25189.542919331444863928 0.919435408924801356   481920.996296498226 +1.4100793538964354e+00
2023-04-17T09:08:27.500 24413.679783145988039905 0.880626192531905772   481918.817109931668 +1.3925080341286957e+00
2023-04-17T09:08:32.500 21489.796822632582916413 0.827754643281994329   481916.617705291312 +1.3546348762465641e+00
2023-04-17T09:08:37.500 27737.035493344297719887 0.959094841048547919   481914.546023546020 +1.4443370164372027e+00
2023-04-17T09:08:42.500 18936.205762933866935782 0.703591522406615710   481912.535156146565 +1.5946436744416133e+00
2023-04-17T09:08:47.500 25976.983809672208735719 0.945848778370839138   481910.522414467530 +1.7428055856726132e+00
2023-04-17T09:08:52.500 24642.125869850788149051 0.853808852186325851   481908.525797780079 +1.9067629643832333e+00
2023-04-17T09:08:57.500 23553.339937150129117072 0.871071088359423706   481906.408850821899 +1.9500030640629120e+00
2023-04-17T09:09:02.500 25050.904429612553940387 0.918995065180446824   481904.279039130080 +1.9799355004797690e+00
2023-04-17T09:09:07.500 20053.777883094404387521 0.768608121934837407   481902.142241133144 +2.0023843339877203e+00
2023-04-17T09:09:12.500 26566.389626977492298465 0.959804961164670289   481900.064555292134 +2.0833952013053931e+00
2023-04-17T09:09:17.500 20248.336369292210292770 0.786535147812993607   481898.000128197658 +2.1770634024869651e+00
2023-04-17T09:09:22.500 26086.953071002099022735 0.913217848990929948   481895.962580988591 +2.2969603104284033e+00
2023-04-17T09:09:27.500 25390.039897203303553397 0.907353042581585445   481893.887687255512 +2.3788112641777843e+00
2023-04-17T09:09:32.500 24969.851375810354511486 0.809650075829007165   481891.832745793799 +2.4798683124827221e+00
2023-04-17T09:09:37.500 27164.818779697605350520 0.967743776450668558   481889.840277522337 +2.6426071232417598e+00
2023-04-17T09:09:42.500 18501.620791199835366569 0.736922440692900471   481887.783646339434 +2.7403478291234933e+00
2023-04-17T09:09:47.500 24985.004958001180057181 0.955996663129054181   481885.573371878534 +2.6835677742492408e+00
2023-04-17T09:09:52.500 20846.160788405162747949 0.846852989938865486   481883.440213638998 +2.7029856347362511e+00
2023-04-17T09:09:57.500 23657.063178545104165096 0.861652132272007987   481881.394823856186 +2.8092142796958797e+00
2023-04-17T09:10:02.500 26463.492966721110860817 0.924269445156961189   481879.252412264177 +2.8174255236517638e+00
2023-04-17T09:10:07.500 21330.733052152449090499 0.753978310071455882   481877.164245690859 +2.8788497127243318e+00
2023-04-17T09:10:12.500 27781.502886914153350517 0.965744521110347143   481875.096276637516 +2.9594042937387712e+00
2023-04-17T09:10:17.500 20703.354207385265908670 0.796437909392947452   481873.121522258036 +3.1320727845304646e+00
2023-04-17T09:10:22.500 26423.762879167839855654 0.932548253994733400   481870.953071108204 +3.1099115131073631e+00
2023-04-17T09:10:27.500 27098.601831046689767390 0.904923500508457379   481868.844327051018 +3.1462935133022256e+00
2023-04-17T09:10:32.500 21269.652281346723611932 0.807697307441155088   481866.798419425846 +3.2443186845630407e+00
2023-04-17T09:10:37.500 27240.051931924415839603 0.949138219844480213   481864.623371397378 +3.2119821311789565e+00
2023-04-17T09:10:42.500 19584.610171146552602295 0.710993896282337667   481862.452129757788 +3.1822039544931613e+00
2023-04-17T09:10:47.500 26904.506411290014511906 0.956319160091330334   481860.246673263435 +3.1169375803438015e+00
2023-04-17T09:10:52.500 21247.383773022622335702 0.804817524229739178   481858.184468701831 +3.1936258159694262e+00
2023-04-17T09:10:57.500 24734.651784011748532066 0.911417564047405815   481856.095547359437 +3.2422773084254004e+00
2023-04-17T09:11:02.500 23854.840595361438317923 0.922503591392883848   481854.126879458607 +3.4098409718717448e+00
2023-04-17T09:11:07.500 21778.922787172468815697 0.774409507382831430   481851.956813729135 +3.3746455495129339e+00
2023-04-17T09:11:12.500 25644.991538017129641958 0.955868433107169069   481849.833285008033 +3.3846072032465599e+00
2023-04-17T09:11:17.500 19864.668405906762927771 0.752007897322336971   481847.780298045778 +3.4637133107753471e+00
2023-04-17T09:11:22.500 28037.710076686009415425 0.927946833054558939   481845.775497297931 +3.5895922475028783e+00
2023-04-17T09:11:27.500 24962.477429975286213448 0.880625850432015800   481843.653187653748 +3.5965341051341966e+00
2023-04-17T09:11:32.500 24020.118719870155473473 0.841822077560346882   481841.470073852688 +3.5412300989846699e+00
2023-04-17T09:11:37.500 25091.089968909094750416 0.927905023668860407   481839.282781651185 +3.4802937247441150e+00
2023-04-17T09:11:42.500 19091.813995429627539124 0.739294384673851113   481837.233097170421 +3.5555000968161039e+00
2023-04-17T09:11:47.500 25850.224434903419023613 0.965211540598920448   481835.150021546404 +3.5958405886194669e+00
2023-04-17T09:11:52.500 21241.405095579502813052 0.783145098948202278   481833.030117452494 +3.5978693452780135e+00
2023-04-17T09:11:57.500 24812.503074671771173598 0.913976436123230540   481830.906328245532 +3.5945224204915576e+00
2023-04-17T09:12:02.500 23820.595721366076759296 0.891153469714323299   481828.754560721165 +3.5617005221429281e+00
2023-04-17T09:12:07.500 22097.129398223183670780 0.841985064784270043   481826.649067161488 +3.5736510497517884e+00
2023-04-17T09:12:12.500 26993.474912466230307473 0.940756138656861807   481824.495599247282 +3.5361219979240559e+00
2023-04-17T09:12:17.500 21887.280710520706634270 0.737970932116974843   481822.314418324619 +3.4693722122465260e+00
2023-04-17T09:12:22.500 27043.217909342038183240 0.963533889621410622   481820.236892108980 +3.5047680847928859e+00
2023-04-17T09:12:27.500 21671.869989421880745795 0.800747749871313363   481818.145035201218 +3.5243240596610121e+00
2023-04-17T09:12:32.500 24742.846286236559535610 0.911930615343953144   481816.059151567228 +3.5483451035106555e+00
2023-04-17T09:12:37.500 22488.306314738205401227 0.905087048093382696   481813.980797882832 +3.5783900404348969e+00
2023-04-17T09:12:42.500 21356.944825612205022480 0.796020092565177806   481811.892994458380 +3.5974824668373913e+00
2023-04-17T09:12:47.500 24422.730929881534393644 0.968058060503394158   481809.753376208479 +3.5632617120281793e+00
2023-04-17T09:12:52.500 19490.238196047434030334 0.720155872625781512   481807.622647771903 +3.5364379480015486e+00
2023-04-17T09:12:57.500 25927.273772161130182212 0.948407763447449925   481805.489201877324 +3.5054105454473756e+00
2023-04-17T09:13:02.500 23413.028514529720268911 0.818694457133792186   481803.343719936907 +3.4608686582068913e+00
2023-04-17T09:13:07.500 22622.339617325600556796 0.889389072577622897   481801.179591944208 +3.3962111109867692e+00
2023-04-17T09:13:12.500 24894.455181723704299657 0.920806264010269770   481798.992110643536 +3.3067405592300929e+00
2023-04-17T09:13:17.500 21125.611011555534787476 0.803073784785550915   481796.938169164350 +3.3493611139710993e+00
2023-04-17T09:13:22.500 25768.951900995332835009 0.974165378967571605   481794.877406164829 +3.3837234757957049e+00
2023-04-17T09:13:27.500 20333.573234300853073364 0.748615515775873153   481792.750933878880 +3.3509529717266560e+00
2023-04-17T09:13:32.500 25470.040159839194529923 0.946203255000104826   481790.508594735467 +3.2009061654680409e+00
2023-04-17T09:13:37.500 23596.527495398568134988 0.836343874708156410   481788.331044328050 +3.1142538169515319e+00
2023-04-17T09:13:42.500 23221.179448285802209284 0.875386720974980714   481786.256419367448 +3.1291488252463751e+00
2023-04-17T09:13:47.500 25729.467441151711682323 0.933036847855168494   481784.130190100579 +3.0910786384483799e+00
2023-04-17T09:13:52.500 21997.711929848650470376 0.778459189713665123   481782.043001988903 +3.0907069214154035e+00
2023-04-17T09:13:57.500 26656.658121007243607892 0.956804196325470535   481779.800090317382 +2.9332881559384987e+00
2023-04-17T09:14:02.500 19530.076608356674114475 0.717917921803452375   481777.613672331558 +2.8310597675736062e+00
2023-04-17T09:14:07.500 25734.564385615460196277 0.955494297882229837   481775.445998352312 +2.7462932312046178e+00
2023-04-17T09:14:12.500 24215.378366688248206628 0.827990707472735066   481773.301401186094 +2.6833434712025337e+00
2023-04-17T09:14:17.500 23924.638578695325122681 0.882883969524163037   481771.212929268950 +2.6752819961984642e+00
2023-04-17T09:14:22.500 25319.323375837873754790 0.919349844509003034   481769.093621480162 +2.6351717026554979e+00
2023-04-17T09:14:27.500 22861.005998381831886945 0.791558484557022268   481766.962022360123 +2.5815820835414343e+00
2023-04-17T09:14:32.500 26240.252525534640881233 0.946242441886573027   481764.886836189253 +2.5832432968309149e+00
2023-04-17T09:14:37.500 22408.299156380486238049 0.757492352174781614   481762.803121729288 +2.5752408981788903e+00
2023-04-17T09:14:42.500 25750.156160925358562963 0.937834940137413531   481760.664919315139 +2.5116429222398438e+00
2023-04-17T09:14:47.500 24463.157177017666981556 0.858612337685525695   481758.470303132897 +2.3905521516571753e+00
2023-04-17T09:14:52.500 23350.072672548034461215 0.873698730067282159   481756.398804762284 +2.3915296492632478e+00
2023-04-17T09:14:57.500 25956.627192770352849038 0.918393118541762754   481754.199532922532 +2.2637144945911132e+00
2023-04-17T09:15:02.500 21670.371437267884175526 0.782833271592262236   481751.975182716735 +2.1098330187378451e+00
2023-04-17T09:15:07.500 24986.569635293344617821 0.951243006372608613   481749.774973433174 +1.9791365956771187e+00
2023-04-17T09:15:12.500 20385.658273661865678150 0.723022868107586314   481747.672628840257 +1.9453819278860465e+00
2023-04-17T09:15:17.500 26295.456948209175607190 0.952469440926369981   481745.549849521311 +1.8903033712413162e+00
2023-04-17T09:15:22.500 22322.320505939951544860 0.859671146341523640   481743.509692383930 +1.9169924348243512e+00
2023-04-17T09:15:27.500 23854.757992253707925556 0.892065354262427723   481741.266615313478 +1.7399424244649708e+00
2023-04-17T09:15:32.500 25750.749885142504354008 0.932327115602949008   481739.174356235482 +1.7129274961189367e+00
2023-04-17T09:15:37.500 22190.653884635990834795 0.784991676691316198   481737.024334668240 +1.6274041981087066e+00
2023-04-17T09:15:42.500 24349.793147211286850506 0.966543314779117257   481734.986129358120 +1.6529890973470174e+00
2023-04-17T09:15:47.500 21150.955516025238466682 0.761611336523486560   481732.832740265992 +1.5627207557554357e+00
2023-04-17T09:15:52.500 25815.507396518562018173 0.933943769768999843   481730.658454856311 +1.4509260095073842e+00
2023-04-17T09:15:57.500 23254.757043793189950520 0.864808857767374484   481728.588819371653 +1.4431912346044555e+00
2023-04-17T09:16:02.500 22660.248028278449055506 0.876141155453706633   481726.350195206527 +1.2659187103272416e+00
2023-04-17T09:16:07.500 26960.867932947163353674 0.928328597879601647   481724.136339018703 +1.1129067213041708e+00
2023-04-17T09:16:12.500 20839.741723447194090113 0.778019057869075992   481721.996892507595 +1.0338393261190504e+00
2023-04-17T09:16:17.500 24546.692772319420328131 0.956805489186583702   481719.891627933946 +9.8853186721680686e-01
2023-04-17T09:16:22.500 18417.069540522821625927 0.716645172485421478   481717.629603592970 +7.8608643455663696e-01
2023-04-17T09:16:27.500 25345.124159007405978628 0.944969325966053209   481715.430370601534 +6.4609864319209009e-01
2023-04-17T09:16:32.500 21011.719612216191308107 0.820369432996105652   481713.283197846147 +5.5788257130188867e-01
2023-04-17T09:16:37.500 26528.607678849690273637 0.905019736772185834   481711.179483667365 +5.1288243534509093e-01
2023-04-17T09:16:42.500 24918.384493303135968745 0.898655529487791038   481708.974595159758 +3.6651187995448709e-01
2023-04-17T09:16:47.500 22241.604452222461986821 0.802663477227750222   481706.828048246505 +2.7833404310513288e-01
2023-04-17T09:16:52.500 25371.727690737596276449 0.946724627398503826   481704.554651014565 +6.3204881560523063e-02
2023-04-17T09:16:57.500 19748.879443953763257014 0.723191348249913823   481702.381232529704 -5.1998023525811732e-02
2023-04-17T09:17:02.500 24623.472978548623359529 0.951769405264637047   481700.193114029535 -1.8190428364323452e-01
2023-04-17T09:17:07.500 20581.550821001932490617 0.772483308562948445   481697.997713429155 -3.1904620659770444e-01
2023-04-17T09:17:12.500 27294.993570765898766695 0.925337261613821016   481695.779327798227 -4.7907632944406942e-01
2023-04-17T09:17:17.500 22341.045340654178289697 0.888143690637073102   481693.637345088064 -5.6255570059875026e-01
2023-04-17T09:17:22.500 22987.801261530668853084 0.853828527135328086   481691.542879448680 -5.9831857273820788e-01
2023-04-17T09:17:27.500 24621.802516452218696941 0.954811084451789194   481689.355556940311 -7.2668670112034306e-01
2023-04-17T09:17:32.500 20035.730521362944273278 0.758950031433980543   481687.131745748338 -8.9123913773801178e-01
2023-04-17T09:17:37.500 25330.701348425311152823 0.958854389995041356   481684.957260567520 -1.0061078573344275e+00
2023-04-17T09:17:42.500 19952.001329247072135331 0.746853493434801230   481682.781145562942 -1.1221948058228008e+00
2023-04-17T09:17:47.500 26069.089352165457967203 0.940797960077020101   481680.559372622694 -1.2834736573277041e+00
2023-04-17T09:17:52.500 21750.048590156897262204 0.841077158072566777   481678.446378705150 -1.3354524764581583e+00
2023-04-17T09:17:57.500 23944.907028583205828909 0.878954585959159984   481676.286117714713 -1.4341218525078148e+00
2023-04-17T09:18:02.500 24489.801609538229968166 0.915770729329639543   481674.078438179102 -1.5795772314304486e+00
2023-04-17T09:18:07.500 23462.880238758662017062 0.801020748215316769   481671.896864611364 -1.6982375638326630e+00
2023-04-17T09:18:12.500 24210.240033945647155633 0.948695618708413679   481669.740998012596 -1.7904448116896674e+00
2023-04-17T09:18:17.500 18041.704528660611686064 0.707854434269815980   481667.435714724183 -2.0312651059357449e+00
2023-04-17T09:18:22.500 26445.120982168667978840 0.949468972739646477   481665.212177434179 -2.1894777495763265e+00
2023-04-17T09:18:27.500 21206.574909896913595730 0.786302681356368049   481663.017681266239 -2.3177291384781711e+00
2023-04-17T09:18:32.500 27271.533924134662811412 0.923970604481892166   481660.903646640305 -2.3645399104570970e+00
2023-04-17T09:18:37.500 23275.417818950507353293 0.892812212383055082   481658.734829477500 -2.4650947500485927e+00
2023-04-17T09:18:42.500 22860.831575442975008627 0.839819160074283810   481656.576483602752 -2.5540799949667417e+00
2023-04-17T09:18:47.500 22410.827021221441100352 0.933992252032638137   481654.362057813792 -2.6979865776374936e+00
2023-04-17T09:18:52.500 20718.188640939890319714 0.754323473510460918   481652.100945812941 -2.8873601026134565e+00
2023-04-17T09:18:57.500 28385.713693108609732008 0.957427643452703481   481649.917401672923 -2.9978853903594427e+00
2023-04-17T09:19:02.500 19673.709650676617457066 0.725634263719462713   481647.648088260961 -3.1928380631143227e+00
2023-04-17T09:19:07.500 27765.341238049713865621 0.959312434830486560   481645.482070705271 -3.2830910875927657e+00
2023-04-17T09:19:12.500 21687.244149834557902068 0.835614972105941378   481643.310862768209 -3.3770684120245278e+00
2023-04-17T09:19:17.500 24069.375646709930151701 0.890000008860326597   481641.201049246010 -3.4081225757254288e+00
2023-04-17T09:19:22.500 24205.136681815351039404 0.906653536333558718   481639.003178390674 -3.5256422968814149e+00
2023-04-17T09:19:27.500 23053.778070609321730444 0.811675893234168444   481636.759145987686 -3.6876684046583250e+00
2023-04-17T09:19:32.500 25103.357671550242230296 0.952285881781484878   481634.587745899451 -3.7753433054313064e+00
2023-04-17T09:19:37.500 19609.092276272982417140 0.737638482115866023   481632.308345277910 -3.9692357796011493e+00
2023-04-17T09:19:42.500 25566.153848230005678488 0.962835480359648277   481629.973870608839 -4.2163549471879378e+00
2023-04-17T09:19:47.500 20975.901267728801030898 0.749079591238341891   481627.753598192765 -4.3473597962874919e+00
2023-04-17T09:19:52.500 25915.873581234936864348 0.946932811680050834   481625.484977336600 -4.5247360014473088e+00
2023-04-17T09:19:57.500 23255.346888253607176011 0.832310910241996882   481623.280193661747 -4.6362326250527985e+00
2023-04-17T09:20:02.500 24954.017276107504585525 0.891911744648484772   481621.121316488076 -4.6997147431247868e+00
2023-04-17T09:20:07.500 22306.195543652833293891 0.902065399140049906   481618.958202637092 -4.7652596513507888e+00
2023-04-17T09:20:12.500 21612.877550657380197663 0.808273928724531743   481616.820462265983 -4.8031910412828438e+00
2023-04-17T09:20:17.500 23741.821549766307725804 0.952341858819647391   481614.576242563839 -4.9452953134314157e+00
2023-04-17T09:20:22.500 20445.085247905710275518 0.722940583891523048   481612.335177190311 -5.0818721486139111e+00
2023-04-17T09:20:27.500 25529.677606146698963130 0.963248526339259725   481610.155459096713 -5.1546616959967650e+00
2023-04-17T09:20:32.500 19799.751787259865523083 0.762575166725807829   481607.896528503741 -5.3041566053871065e+00
2023-04-17T09:20:37.500 26873.913258512355241692 0.940485945157776060   481605.720406355627 -5.3682685826788656e+00
2023-04-17T09:20:42.500 23813.985269104869075818 0.864768253465425629   481603.551516814157 -5.4225059053860605e+00
2023-04-17T09:20:47.500 24134.527650550047837896 0.868114549815468650   481601.333068493288 -5.5235921979183331e+00
2023-04-17T09:20:52.500 25177.519007490762305679 0.916230662791036266   481599.201419075893 -5.5351018243236467e+00
2023-04-17T09:20:57.500 21610.643510843543481315 0.784622138770171729   481596.986728129035 -5.6268070825608447e+00
2023-04-17T09:21:02.500 27357.633681773935677484 0.952062401994236418   481594.824364561762 -5.6632707564858720e+00
2023-04-17T09:21:07.500 22004.732717682407383109 0.703722055433106064   481592.537040663068 -5.8217120878398418e+00
2023-04-17T09:21:12.500 26788.481487498727801722 0.948992495358287114   481590.281767270179 -5.9450516169890761e+00
2023-04-17T09:21:17.500 20843.583431243139784783 0.784300064813688746   481588.040601187444 -6.0511637742747553e+00
2023-04-17T09:21:22.500 23861.363355001711170189 0.903971956394099774   481585.880300565856 -6.0732215098687448e+00
2023-04-17T09:21:27.500 23914.663405698964197654 0.873376317275139424   481583.633998754318 -6.1780224521062337e+00
2023-04-17T09:21:32.500 24265.643596385594719322 0.867357310591240771   481581.332881197101 -6.3343120199861005e+00
2023-04-17T09:21:37.500 23619.717308597028022632 0.919599677600695276   481579.167983119725 -6.3509857465978712e+00
2023-04-17T09:21:42.500 20676.125098439541034168 0.766036673907968035   481576.909707138257 -6.4575716797844507e+00
2023-04-17T09:21:47.500 25634.158747024623153266 0.940155860275827981   481574.643902309122 -6.5681513417512178e+00
2023-04-17T09:21:52.500 18444.500331446746713482 0.678908072651997263   481572.484301105200 -6.5689227628172375e+00
2023-04-17T09:21:57.500 25088.235568526644783560 0.936222214346761339   481570.197451585962 -6.6932683207560331e+00
2023-04-17T09:22:02.500 21563.339235607749287738 0.751989397267878834   481567.925285853620 -6.7991862943745218e+00
2023-04-17T09:22:07.500 26903.217905565776163712 0.927048922715200008   481565.664405878109 -6.8900050481315702e+00
2023-04-17T09:22:12.500 23078.267070179663278395 0.842453415895739521   481563.512192561175 -6.8682739782379940e+00
2023-04-17T09:22:17.500 22637.942178607139794622 0.869606906418412096   481561.337999236595 -6.8645700211636722e+00
2023-04-17T09:22:22.500 24670.041219272043235833 0.888992394891635618   481559.126469498326 -6.8941798357991502e+00
2023-04-17T09:22:27.500 22107.840025734942173585 0.792390819184238815   481556.800181996310 -7.0344550171284936e+00
2023-04-17T09:22:32.500 26500.514912314407411031 0.932536750463360820   481554.495069359546 -7.1493931827717461e+00
2023-04-17T09:22:37.500 20553.748209898356435588 0.741390144796615136   481552.229619359772 -7.2204368191887625e+00
2023-04-17T09:22:42.500 24113.016883137308468577 0.946640353502118947   481550.060564642190 -7.1907835603342392e+00
2023-04-17T09:22:47.500 21919.873816149894992122 0.753563758560887753   481547.914436209772 -7.1338327130652033e+00
2023-04-17T09:22:52.500 25104.914348516940663103 0.912310038233847709   481545.576746589213 -7.2640021009137854e+00
2023-04-17T09:22:57.500 23173.843141176203062059 0.797106345599091104   481543.259446426295 -7.3692714783246629e+00
2023-04-17T09:23:02.500 23717.186170172419224400 0.880470469290176694   481540.969899433723 -7.4422075926559046e+00
2023-04-17T09:23:07.500 24047.541492800908599747 0.879771382413217840   481538.786048515933 -7.4047980689792894e+00
2023-04-17T09:23:12.500 22653.431364231335464865 0.823331622943898167   481536.567886871053 -7.3969803173677064e+00
2023-04-17T09:23:17.500 25884.605326313576370012 0.929858288301093627   481534.254623550456 -7.4794759833603166e+00
2023-04-17T09:23:22.500 21390.160381485158723081 0.754939933366175153   481532.067468777997 -7.4310056386748329e+00
2023-04-17T09:23:27.500 24920.795617459942150163 0.934179147289711298   481529.793348417326 -7.4645743230357766e+00
2023-04-17T09:23:32.500 19299.534279629158845637 0.689962962980881445   481527.532978752861 -7.4793967729783617e+00
2023-04-17T09:23:37.500 26138.758320761382492492 0.940398051041516192   481525.283513998264 -7.4782499232096598e+00
2023-04-17T09:23:42.500 21987.525191135202476289 0.767996582776176329   481523.014488162531 -7.4915310499491170e+00
2023-04-17T09:23:47.500 26150.715011744152434403 0.927519029308728538   481520.712969725020 -7.5321031057974324e+00
2023-04-17T09:23:52.500 22264.283221233046788257 0.822392829119851787   481518.440222774108 -7.5386335905059241e+00
2023-04-17T09:23:57.500 26318.909912274000816979 0.885387339699852616   481516.137362585461 -7.5699389827786945e+00
2023-04-17T09:24:02.500 24381.735717236271739239 0.887524033772478904   481513.980543330195 -7.4497970410739072e+00
2023-04-17T09:24:07.500 22188.492607384643633850 0.817151713969139992   481511.708922005782 -7.4389828828861937e+00
2023-04-17T09:24:12.500 25128.683336798050731886 0.939323832206991116   481509.414506050001 -7.4454213805147447e+00
2023-04-17T09:24:17.500 18844.250695436789101223 0.739176190234409280   481507.216107429063 -7.3502330821356736e+00
2023-04-17T09:24:22.500 27197.145439717965928139 0.931356641312068523   481504.958904135739 -7.3081727238022722e+00
2023-04-17T09:24:27.500 20673.222513589527807198 0.719705793866521892   481502.658161157218 -7.3039082709583454e+00
2023-04-17T09:24:32.500 27619.822396989315166138 0.932535417082785978   481500.410776480509 -7.2404749228153378e+00
2023-04-17T09:24:37.500 22258.887171647987997858 0.800886517462460645   481498.189665311831 -7.1448909023893066e+00
2023-04-17T09:24:42.500 24944.283406247042876203 0.903417232680794657   481495.851003027929 -7.1609145153197460e+00
2023-04-17T09:24:47.500 23620.003118882141279755 0.857275645315458412   481493.554221655359 -7.1290476799476892e+00
2023-04-17T09:24:52.500 22035.684786820744193392 0.858794568976741224   481491.302899246861 -7.0456465604365803e+00
2023-04-17T09:24:57.500 26805.141300926690746564 0.906263632322674484   481489.005087200436 -7.0025942577049136e+00
2023-04-17T09:25:02.500 20458.994588224617473315 0.786773100656309232   481486.833549338917 -6.8270617391099222e+00
2023-04-17T09:25:07.500 25367.309669354912330164 0.935592653936599628   481484.577761228778 -6.7295085298246704e+00
2023-04-17T09:25:12.500 17986.799685545083775651 0.715487532348358157   481482.295000262035 -6.6525926400208846e+00
2023-04-17T09:25:17.500 27571.365898098752950318 0.957384846524240052   481479.955113378295 -6.6264028531149961e+00
2023-04-17T09:25:22.500 20615.573277848925499711 0.733061164281925470   481477.730200965132 -6.4787748343078420e+00
2023-04-17T09:25:27.500 25350.917544507243292173 0.938775563397955315   481475.458470926329 -6.3714370726374909e+00
2023-04-17T09:25:32.500 21920.808021174292662181 0.821134566514300057   481473.280113101064 -6.1641364712268114e+00
2023-04-17T09:25:37.500 24219.563704412408696953 0.899163280233188256   481471.180056773243 -5.8718808472622186e+00
2023-04-17T09:25:42.500 25593.761963945420575328 0.881601946856290009   481468.862020592263 -5.7908890215330757e+00
2023-04-17T09:25:47.500 21908.691664038760791300 0.852444652041977280   481466.447959115671 -5.7991442852653563e+00
2023-04-17T09:25:52.500 24392.877053620461083483 0.901959554129542873   481464.101260183437 -5.7331970347440802e+00
2023-04-17T09:25:57.500 22660.823918770493037300 0.807973296886419501   481461.759031313995 -5.6558783861109987e+00
2023-04-17T09:26:02.500 24567.863353760403697379 0.939845501861498511   481459.525146347645 -5.4632535407436080e+00
2023-04-17T09:26:07.500 19872.414108367342123529 0.728674212476213223   481457.263951193134 -5.2909160488634370e+00
2023-04-17T09:26:12.500 25096.713944062139489688 0.930631941871445822   481455.067834137415 -5.0464175090310164e+00
2023-04-17T09:26:17.500 19890.321910593149368651 0.731559892383324528   481452.758348501229 -4.9081449224031530e+00
2023-04-17T09:26:22.500 24827.579348962346557528 0.937188281600622286   481450.383017704240 -4.8285156374331564e+00
2023-04-17T09:26:27.500 19572.508425100015301723 0.784286634796802051   481448.102587374160 -4.6467252499423921e+00
2023-04-17T09:26:32.500 26569.797069714204553748 0.920896501469257722   481445.779019079928 -4.5007538801874034e+00
2023-04-17T09:26:37.500 24858.186079462975612842 0.847156086132452524   481443.547805024253 -4.2550514893955551e+00
2023-04-17T09:26:42.500 22131.292177434967015870 0.862252222537318924   481441.338780210644 -3.9797257230384275e+00
2023-04-17T09:26:47.500 24520.166377656812983332 0.897463647033145739   481439.022431949270 -3.8042324139387347e+00
2023-04-17T09:26:52.500 22509.267233817598025780 0.797619995396559478   481436.817896111286 -3.5093793378327973e+00
2023-04-17T09:26:57.500 23257.189745387979201041 0.938558771351980514   481434.574696892349 -3.2455864600487985e+00
2023-04-17T09:27:02.500 19711.374100854067364708 0.733241827013191516   481432.269952253904 -3.0356805031187832e+00
2023-04-17T09:27:07.500 24352.032418599832453765 0.949382597104893811   481429.938044315495 -2.8452245645457879e+00
2023-04-17T09:27:12.500 18338.898651666826481232 0.716025778655453360   481427.692681998888 -2.5604554821038619e+00
2023-04-17T09:27:17.500 26156.745290835733612766 0.933199850038325729   481425.445688462874 -2.2694964089896530e+00
2023-04-17T09:27:22.500 20385.510452002654346870 0.796596008707403325   481423.238414716616 -1.9309432100853883e+00
2023-04-17T09:27:27.500 24866.028622158384678187 0.920672378259897450   481420.931565482693 -1.6840386078692973e+00
2023-04-17T09:27:32.500 23374.250499557725561317 0.857137306199908466   481418.590985233313 -1.4628861573874019e+00
2023-04-17T09:27:37.500 23039.048799681480886647 0.878222158593435331   481416.186013234314 -1.2980952101643197e+00
2023-04-17T09:27:42.500 24922.618485349277761998 0.890098668888836819   481413.883037102234 -1.0232273680157959e+00
2023-04-17T09:27:47.500 22237.193099427859124262 0.850733119980720431   481411.526433100749 -7.9385619569802657e-01
2023-04-17T09:27:52.500 24764.486109457833663328 0.914872508448061228   481409.225383589161 -5.0074978242628276e-01
2023-04-17T09:27:57.500 20461.155604137580667157 0.795323670610173394   481406.898949949245 -2.2479782410664484e-01
2023-04-17T09:28:02.500 26933.804114582439069636 0.942000738443817154   481404.549529958400 +3.6445739271584898e-02
2023-04-17T09:28:07.500 21013.693003105847310508 0.738744436662819970   481402.276287574437 +3.8219249952817336e-01
2023-04-17T09:28:12.500 26731.473421327111282153 0.950526247955157277   481399.979545138951 +7.1281177375931293e-01
2023-04-17T09:28:17.500 19924.290704917661059881 0.722874101755065723   481397.665901795204 +1.0349490124499425e+00
2023-04-17T09:28:22.500 23616.266432885437097866 0.934678937761935780   481395.338901490613 +1.3521937925252132e+00
2023-04-17T09:28:27.500 21595.126486064877099125 0.771403912182354934   481392.965916127723 +1.6319629580830224e+00
2023-04-17T09:28:32.500 25700.593037539649230894 0.915537202101664671   481390.721459609864 +2.0488146574934945e+00
2023-04-17T09:28:37.500 23272.713784641870006453 0.836764865949512937   481388.364948921546 +2.3622094130259939e+00
2023-04-17T09:28:42.500 23938.008681904502736870 0.897697478254586456   481386.073746072128 +2.7495520556112751e+00
2023-04-17T09:28:47.500 24468.611914905683079269 0.883868632853001213   481383.777927270043 +3.1409608887624927e+00
2023-04-17T09:28:52.500 21494.515771076068631373 0.860503849719215119   481381.477725057164 +3.5367098140413873e+00
2023-04-17T09:28:57.500 24763.987287838011980057 0.918836621563011158   481379.189005429565 +3.9527054413338192e+00
2023-04-17T09:29:02.500 23523.038224028114200337 0.799970336416398586   481376.825663306867 +4.3028825491783209e+00
2023-04-17T09:29:07.500 27290.841669640314648859 0.958180468794476603   481374.511798037915 +4.7113795806653798e+00
2023-04-17T09:29:12.500 21036.978455926859169267 0.740143855224413505   481372.233718137373 +5.1645433700177819e+00
2023-04-17T09:29:17.500 27471.400621463690185919 0.968181395926972721   481369.870780404308 +5.5417682519764639e+00
2023-04-17T09:29:22.500 19335.612498943744867574 0.703347619456559991   481367.583561153791 +6.0036672834539786e+00
2023-04-17T09:29:27.500 25127.739666908564686310 0.948233375726611150   481365.148060406675 +6.3262764237588271e+00
2023-04-17T09:29:32.500 21065.977351587156590540 0.762103312959352408   481362.881066486880 +6.8264191220514476e+00
2023-04-17T09:29:37.500 26964.913652165836538188 0.929966878907230954   481360.575153789192 +7.2967040758812800e+00
2023-04-17T09:29:42.500 21485.298216194714768790 0.819897067437680538   481358.295929850196 +7.8027722920523956e+00
2023-04-17T09:29:47.500 24347.562168923483113758 0.920341019277469252   481356.003054903180 +8.3043166319257580e+00
2023-04-17T09:29:52.500 22974.685560567810171051 0.873164755936139958   481353.737169317319 +8.8420092412852682e+00
2023-04-17T09:29:57.500 25753.719277768392203143 0.859766095260289354   481351.444771106471 +9.3623790491838008e+00
2023-04-17T09:30:02.500 24329.507937903235870181 0.908719798400649648   481349.109619721363 +9.8492155502899550e+00
2023-04-17T09:30:07.500 21477.618436102322448278 0.832286471035637687   481346.676762479066 +1.0247595225286204e+01
2023-04-17T09:30:12.500 24422.463425409623596352 0.933877609574586098   481344.403109999199 +1.0814456966822036e+01
2023-04-17T09:30:17.500 20053.938638705018092878 0.779662284691965191   481342.029878256610 +1.1291044122772291e+01
2023-04-17T09:30:22.500 25273.369063972320873290 0.953654588483923704   481339.685026469757 +1.1805342375126202e+01
2023-04-17T09:30:27.500 19225.277851950060721720 0.727750590860889779   481337.364396793651 +1.2353219422977418e+01
2023-04-17T09:30:32.500 24957.762971179599844618 0.963046666148057673   481335.185966646415 +1.3052677299710922e+01
2023-04-17T09:30:37.500 21581.211783910963276867 0.771142332832594590   481332.889710940130 +1.3643714593839832e+01
2023-04-17T09:30:42.500 25135.475428057172393892 0.945508514902725694   481330.491976149206 +1.4142700508004054e+01
2023-04-17T09:30:47.500 22100.023718607833870919 0.798001826353335275   481328.133364264504 +1.4690258803428151e+01
2023-04-17T09:30:52.500 24662.852767365631734719 0.922057695744710526   481325.787972976803 +1.5260507973434869e+01
2023-04-17T09:30:57.500 25734.062284271687531145 0.851917961315255323   481323.407959787059 +1.5805625344510190e+01
2023-04-17T09:31:02.500 22540.138617105996672763 0.905000847227335092   481321.032102590310 +1.6364407650195062e+01
2023-04-17T09:31:07.500 24866.793272866259940201 0.865417827659427874   481318.729313821008 +1.7005785166868009e+01
2023-04-17T09:31:12.500 23606.606941572317737155 0.865786740969750168   481316.289605645463 +1.7519786896416917e+01
2023-04-17T09:31:17.500 25313.010593576345854672 0.895053938859241782   481313.885969015304 +1.8079419610206969e+01
2023-04-17T09:31:22.500 24465.958744796767859953 0.836380955720519514   481311.514433633944 +1.8680727806000505e+01
2023-04-17T09:31:27.500 26672.147248799952649279 0.927259388170030396   481309.194599967799 +1.9343325709225610e+01
2023-04-17T09:31:32.500 20113.182471414715109859 0.792440460704568639   481306.901856334065 +2.0042614351084922e+01
2023-04-17T09:31:37.500 25822.805645429598371265 0.947169726654980892   481304.659844443377 +2.0802247101848479e+01
2023-04-17T09:31:42.500 19244.032325031825166661 0.712825990220509964   481302.381615556078 +2.1535285817226395e+01
2023-04-17T09:31:47.500 27415.722937521739368094 0.962893330732043418   481300.039638512710 +2.2214208859251812e+01
2023-04-17T09:31:52.500 19000.959107236543786712 0.709003034666585430   481297.592475211073 +2.2797586563858204e+01
2023-04-17T09:31:57.500 24784.180038670183421345 0.950314342877772056   481295.233367282257 +2.3478667906951159e+01
2023-04-17T09:32:02.500 20581.780452339720795862 0.751100617380803026   481292.830539345567 +2.4125683749909513e+01
2023-04-17T09:32:07.500 25126.802427162638196023 0.943126968358113271   481290.503395734122 +2.4858043555286713e+01
2023-04-17T09:32:12.500 23798.434143007707461948 0.811107760084241680   481288.243939365842 +2.5667754248657729e+01
2023-04-17T09:32:17.500 24552.650247433117328910 0.922753881222382555   481285.876715137681 +2.6379363602201920e+01
2023-04-17T09:32:22.500 23494.955560286231047940 0.863441046129903245   481283.629448297783 +2.7220598598476499e+01
2023-04-17T09:32:27.500 22208.696839927080873167 0.882790711948697404   481281.313524614205 +2.8002845588664059e+01
2023-04-17T09:32:32.500 24843.272642834726866568 0.903275210597681233   481278.961327844707 +2.8758487752405927e+01
2023-04-17T09:32:37.500 23471.697675923289352795 0.853865397126691517   481276.599477034062 +2.9514142386557069e+01
2023-04-17T09:32:42.500 23839.919201346085174009 0.937605527953275342   481274.269396733900 +3.0311231114377733e+01
2023-04-17T09:32:47.500 21401.614809640119347023 0.802394107671335566   481271.907596399833 +3.1086259273346514e+01
2023-04-17T09:32:52.500 25189.120565774825081462 0.942033286423855087   481269.675858207804 +3.2001003722136375e+01
2023-04-17T09:32:57.500 19144.701960202546615619 0.723415403746552887   481267.364810754370 +3.2846086530655157e+01
2023-04-17T09:33:02.500 25016.870086893788538873 0.949344925278551521   481264.972406881978 +3.3619452796003316e+01
2023-04-17T09:33:07.500 19347.410091890629701084 0.703648937825963383   481262.447906033194 +3.4270352987223305e+01
2023-04-17T09:33:12.500 26871.240591565154318232 0.948005204510309785   481260.092867955565 +3.5100336640200112e+01
2023-04-17T09:33:17.500 19152.502681911824765848 0.732680290426948155   481257.730082352471 +3.5932181998796295e+01
2023-04-17T09:33:22.500 25664.344801712995831622 0.947532537296089439   481255.384757957770 +3.6791085080185439e+01
2023-04-17T09:33:27.500 23352.994958508654235629 0.764935619161269509   481252.939913809591 +3.7560050938685890e+01
2023-04-17T09:33:32.500 24117.560223581298487261 0.937379330464878757   481250.500504275260 +3.8344018681033049e+01
2023-04-17T09:33:37.500 21610.967048540565883741 0.812714523807140377   481248.165223626478 +3.9241666032292414e+01
2023-04-17T09:33:42.500 25132.016373423659388209 0.933936144519370237   481245.708403474942 +4.0027306761301588e+01
2023-04-17T09:33:47.500 22103.114056373404309852 0.854015629517679398   481243.381851467886 +4.0952729366836138e+01
2023-04-17T09:33:52.500 23905.233656893080478767 0.917100106230965051   481241.031700710417 +4.1864046490052715e+01
2023-04-17T09:33:57.500 25265.698871018736099359 0.873952353108746305   481238.649668511585 +4.2752953651361167e+01
2023-04-17T09:34:02.500 26282.115428029439499369 0.887440063465922413   481236.314657945302 +4.3698330801387783e+01
2023-04-17T09:34:07.500 24362.738003311347711133 0.899819612481617015   481233.889155621175 +4.4562640081858262e+01
2023-04-17T09:34:12.500 23534.132070699815812986 0.851247976729667011   481231.558685449010 +4.5531379581138026e+01
2023-04-17T09:34:17.500 24986.357529464556137100 0.918754914397986289   481229.161819687812 +4.6443094372923952e+01
2023-04-17T09:34:22.500 22102.660555354308598908 0.796306296320599682   481226.847256830602 +4.7446454391581938e+01
2023-04-17T09:34:27.500 15307.151966704050209955 0.562919434244334549   481225.049988998857 +4.8976421817147639e+01
2023-04-17T09:34:32.500     2.034152109851969037 0.003933687589375355   480960.051288079238 -2.1268576279748231e+02
2023-04-17T09:34:37.500     2.339634346831645395 0.004671548722774511   475301.556602432101 -5.8678346838285215e+03
2023-04-17T09:34:42.500   177.463388527128955729 0.188880974798457446   481133.844794579607 -3.2191512901685201e+01
2023-04-17T09:34:47.500 20857.219150737309973920 0.737235381404359069   481132.235470490938 -3.0436679617792834e+01
2023-04-17T09:34:52.500 27143.468395109739503823 0.895598769002632134   481129.012190613663 -3.0286660530022345e+01
2023-04-17T09:34:57.500 26265.254439115688001039 0.903731613553090285   481125.776108427031 -3.0140340601094067e+01
2023-04-17T09:35:02.500 18453.835918005366693251 0.691720872225696004   481122.558727581636 -2.9966256072802935e+01
2023-04-17T09:35:07.500 25665.872467663713905495 0.910884441652622945   481119.312806449539 -2.9811689925438259e+01
2023-04-17T09:35:12.500 24389.400513989359751577 0.879119857906596192   481116.056962776871 -2.9658067235432100e+01
2023-04-17T09:35:17.500 21371.196537263927893946 0.750681224757114185   481112.849073125108 -2.9447555743274279e+01
2023-04-17T09:35:22.500 26295.169352231234370265 0.926714623763597811   481109.594505745335 -2.9274832989030983e+01
2023-04-17T09:35:27.500 25193.836280603060004069 0.861251454964567231   481106.356948664004 -2.9076258235902060e+01
2023-04-17T09:35:32.500 21988.922391211668582400 0.783248606458545549   481103.112280551402 -2.8876001612283289e+01
2023-04-17T09:35:37.500 24569.724878389431978576 0.929157123295606624   481099.886777932057 -2.8647836910036858e+01
2023-04-17T09:35:42.500 22038.208137446905311663 0.818473225277684624   481096.615537259902 -2.8456719519686885e+01
2023-04-17T09:35:47.500 23296.314163064682361437 0.820578319292423752   481093.354721171549 -2.8246540186461061e+01
2023-04-17T09:35:52.500 25554.759636184473492904 0.924860180746516436   481090.084098396066 -2.8037585110228974e+01
2023-04-17T09:35:57.500 21189.041121864494925831 0.788012802696119063   481086.831889070279 -2.7801690639927983e+01
2023-04-17T09:36:02.500 24662.700045305158710107 0.849255951945468990   481083.576340481639 -2.7560667540121358e+01
2023-04-17T09:36:07.500 24148.713091493813408306 0.915365917244984839   481080.318155026587 -2.7313873042876367e+01
2023-04-17T09:36:12.500 21116.405735487140191253 0.756659088778190991   481077.051680317381 -2.7067020749789663e+01
2023-04-17T09:36:17.500 24003.895958311022695852 0.860470674893691001   481073.779280780698 -2.6817809043743182e+01
2023-04-17T09:36:22.500 24399.009889723856758792 0.916587590373486805   481070.519486458274 -2.6547772297461051e+01
2023-04-17T09:36:27.500 19760.478812219469546108 0.740306571014389569   481067.236914873880 -2.6292359016428236e+01
2023-04-17T09:36:32.500 22689.547966478978196392 0.870626385958035987   481063.984065413126 -2.5999137468577828e+01
2023-04-17T09:36:37.500 23944.294874849885673029 0.900872098887001704   481060.705531398416 -2.5723583619459532e+01
2023-04-17T09:36:42.500 18510.665702427711948985 0.693922810141743285   481057.427135456703 -2.5439945773279760e+01
2023-04-17T09:36:47.500 25248.490794756020477507 0.902461098301868714   481054.136209084070 -2.5160965018847492e+01
2023-04-17T09:36:52.500 24495.192085986338497605 0.894336873276486144   481050.850749278616 -2.4868718605779577e+01
2023-04-17T09:36:57.500 18883.603045622494391864 0.699243600972922708   481047.573766741669 -2.4560271753231063e+01
2023-04-17T09:37:02.500 24667.860651361745112808 0.902661338229146515   481044.262763715349 -2.4278199821943417e+01
2023-04-17T09:37:07.500 23601.023037039900373202 0.891268238878857422   481040.990638959047 -2.3949683347425889e+01
2023-04-17T09:37:12.500 19660.633318624455569079 0.709890069688352110   481037.694935105857 -2.3637260692950804e+01
2023-04-17T09:37:17.500 23421.583099245526682353 0.910393136908173806   481034.407008361595 -2.3309658360551111e+01
2023-04-17T09:37:22.500 26306.869714636766730109 0.874339961192196924   481031.119202231290 -2.2974617273779586e+01
2023-04-17T09:37:27.500 22801.183736700739245862 0.745114508739982417   481027.823734703183 -2.2640005604189355e+01
2023-04-17T09:37:32.500 22623.627884971356252208 0.910990270191263662   481024.501328375307 -2.2325188653136138e+01
2023-04-17T09:37:37.500 22563.487690560596092837 0.882894605962259549   481021.193553205871 -2.1988686112221330e+01
2023-04-17T09:37:42.500 21753.131063833396183327 0.747534786254366757   481017.879401828570 -2.1651596757001244e+01
2023-04-17T09:37:47.500 27225.324686962620035047 0.921885913444982275   481014.575816370721 -2.1297071638633497e+01
2023-04-17T09:37:52.500 22906.450839946446649265 0.852898850362121430   481011.249300585012 -2.0958701962023042e+01
2023-04-17T09:37:57.500 19902.259305330982897431 0.753384303002389677   481007.939745242358 -2.0596693702216726e+01
2023-04-17T09:38:02.500 25194.651849683235923294 0.919765542100269951   481004.623335390235 -2.0234960356086958e+01
2023-04-17T09:38:07.500 22969.693407207738346187 0.865019849553476550   481001.313528872153 -1.9860144432401285e+01
2023-04-17T09:38:12.500 20660.242701183204189874 0.764151555835680507   480997.982239973091 -1.9500433815701399e+01
2023-04-17T09:38:17.500 24456.772125698164018104 0.936447178595128160   480994.687106267666 -1.9098294928611722e+01
2023-04-17T09:38:22.500 24275.922521838056127308 0.849788254677715682   480991.337509822857 -1.8744451537902933e+01
2023-04-17T09:38:27.500 22194.591053743934025988 0.770678123761050493   480988.010994214565 -1.8361467748240102e+01
2023-04-17T09:38:32.500 24552.436957861365954159 0.918516601786387166   480984.672394437657 -1.7984618101152591e+01
2023-04-17T09:38:37.500 23000.843791328679799335 0.859377834524615358   480981.338054385793 -1.7597670105693396e+01
2023-04-17T09:38:42.500 19345.804679060274793301 0.764246006628179320   480977.998779313639 -1.7209931784833316e+01
2023-04-17T09:38:47.500 24630.363801646832143888 0.925110032417418071   480974.706707803649 -1.6769379719684366e+01
2023-04-17T09:38:52.500 22327.236755261714279186 0.849101755892070931   480971.347438387980 -1.6390532435791101e+01
2023-04-17T09:38:57.500 21194.944128606177400798 0.769492015296470155   480967.989404017571 -1.6005075944820419e+01
2023-04-17T09:39:02.500 26324.854114038764237193 0.925778965765554185   480964.647309344495 -1.5598426471115090e+01
2023-04-17T09:39:07.500 23663.922329879318567691 0.861004948582712260   480961.305632007075 -1.5186229177110363e+01
2023-04-17T09:39:12.500 20492.960156506003841059 0.756419122049770576   480957.940299931040 -1.4792680870741606e+01
2023-04-17T09:39:17.500 23853.472833335988980252 0.929749607508483455   480954.601736663724 -1.4367484681773931e+01
2023-04-17T09:39:22.500 21504.509824221495364327 0.864940710665437873   480951.252606331080 -1.3948105114046484e+01
2023-04-17T09:39:27.500 23409.954528584567015059 0.757769338722099284   480947.884362896089 -1.3543218796898145e+01
2023-04-17T09:39:32.500 24816.836713972170400666 0.914527364654040942   480944.517670369882 -1.3132294283539522e+01
2023-04-17T09:39:37.500 24304.026934706213069148 0.874727028294418729   480941.159904689994 -1.2708090182393789e+01
2023-04-17T09:39:42.500 21180.754392937240481842 0.737172782035224516   480937.801700653567 -1.2280108234030195e+01
2023-04-17T09:39:47.500 26707.860891634441941278 0.923988646546202497   480934.457062731031 -1.1834482506499626e+01
2023-04-17T09:39:52.500 24539.676656329123943578 0.888880080555148777   480931.064939956181 -1.1432404515391681e+01
2023-04-17T09:39:57.500 20521.553337878827733221 0.725812463809949238   480927.686721475271 -1.1012627684278414e+01
2023-04-17T09:40:02.500 27302.451231857223319821 0.907250693284951448   480924.309560967493 -1.0588142933498602e+01
2023-04-17T09:40:07.500 24776.361190295479900669 0.906342804773457300   480920.932643853885 -1.0159911481780000e+01
2023-04-17T09:40:12.500 19098.928614780725183664 0.706172178260320527   480917.571095728606 -9.7129564236965962e+00
2023-04-17T09:40:17.500 25690.170234399123728508 0.916264096256146798   480914.202737827611 -9.2696072712424211e+00
2023-04-17T09:40:22.500 25117.944725650766486069 0.911585126217574371   480910.781609572645 -8.8759774192003533e+00
2023-04-17T09:40:27.500 18490.398377621066174470 0.716423049409252832   480907.416384941607 -8.4235477846232243e+00
2023-04-17T09:40:32.500 25187.020031045201903908 0.904771543730870875   480904.023754098278 -7.9957851865910925e+00
2023-04-17T09:40:37.500 26383.032394339566963026 0.929990495721430777   480900.634653948830 -7.5619117997121066e+00
2023-04-17T09:40:42.500 20156.821049691759981215 0.730536719172642957   480897.261309572845 -7.1098637321847491e+00
2023-04-17T09:40:47.500 23648.101737950484675821 0.878588435003362034   480893.876584305428 -6.6669409537571482e+00
2023-04-17T09:40:52.500 23086.759226367648807354 0.920856931499633768   480890.463689446799 -6.2500975957955234e+00
2023-04-17T09:40:57.500 21290.321662562029814580 0.763715161341434801   480887.062130086881 -5.8199961361242458e+00
2023-04-17T09:41:02.500 22058.580521642070380040 0.854009849501701557   480883.657520562760 -5.3911919516976923e+00
2023-04-17T09:41:07.500 26153.003296425555163296 0.938165270473215740   480880.277864967822 -4.9358528181910515e+00
2023-04-17T09:41:12.500 21290.618157082557445392 0.788649997582059892   480876.853013100568 -4.5243029718985781e+00
2023-04-17T09:41:17.500 22832.767125819907960249 0.832037379069801131   480873.441879413091 -4.0978041704511270e+00
2023-04-17T09:41:22.500 26344.552807051386480452 0.932868168610235693   480870.022672914260 -3.6783257990027778e+00
2023-04-17T09:41:27.500 24002.456503686204086989 0.825498368878962996   480866.631084604596 -3.2303574454854243e+00
2023-04-17T09:41:32.500 22605.394918455334845930 0.807265990854154625   480863.206430929422 -2.8147654570057057e+00
2023-04-17T09:41:37.500 23795.119247451031696983 0.943902077183888855   480859.773755119648 -2.4066916086012498e+00
2023-04-17T09:41:42.500 23886.278449070181522984 0.854586034763772595   480856.387705943896 -1.9516743606654927e+00
2023-04-17T09:41:47.500 19448.102709961895016022 0.769618055619622821   480852.963544126076 -1.5346424513263628e+00
2023-04-17T09:41:52.500 25251.163573206700675655 0.935587613750593183   480849.496287159738 -1.1607700915774330e+00
2023-04-17T09:41:57.500 25532.964238361750176409 0.898351198597499234   480846.078158953460 -7.3802732967305928e-01
2023-04-17T09:42:02.500 18651.920572168699436588 0.720395467941046475   480842.652512756409 -3.2325713505269960e-01
2023-04-17T09:42:07.500 24529.531318272907810751 0.918615062828452955   480839.229850248084 +9.3843681621365249e-02
2023-04-17T09:42:12.500 26386.782382524892454967 0.907070315331168442   480835.799866129819 +5.0276905047940090e-01
2023-04-17T09:42:17.500 19608.548667814968212042 0.722669284664002043   480832.334597527690 +8.7535303551703691e-01
2023-04-17T09:42:22.500 24957.044026703759300290 0.884199283956330739   480828.925955691258 +1.3033015233813785e+00
2023-04-17T09:42:27.500 25754.088202701328555122 0.940253373666486758   480825.459008886828 +1.6714751078980044e+00
2023-04-17T09:42:32.500 21077.904954684396216180 0.766908800222154574   480822.037038835522 +2.0829455173807219e+00
2023-04-17T09:42:37.500 21061.850850234997778898 0.858642082392186090   480818.584955684957 +2.4624105773982592e+00
2023-04-17T09:42:42.500 23330.408126129794254666 0.926748997819571430   480815.159041526029 +2.8659377177245915e+00
2023-04-17T09:42:47.500 22696.371596199544001138 0.813835203994051959   480811.714415417577 +3.2484289872809313e+00
2023-04-17T09:42:52.500 24363.522191885436768644 0.805131115031727407   480808.254511072300 +3.6130987302167341e+00
2023-04-17T09:42:57.500 22940.709465022202493856 0.929156127039952651   480804.800712585216 +3.9811093049356714e+00
2023-04-17T09:43:02.500 23934.709721196151804179 0.854903070795734132   480801.309028509306 +4.3082451504305936e+00
2023-04-17T09:43:07.500 20116.406533783123450121 0.755018136587216393   480797.862432287424 +4.6772532075992785e+00
2023-04-17T09:43:12.500 23829.253111247940978501 0.932787106406349986   480794.393226830231 +5.0202074884437025e+00
2023-04-17T09:43:17.500 24987.265266974554833723 0.905699587573852161   480790.922281205363 +5.3577457549399696e+00
2023-04-17T09:43:22.500 20234.588190868926176336 0.700455514847079463   480787.463827597152 +5.7038664696738124e+00
2023-04-17T09:43:27.500 25147.354362563321046764 0.901776014748139954   480783.992096730100 +6.0325642090174370e+00
2023-04-17T09:43:32.500 23284.803375255814898992 0.929644591853036717   480780.526379642077 +6.3628914271830581e+00
2023-04-17T09:43:37.500 21355.820593513966741739 0.776164091589434224   480777.068777892855 +6.6967086549266241e+00
2023-04-17T09:43:42.500 22587.737939864466170548 0.859717700353053060   480773.596158611239 +7.0106395370676182e+00
2023-04-17T09:43:47.500 24877.552126941765891388 0.952562761872184582   480770.115740265581 +7.3116565928794444e+00
2023-04-17T09:43:52.500 22218.726585032851289725 0.837181211873078812   480766.620754025760 +7.5927425694535486e+00
2023-04-17T09:43:57.500 20427.365664754252065904 0.806173484889251224   480763.136539017083 +7.8789856847142801e+00
2023-04-17T09:44:02.500 25249.761091774209489813 0.941916743920261479   480759.657053159783 +8.1640904582454823e+00
2023-04-17T09:44:07.500 25015.096814756798266899 0.885972817745530383   480756.163241861912 +8.4287463939399458e+00
2023-04-17T09:44:12.500 19734.019295495330879930 0.727124966308500653   480752.680525919248 +8.6981158703565598e+00
2023-04-17T09:44:17.500 23913.095380195220059250 0.892806919718091230   480749.188213925518 +8.9512465416337363e+00
2023-04-17T09:44:22.500 26200.218785342171031516 0.893756483773368582   480745.694408437819 +9.1959774928400293e+00
2023-04-17T09:44:27.500 19005.217404042225098237 0.728039713351779083   480742.198531396687 +9.4314646502607502e+00
2023-04-17T09:44:32.500 22565.968524029722175328 0.844965425734797604   480738.680583484238 +9.6374401307548396e+00
2023-04-17T09:44:37.500 26558.112533998715662165 0.924923647576465502   480735.190760851547 +9.8638289582449943e+00
2023-04-17T09:44:42.500 22124.290539262841775781 0.806499578074506118   480731.692581384443 +1.0073875320842490e+01
2023-04-17T09:44:47.500 23638.009879782159259776 0.798868151205857968   480728.188800810429 +1.0270058667520061e+01
2023-04-17T09:44:52.500 24613.690628470187220955 0.920121521502926809   480724.697310485411 +1.0469991485704668e+01
2023-04-17T09:44:57.500 23765.598199114436283708 0.864342876284468931   480721.145654799591 +1.0600936696806457e+01
2023-04-17T09:45:02.500 18224.536198176163452445 0.711058854980139099   480717.656273318396 +1.0785049788304605e+01
2023-04-17T09:45:07.500 24225.925487363481806824 0.887816340769195245   480714.124206655368 +1.0917084676329978e+01
2023-04-17T09:45:12.500 25404.025080856103159022 0.916024251866702555   480710.608113678172 +1.1055410902074073e+01
2023-04-17T09:45:17.500 21273.614808816280856263 0.755922449132899743   480707.072143297642 +1.1163885411864612e+01
2023-04-17T09:45:22.500 22187.009830614122620318 0.833895727666712716   480703.577109170146 +1.1303027248824947e+01
2023-04-17T09:45:27.500 24104.522970430116401985 0.931171575146877539   480700.053258057917 +1.1402785904647317e+01
2023-04-17T09:45:32.500 23757.719118993878510082 0.834782775404276034   480696.518585774582 +1.1480857254180592e+01
2023-04-17T09:45:37.500 19576.615817035741201835 0.770977661235574097   480693.006880328874 +1.1570726690872107e+01
2023-04-17T09:45:42.500 22865.002132384208380245 0.903244611867390246   480689.464787988400 +1.1618735179828946e+01
2023-04-17T09:45:47.500 23069.022326553273160243 0.885156875475597960   480685.912736813654 +1.1645002782694064e+01
2023-04-17T09:45:52.500 18085.735680044646869646 0.707502091638891883   480682.387089010852 +1.1685581000579987e+01
2023-04-17T09:45:57.500 22298.921153582548868144 0.875279381621921426   480678.839625602646 +1.1691937435418367e+01
2023-04-17T09:46:02.500 24503.147124259859992890 0.921244578516958401   480675.278848526708 +1.1672257878351957e+01
2023-04-17T09:46:07.500 22565.458183056736743310 0.807711872513969475   480671.747607380443 +1.1669073045370169e+01
2023-04-17T09:46:12.500 21445.215501945833239006 0.796489507451722645   480668.236303213052 +1.1672462359536439e+01
2023-04-17T09:46:17.500 22588.496452973751729587 0.930137813926747103   480664.671060818888 +1.1608226234500762e+01
2023-04-17T09:46:22.500 23654.336439154325489653 0.861052590117203254   480661.117008561967 +1.1541165889299009e+01
2023-04-17T09:46:27.500 20431.344052316722809337 0.696498360835052122   480657.577367451682 +1.1474172415037174e+01
2023-04-17T09:46:32.500 25017.098893725855305092 0.882952456972556532   480654.027987754671 +1.1382763376168441e+01
2023-04-17T09:46:37.500 25520.369869307010958437 0.920965125945632623   480650.462111314118 +1.1259845120832324e+01
2023-04-17T09:46:42.500 18961.156795635284652235 0.783312317240975275   480646.898346480099 +1.1123687701299787e+01
2023-04-17T09:46:47.500 20938.957035366343916394 0.811532488739514446   480643.333368375257 +1.0970625130052213e+01
2023-04-17T09:46:52.500 24368.837257601364399306 0.915790196008573476   480639.785574822396 +1.0818711297702976e+01
2023-04-17T09:46:57.500 22645.958006471431872342 0.868541316150304166   480636.207243498822 +1.0619877117394935e+01
2023-04-17T09:47:02.500 20020.682975435782282148 0.710491727934135842   480632.629312896985 +1.0404711476352531e+01
2023-04-17T09:47:07.500 24928.608089548757561715 0.901855538381677202   480629.055243941955 +1.0176322843239177e+01
2023-04-17T09:47:12.500 25835.098167324627866037 0.907805801736492168   480625.482511804672 +9.9318310719099827e+00
2023-04-17T09:47:17.500 22073.933259918529074639 0.774147397826292827   480621.905071187473 +9.6648326772847213e+00
2023-04-17T09:47:22.500 21345.847356809015764156 0.816052692721901063   480618.350129144092 +9.4021736456197686e+00
2023-04-17T09:47:27.500 25958.930432263179682195 0.922196018922321725   480614.755508578673 +9.0813129239832051e+00
2023-04-17T09:47:32.500 23237.733839262109540869 0.870679346189351500   480611.158470608469 +8.7391447732225060e+00
2023-04-17T09:47:37.500 18733.016390726555982837 0.695989500184884813   480607.588050254213 +8.4043344486854039e+00
2023-04-17T09:47:42.500 23893.152434518829977605 0.881502348936898383   480603.993076428713 +8.0253381791408174e+00
2023-04-17T09:47:47.500 24631.165005221315368544 0.914338563309970542   480600.421654012345 +7.6498852324439213e+00
2023-04-17T09:47:52.500 20886.097900444030528888 0.787150450975996230   480596.815245194652 +7.2190592479309998e+00
2023-04-17T09:47:57.500 23704.487777774374990258 0.798175436319251586   480593.230871772801 +6.7895005248719826e+00
2023-04-17T09:48:02.500 23674.695174897817196324 0.914774175387098154   480589.621344369603 +6.3136352308210917e+00
2023-04-17T09:48:07.500 24562.153475835064455168 0.885074147270337064   480586.039112536062 +5.8435254945652559e+00
2023-04-17T09:48:12.500 20104.588618906836927636 0.696170510074444748   480582.424489794008 +5.3190944394445978e+00
2023-04-17T09:48:17.500 23282.437644437533890596 0.868708521135751588   480578.835686580976 +4.7981591176940128e+00
2023-04-17T09:48:22.500 26870.149552478531404631 0.920971227848504825   480575.248295616009 +4.2559158676303923e+00
2023-04-17T09:48:27.500 21317.877972774978843518 0.815652346190877231   480571.622528321866 +3.6521767254453152e+00
2023-04-17T09:48:32.500 20472.613283310754923150 0.765739479733891448   480568.013840833912 +3.0419954248936847e+00
2023-04-17T09:48:37.500 24035.791622122440458043 0.903764723677762727   480564.403281202831 +2.4060145899420604e+00
2023-04-17T09:48:42.500 25826.144129989024804672 0.900646387130546011   480560.770115873602 +1.7230922044836916e+00
2023-04-17T09:48:47.500 20687.008897025982150808 0.733266967195244312   480557.161553175945 +1.0400250929524191e+00
2023-04-17T09:48:52.500 24765.590754354758246336 0.830296808841616274   480553.544362335349 +3.2316792156780139e-01
2023-04-17T09:48:57.500 24571.049019366313586943 0.919225104623686007   480549.912510405586 -4.3392987857805565e-01
2023-04-17T09:49:02.500 21925.238415640877065016 0.854113762660033249   480546.281771734357 -1.2159146557678469e+00
2023-04-17T09:49:07.500 18187.162554985108727124 0.715030903316407174   480542.667233446729 -2.0081230635987595e+00
2023-04-17T09:49:12.500 24793.795820751980500063 0.885243189494410943   480539.042503897974 -2.8373736181529239e+00
2023-04-17T09:49:17.500 23968.212490234749566298 0.909527789709426049   480535.429304324090 -3.6823750566691160e+00
2023-04-17T09:49:22.500 21101.747524169175449060 0.782992965375688188   480531.783528140513 -4.5876670491416007e+00
2023-04-17T09:49:27.500 21675.859015029272995889 0.784159822022995945   480528.154780285258 -5.5040808641933836e+00
2023-04-17T09:49:32.500 23750.418401028215157567 0.897091034659563080   480524.523919662053 -6.4511969356099144e+00
2023-04-17T09:49:37.500 22872.909220961177197751 0.873525050581543727   480520.868968847441 -7.4514351658290252e+00
2023-04-17T09:49:42.500 18314.219618287115736166 0.711301069050741086   480517.228394162026 -8.4667748632491566e+00
2023-04-17T09:49:47.500 22973.067321541529963724 0.832357813698311966   480513.585637478740 -9.5142229439807124e+00
2023-04-17T09:49:52.500 24145.908692177687044023 0.907364116440970814   480509.932839609974 -1.0602090554777533e+01
2023-04-17T09:49:57.500 22912.325560166704235598 0.837550206029105571   480506.257428004639 -1.1743405384768266e+01
2023-04-17T09:50:02.500 18275.460380447879288113 0.688541579976103546   480502.649989045225 -1.2848039379168767e+01
2023-04-17T09:50:07.500 23507.272568114502064418 0.868441663468702219   480498.992782149115 -1.4034194646636024e+01
2023-04-17T09:50:12.500 25474.607165393968898570 0.910924253304154607   480495.324838861474 -1.5263304376800079e+01
2023-04-17T09:50:17.500 21378.971758668409165693 0.788298972959377453   480491.663495763903 -1.6518499940517358e+01
2023-04-17T09:50:22.500 21453.273121113732486265 0.761248075772998578   480488.013160664821 -1.7795844709733501e+01
2023-04-17T09:50:27.500 24194.712317821988108335 0.906750690218052546   480484.355017409369 -1.9114629257062916e+01
2023-04-17T09:50:32.500 24368.577289457203733036 0.891841386123579771   480480.682383541658 -2.0482013703207485e+01
2023-04-17T09:50:37.500 20976.147993663529632613 0.760151934694695663   480477.013229284727 -2.1880508746660780e+01
