# Observation conducted on 60051.0 at Hb rev. 0
# Base frequency: 8415.50 MHz dF: 5.0 Hz dT: 5 s Nscans: 1 
# Format: UTC Time     |   Signal-to-Noise  |    Spectral max    | Freq detection [Hz] |   Doppler noise [Hz]  |
# 
2023-04-17T10:30:11.500 23014.956237401940597920 0.844733467794286375   479031.893258800032 -1.8817621865309775e-02
2023-04-17T10:30:16.500 18953.821460274222772568 0.756777697951318440   479027.454251697636 -8.9071401744149625e-03
2023-04-17T10:30:21.500 20285.006379192891472485 0.833861384928744953   479023.007053138746 -5.1291528507135808e-03
2023-04-17T10:30:26.500 20057.481516674706654157 0.904748490145935502   479018.589560664317 +3.0414078442845494e-02
2023-04-17T10:30:31.500 24028.586439027927553980 0.959629481391736761   479014.134432499588 +3.0380962358321995e-02
2023-04-17T10:30:36.500 25026.289655159758694936 0.980798637437669485   479009.654875955312 +7.9789798473939300e-03
2023-04-17T10:30:41.500 25271.692942761896119919 0.983281131257916718   479005.192404321569 +4.7215778613463044e-03
2023-04-17T10:30:46.500 24346.331807595874124672 0.962700998791298446   479000.713727256749 -1.2681441556196660e-02
2023-04-17T10:30:51.500 25064.063789107156480895 0.918945281886629051   478996.236127350479 -2.6947358215693384e-02
2023-04-17T10:30:56.500 21545.062969750473712338 0.847196520281833676   478991.801850846503 +4.1701890295371413e-03
2023-04-17T10:31:01.500 20339.280765273873839760 0.780762850174593903   478987.303801782196 -2.6424658019095659e-02
2023-04-17T10:31:06.500 21307.912409671378554776 0.805813821497054272   478982.850315810705 -1.0396154306363314e-02
2023-04-17T10:31:11.500 21575.452297132724197581 0.880101468012853938   478978.377661445877 -1.1475707113277167e-02
2023-04-17T10:31:16.500 26732.067771742622426245 0.937166971308978747   478973.911035323224 -4.4666145695373416e-03
2023-04-17T10:31:21.500 24862.925244872196344659 0.979745092063262990   478969.439417224494 -3.8904102984815836e-04
2023-04-17T10:31:26.500 26552.779511652857763693 1.000000000000000000   478964.971869452740 +9.8193577723577619e-03
2023-04-17T10:31:31.500 23708.286984894810302649 0.983276438803185160   478960.470930012176 -1.1303384671919048e-02
2023-04-17T10:31:36.500 23372.558097686825931305 0.950400496227052138   478956.008967521833 +8.6113674915395677e-03
2023-04-17T10:31:41.500 20946.138094191555865109 0.887782307576050367   478951.549617958197 +3.3199595287442207e-02
2023-04-17T10:31:46.500 20678.681792687151755672 0.816310033644279232   478947.050432115269 +2.0012085617054254e-02
2023-04-17T10:31:51.500 18872.594238827481603948 0.750430513263931287   478942.570364434447 +2.8003260318655521e-02
2023-04-17T10:31:56.500 21197.133145705985953100 0.835279086214216204   478938.062855024997 +1.0613197868224233e-02
2023-04-17T10:32:01.500 22957.481578649920265889 0.904296875090967123   478933.561434190837 +1.3721591676585376e-03
2023-04-17T10:32:06.500 25692.426356178570131306 0.948181088456421239   478929.066745286225 +9.2344422591850162e-04
2023-04-17T10:32:11.500 25543.222273423612932675 0.982652720786901912   478924.564621507248 -4.8998171696439385e-03
2023-04-17T10:32:16.500 24423.065068469382822514 0.990583696986554796   478920.075800271414 +4.6397153055295348e-03
2023-04-17T10:32:21.500 24141.220394521827984136 0.977767926042788726   478915.562421342940 -8.3182830130681396e-03
2023-04-17T10:32:26.500 23378.228176372154848650 0.947806288018295140   478911.067079932487 -1.1787012335844338e-03
2023-04-17T10:32:31.500 24086.389281231789937010 0.892168582832725487   478906.565282210591 +1.5645197709091008e-03
2023-04-17T10:32:36.500 19730.137936005561641650 0.812683352727125441   478902.066081764933 +8.9648456778377295e-03
2023-04-17T10:32:41.500 19274.043672205443726853 0.765737258185099190   478897.562790731376 +1.4334279170725495e-02
2023-04-17T10:32:46.500 22031.345846056774462340 0.841109572321672605   478893.024733886705 -1.3002546736970544e-02
2023-04-17T10:32:51.500 21916.779806974042003276 0.907071543335752795   478888.539081483264 +1.4124465466011316e-02
2023-04-17T10:32:56.500 22502.224548499118100153 0.937916523136351543   478884.014286355639 +4.1679851128719747e-03
2023-04-17T10:33:01.500 24097.906339581008069217 0.983267172047905813   478879.486652307329 -6.5683602006174624e-03
2023-04-17T10:33:06.500 24748.193513031317706918 0.985451669025642518   478874.989759568707 +1.5495473751798272e-02
2023-04-17T10:33:11.500 24496.956338064617739292 0.980706801267886563   478870.440408219176 -1.2840630311984569e-02
2023-04-17T10:33:16.500 23864.134527997088298434 0.947890496705269370   478865.926724232093 -3.4509059041738510e-03
2023-04-17T10:33:21.500 24149.824346133354993071 0.902470589087962072   478861.377533739374 -2.7509437932167202e-02
2023-04-17T10:33:26.500 20272.549248218234424712 0.842113527803599604   478856.867059860379 -1.0793334397021681e-02
2023-04-17T10:33:31.500 20053.459547936214221409 0.786969130241422343   478852.317789291672 -3.0816135345958173e-02
2023-04-17T10:33:36.500 20936.722466884693858447 0.808095562629530195   478847.836285786878 +1.8985665810760111e-02
2023-04-17T10:33:41.500 22069.916313476089271717 0.876711629068200216   478843.277307406242 -6.6301272599957883e-03
2023-04-17T10:33:46.500 24092.725447343869745964 0.928269488718636682   478838.772878163494 +2.4360233161132783e-02
2023-04-17T10:33:51.500 24304.098798467417509528 0.961913229363619005   478834.196346565615 -1.4695021847728640e-02
2023-04-17T10:33:56.500 26481.505025842230679700 0.985748454540783081   478829.666287711996 -5.2210778812877834e-03
2023-04-17T10:34:01.500 25821.833132663392461836 0.991949881828422586   478825.092397856235 -3.7521976046264172e-02
2023-04-17T10:34:06.500 23043.572741344894893700 0.969053138319642682   478820.593242868083 +6.9678497966378927e-03
2023-04-17T10:34:11.500 24259.653869535006379010 0.932445492036498957   478816.049868128379 +9.2934675631113350e-03
2023-04-17T10:34:16.500 21777.326576739156735130 0.885988040649196895   478811.472142067214 -2.0677014661487192e-02
2023-04-17T10:34:21.500 22002.036685896604467416 0.829388144061555144   478806.954755973595 +1.1747361335437745e-02
2023-04-17T10:34:26.500 20109.089443450713588390 0.746346027017003255   478802.404314705345 +1.3171113620046526e-02
2023-04-17T10:34:31.500 20469.736329823252162896 0.800601221605107605   478797.859111148980 +2.1886780217755586e-02
2023-04-17T10:34:36.500 22014.115848418277892051 0.851944729107261156   478793.274505121983 -6.7461784346960485e-03
2023-04-17T10:34:41.500 23400.799571999184991000 0.926797636212976950   478788.749249647663 +2.6024895079899579e-02
2023-04-17T10:34:46.500 22800.833582985182147240 0.961166021021470085   478784.154501049255 -8.6440496961586177e-03
2023-04-17T10:34:51.500 27040.383007548563909950 0.975371735821051744   478779.587323124812 -1.3689597370103002e-02
2023-04-17T10:34:56.500 24916.537768729987874394 0.978126589972959537   478775.052526740066 +1.5698726929258555e-02
2023-04-17T10:35:01.500 25575.207200626609846950 0.974877556848445015   478770.448542130121 -2.2049240185879171e-02
2023-04-17T10:35:06.500 25630.420168291278969264 0.948200117478498528   478765.901620054909 -6.8314594682306051e-04
2023-04-17T10:35:11.500 24420.497950173965364229 0.909935236310906670   478761.322948823450 -9.0150959440506995e-03
2023-04-17T10:35:16.500 21152.414673202980338829 0.850862321214039263   478756.754414772149 -5.1591766532510519e-03
2023-04-17T10:35:21.500 19369.467054263663158054 0.785675938039622102   478752.188489488326 +3.3557689166627824e-03
2023-04-17T10:35:26.500 18210.643206603162980173 0.754876938017077559   478747.606933723146 -1.7099461401812732e-03
2023-04-17T10:35:31.500 20835.950740717955341097 0.826327748355816905   478743.043035199807 +1.2930955854244530e-02
2023-04-17T10:35:36.500 23696.404710120164963882 0.867599148901651351   478738.452288545377 +2.7726487023755908e-03
2023-04-17T10:35:41.500 24061.103898244233278092 0.909695259207543350   478733.867229193798 +3.5010610008612275e-04
2023-04-17T10:35:46.500 22284.918471141707414063 0.948861213317792274   478729.285413772101 +3.2194872619584203e-03
2023-04-17T10:35:51.500 23886.933936606539646164 0.970160649604672076   478724.682601197681 -1.2860764982178807e-02
2023-04-17T10:35:56.500 25370.219180750456871465 0.972895283156274826   478720.112776341150 +6.0937378439120948e-03
2023-04-17T10:36:01.500 25278.128748158749658614 0.969093387327356171   478715.513375477865 -2.4812174960970879e-03
2023-04-17T10:36:06.500 23919.978897023411263945 0.941972551120645485   478710.914461155422 -8.5235793376341462e-03
2023-04-17T10:36:11.500 24014.606441216983512277 0.899065330584201461   478706.340080222988 +1.2012999330181628e-02
2023-04-17T10:36:16.500 20911.780819900614005746 0.851427424867016946   478701.737035351282 +5.9306799666956067e-03
2023-04-17T10:36:21.500 20202.642909098773088772 0.803178079164214020   478697.118469655688 -1.3627937471028417e-02
2023-04-17T10:36:26.500 18675.647788438349380158 0.741051629292122649   478692.540013917896 +8.9674065238796175e-03
2023-04-17T10:36:31.500 20114.747268519648059737 0.801780800455328735   478687.928994087968 +1.0421336046420038e-03
2023-04-17T10:36:36.500 24000.827191143227537395 0.856251385568609913   478683.328197945550 +5.3834887803532183e-03
2023-04-17T10:36:41.500 23327.859021857482730411 0.903567657059426543   478678.710899347265 -4.7352121328003705e-03
2023-04-17T10:36:46.500 21549.930730088253767462 0.926299587888401388   478674.131989845191 +2.5577035848982632e-02
2023-04-17T10:36:51.500 24938.443268691837147344 0.958624794062774344   478669.481366856082 -1.3782903144601732e-02
2023-04-17T10:36:56.500 25380.724702713534497889 0.975318976190527098   478664.899116714776 +1.7270747106522322e-02
2023-04-17T10:37:01.500 23737.990637960745516466 0.959807334629712239   478660.280150201055 +1.3648201711475849e-02
2023-04-17T10:37:06.500 24287.987248456043744227 0.949872146680272866   478655.654283468553 +5.1650442765094340e-03
2023-04-17T10:37:11.500 23327.587833548219350632 0.931755566300866533   478651.029506648192 -1.8916989210993052e-04
2023-04-17T10:37:16.500 21299.061422858481819276 0.891430988639027033   478646.424441472744 +1.6206710832193494e-02
2023-04-17T10:37:21.500 21064.033753392639482627 0.845831018538673596   478641.802362386719 +1.7626544635277241e-02
2023-04-17T10:37:26.500 20775.441137979640188860 0.781442213965197974   478637.162435606937 +3.2359563629142940e-03
2023-04-17T10:37:31.500 17765.382959735703479964 0.741097900141635346   478632.542022234411 +1.0395450342912227e-02
2023-04-17T10:37:36.500 20607.157586916149739409 0.809230256936086190   478627.926970318367 +2.4952473875600845e-02
2023-04-17T10:37:41.500 20844.234017774608219042 0.849503277882785901   478623.273711204180 +3.3377653453499079e-03
2023-04-17T10:37:46.500 22411.076899936775589595 0.892516257837875027   478618.642154459259 +5.4602804011665285e-03
2023-04-17T10:37:51.500 23429.084300041366077494 0.918586949799898633   478613.974568706006 -2.6411975093651563e-02
2023-04-17T10:37:56.500 22476.647298043240880361 0.947587584801240279   478609.343593221332 -1.9640345359221101e-02
2023-04-17T10:38:01.500 25019.207031374331563711 0.961276991436966655   478604.729354717361 +5.9012560523115098e-03
2023-04-17T10:38:06.500 25349.324292164212238276 0.973873674728811700   478600.106896664482 +2.5255669374018908e-02
2023-04-17T10:38:11.500 24462.178330593600549037 0.967530347109207822   478595.430707292282 -7.0895104436203837e-03
2023-04-17T10:38:16.500 22548.924654912931146100 0.944518302948126665   478590.800593717780 +8.6721948464401066e-03
2023-04-17T10:38:21.500 21733.576263481867499650 0.923845523254654633   478586.117960168398 -2.6055630354676396e-02
2023-04-17T10:38:26.500 21488.870587907549634110 0.885903037691997186   478581.521297276369 +2.7216999325901270e-02
2023-04-17T10:38:31.500 20816.338424368990672519 0.846674331886590137   478576.839095811127 -3.0197979649528861e-03
2023-04-17T10:38:36.500 20461.809268938501190860 0.798517254509043983   478572.155308292247 -3.2814157253596932e-02
2023-04-17T10:38:41.500 18523.708835233839636203 0.744014297720435480   478567.526414340653 -5.6871164706535637e-03
2023-04-17T10:38:46.500 20503.936082751875801478 0.798433281269408823   478562.883423517167 +9.3702232115902007e-03
2023-04-17T10:38:51.500 20998.713110913769924082 0.846253675266416705   478558.205824275210 -8.1543507985770702e-03
2023-04-17T10:38:56.500 22315.371013907028100220 0.881671644696238488   478553.556226985995 +4.3488635565154254e-03
2023-04-17T10:39:01.500 23853.253042560678295558 0.918134046076140686   478548.872713389806 -1.5039066376630217e-02
2023-04-17T10:39:06.500 23432.948091965630737832 0.946904071570749517   478544.222027848591 +4.2554578976705670e-04
2023-04-17T10:39:11.500 27045.583125730947358534 0.967244293905463626   478539.548167743429 -5.2605983801186085e-03
2023-04-17T10:39:16.500 24400.124859608833503444 0.977800485678651743   478534.875770627172 -7.4606278794817626e-03
2023-04-17T10:39:21.500 25898.944316726388933603 0.979672111598994366   478530.191461372946 -1.9550354802049696e-02
2023-04-17T10:39:26.500 23162.681326027177419746 0.965072664957526083   478525.522413537779 -1.4356910134665668e-02
2023-04-17T10:39:31.500 24175.984414439539250452 0.953449643779501255   478520.845869786106 -1.4638320310041308e-02
2023-04-17T10:39:36.500 23529.597249257691146340 0.918942834730462232   478516.178811395948 -3.4140003845095634e-03
2023-04-17T10:39:41.500 21276.158239490665437188 0.893771937231547242   478511.492198324820 -9.7246891236864030e-03
2023-04-17T10:39:46.500 20969.925103561363357585 0.849841572802498391   478506.847198175441 +2.7596517815254629e-02
2023-04-17T10:39:51.500 20736.908158526552142575 0.804441972472134670   478502.133488734718 -1.7732935375533998e-03
2023-04-17T10:39:56.500 18524.689356596663856180 0.752732960328354572   478497.435752688441 -1.3152140367310494e-02
2023-04-17T10:40:01.500 17444.242366720503923716 0.786096107512527564   478492.785919760179 +2.5388995592948049e-02
2023-04-17T10:40:06.500 23410.498560593321599299 0.822627112318797260   478488.077686285251 +7.5457422062754631e-03
2023-04-17T10:40:11.500 20979.427586614980100421 0.870055213452457843   478483.360625833098 -1.7109040112700313e-02
2023-04-17T10:40:16.500 22009.130203081349463901 0.901280103539719879   478478.691833982768 +8.5195162682794034e-03
2023-04-17T10:40:21.500 21237.067476479212928098 0.932461861297623207   478473.998824527371 +1.1944491649046540e-02
2023-04-17T10:40:26.500 26142.099408624140778556 0.947977140071481372   478469.299225752940 +1.0793457331601530e-02
2023-04-17T10:40:31.500 25685.440792211436928483 0.963203188760872853   478464.592910772015 +4.9388098414056003e-03
2023-04-17T10:40:36.500 26347.625886020599864423 0.977851962118194362   478459.896871348203 +1.1371595202945173e-02
2023-04-17T10:40:41.500 25118.662416497572849039 0.980868862661859686   478455.171636568906 -9.3798184534534812e-03
2023-04-17T10:40:46.500 24706.140311721312173177 0.977896375123118111   478450.486703370232 +1.2180784833617508e-02
2023-04-17T10:40:51.500 24432.753095299969572807 0.962225211500971733   478445.759581916383 -6.4371522166766226e-03
2023-04-17T10:40:56.500 24902.018192830648331437 0.943173011942162076   478441.064400419244 +8.8938598637469113e-03
2023-04-17T10:41:01.500 24009.715814540544670308 0.911988824875694215   478436.334240440978 -8.7453403975814581e-03
2023-04-17T10:41:06.500 21698.529055971153866267 0.873913897587376365   478431.629242868454 +7.8540941467508674e-04
2023-04-17T10:41:11.500 21031.341964887022186304 0.827598594435845381   478426.907375302864 -4.5470143668353558e-03
2023-04-17T10:41:16.500 19351.639027208948391490 0.790917799414136757   478422.207715417026 +1.4334334933664650e-02
2023-04-17T10:41:21.500 18011.288927340279769851 0.743969952306507198   478417.455708494294 -1.7125985468737781e-02
2023-04-17T10:41:26.500 22267.305212282284628600 0.775197092765955054   478412.762233907823 +1.1950670508667827e-02
2023-04-17T10:41:31.500 20854.391392932677263161 0.822309546874912645   478408.016683749505 -9.0443322551436722e-03
2023-04-17T10:41:36.500 22216.420382498861727072 0.861762471219104542   478403.282317615580 -1.6852125292643905e-02
2023-04-17T10:41:41.500 21998.974792590041033691 0.905683710377969797   478398.578515451693 +7.9065094469115138e-03
2023-04-17T10:41:46.500 21272.577580067176313605 0.932666992012613272   478393.849535396323 +9.4889826723374426e-03
2023-04-17T10:41:51.500 25504.025513731783576077 0.960333951738810088   478389.109494073316 +2.0111906342208385e-03
2023-04-17T10:41:56.500 27074.006540133716043783 0.979194660209706247   478384.356014334713 -1.6904742573387921e-02
2023-04-17T10:42:01.500 23612.270791573479073122 0.980002746950950465   478379.621369215660 -1.4986508991569281e-02
2023-04-17T10:42:06.500 23931.477489999688259559 0.978301593333076203   478374.901550042792 +3.7564909434877336e-03
2023-04-17T10:42:11.500 24663.514300469083536882 0.975304656404194503   478370.155498194508 -1.7350910347886384e-03
2023-04-17T10:42:16.500 27378.572536508330813376 0.973997261723489771   478365.422145496937 +7.4698449461720884e-03
2023-04-17T10:42:21.500 24991.042338609418948181 0.961462541354932587   478360.672146498575 +2.0251220557838678e-03
2023-04-17T10:42:26.500 24050.852591297963954275 0.941027094117114493   478355.944763524516 +2.1192340471316129e-02
2023-04-17T10:42:31.500 23762.196906850676896283 0.923959836851629190   478351.161373617884 -1.3652180612552911e-02
2023-04-17T10:42:36.500 23263.714057971930742497 0.897854949552340242   478346.404480496596 -2.0005446393042803e-02
2023-04-17T10:42:41.500 21247.962896746201295173 0.876466628276273085   478341.664039511059 -7.9128283541649580e-03
2023-04-17T10:42:46.500 21035.403919821630552178 0.837786454030429173   478336.905897317629 -1.1528391216415912e-02
2023-04-17T10:42:51.500 19022.582089244595408672 0.808189615174192522   478332.138190801314 -2.2715969476848841e-02
2023-04-17T10:42:56.500 18894.852423049625940621 0.769762596952327294   478327.402977008023 +5.8076425921171904e-04
2023-04-17T10:43:01.500 18803.507515334633353632 0.770833487064686351   478322.621814055776 -2.0080788934137672e-02
2023-04-17T10:43:06.500 21304.044374582350428682 0.812817987300790690   478317.888144605502 +8.7413165601901710e-03
2023-04-17T10:43:11.500 21701.139842311858956236 0.840163697832134959   478313.127259975590 +1.2337685097008944e-02
2023-04-17T10:43:16.500 22839.119779354758065892 0.876335522761509389   478308.365462473070 +1.7009911884088069e-02
2023-04-17T10:43:21.500 21876.959585949360189261 0.903587771614511426   478303.580417068384 +4.2225688230246305e-04
2023-04-17T10:43:26.500 22915.666028126343007898 0.917410031740253151   478298.820296600752 +1.0746851039584726e-02
2023-04-17T10:43:31.500 25112.841528080589341698 0.945648224144249983   478294.016659614572 -2.0458467653952539e-02
2023-04-17T10:43:36.500 23895.912892681732046185 0.962262223521902493   478289.277700591774 +1.5000078536104411e-02
2023-04-17T10:43:41.500 23728.221240802973625250 0.970008357148423039   478284.490230168856 +3.9324241224676371e-03
2023-04-17T10:43:46.500 24189.530535749385308009 0.969336646631793530   478279.697301730863 -1.0608745680656284e-02
2023-04-17T10:43:51.500 23308.458573523821542040 0.980064585541401634   478274.925634827290 -1.9045785302296281e-03
2023-04-17T10:43:56.500 23820.109674396026093746 0.978476416409725713   478270.149135797867 +3.9505704771727324e-03
2023-04-17T10:44:01.500 24877.839664888411789434 0.973669640711899542   478265.358369360212 -2.4792730691842735e-03
2023-04-17T10:44:06.500 23746.936635532470972976 0.970171259783193851   478260.581191494130 +6.6611809888854623e-03
2023-04-17T10:44:11.500 24378.937716585689486237 0.955043045917499001   478255.766727140173 -1.9503813353367150e-02
2023-04-17T10:44:16.500 23289.411033287720783846 0.941669058711882334   478251.022151262558 +2.6200024411082268e-02
2023-04-17T10:44:21.500 24036.699258996941352962 0.917032944092922908   478246.194675663777 -9.0161839616484940e-03
2023-04-17T10:44:26.500 20820.785843909408868058 0.895258910065301339   478241.410226813343 +7.7335350215435028e-04
2023-04-17T10:44:31.500 22415.548647769053786760 0.868676043213395865   478236.603774794552 -9.4619541778229177e-03
2023-04-17T10:44:36.500 20904.974670195413636975 0.841243367330446246   478231.829413868487 +1.4371482830028981e-02
2023-04-17T10:44:41.500 20568.237896310431096936 0.812923174830735729   478227.021885708731 +7.0146705256775022e-03
2023-04-17T10:44:46.500 18940.706530754931009142 0.784949438897532548   478222.213232175040 +5.0880457274615765e-04
2023-04-17T10:44:51.500 18905.307147346735291649 0.762023481966708438   478217.395219353319 -1.3380689721088856e-02
2023-04-17T10:44:56.500 18455.832153373354231007 0.762864547701033180   478212.624325081299 +2.1823368442710489e-02
2023-04-17T10:45:01.500 20242.738054982291941997 0.788996583963675335   478207.796947240131 +2.5182074168697000e-03
2023-04-17T10:45:06.500 21787.267933686620381195 0.811582686989053448   478202.983790182334 -5.9246941236779094e-04
2023-04-17T10:45:11.500 21922.621793826259818161 0.853372493332643645   478198.190100604726 +1.7737389367539436e-02
2023-04-17T10:45:16.500 23015.864076880890934262 0.879011073754776495   478193.394662904670 +3.6291540483944118e-02
2023-04-17T10:45:21.500 21730.637838829043175792 0.887419671231403528   478188.549729760445 +7.3220253689214587e-03
2023-04-17T10:45:26.500 23993.492104848613962531 0.904179348143504313   478183.727414323133 +2.9413625597953796e-03
2023-04-17T10:45:31.500 24118.107724422032333678 0.915520196388067253   478178.895509112335 -9.0585564030334353e-03
2023-04-17T10:45:36.500 22717.400756819009984611 0.928057152044396316   478174.092479842249 +9.7873592167161405e-03
2023-04-17T10:45:41.500 23276.295780462158290902 0.945109552026705657   478169.266221702273 +7.3736797203309834e-03
2023-04-17T10:45:46.500 22946.917802133229997708 0.948881552584399435   478164.439864073996 +6.8291724892333150e-03
2023-04-17T10:45:51.500 24797.567721190775046125 0.961346871854622531   478159.592645871046 -1.2607858225237578e-02
2023-04-17T10:45:56.500 24889.284312221199797932 0.966835495966405611   478154.765875372104 -9.6297382842749357e-03
2023-04-17T10:46:01.500 25286.831983905281958869 0.971206351090723397   478149.960710863001 +1.6921218542847782e-02
2023-04-17T10:46:06.500 25711.123057832075573970 0.971977531229862524   478145.111600086733 +1.4921610127203166e-03
2023-04-17T10:46:11.500 24795.780408809932851000 0.968282656890651849   478140.273333039193 -1.1275044525973499e-03
2023-04-17T10:46:16.500 22019.594277034488186473 0.961582097840502525   478135.458902515296 +2.2054433356970549e-02
2023-04-17T10:46:21.500 24247.173516517272219062 0.942260167848901875   478130.584681694629 -1.2589424557518214e-02
2023-04-17T10:46:26.500 26254.910706927275896305 0.941083495892423794   478125.745238758333 -1.0491470049601048e-02
2023-04-17T10:46:31.500 25164.490003966537187807 0.931852431403296100   478120.883957543119 -2.8268433874472976e-02
2023-04-17T10:46:36.500 23282.829924622234102571 0.915608885605320943   478116.078206206847 +1.1447280237916857e-02
2023-04-17T10:46:41.500 22497.921619785280199721 0.902096536517779213   478111.214437718038 -4.8919151886366308e-03
2023-04-17T10:46:46.500 23471.524245651075034402 0.880758027064301730   478106.370637256245 +6.9860951043665409e-04
2023-04-17T10:46:51.500 23008.835166512111754855 0.875346775202170635   478101.498935320356 -1.9651190959848464e-02
2023-04-17T10:46:56.500 22130.056332924788875971 0.857119460725159321   478096.677425720321 +1.2151955685112625e-02
2023-04-17T10:47:01.500 21144.814263142561685527 0.843137938136157450   478091.818171257735 +8.1703192554414272e-03
2023-04-17T10:47:06.500 21674.411018239712575451 0.822075764849272139   478086.949609260482 -3.1592978048138320e-03
2023-04-17T10:47:11.500 19715.583535795161878923 0.799756880525968827   478082.073365527845 -2.0211615017615259e-02
2023-04-17T10:47:16.500 20713.910506638549122727 0.783134039891882572   478077.210153384716 -2.2273820301052183e-02
2023-04-17T10:47:21.500 19260.703333850182389142 0.754211669112896166   478072.373520103225 +4.2008528253063560e-03
2023-04-17T10:47:26.500 18681.345450138112937566 0.736429304953573727   478067.512375454127 +8.1216758699156344e-03
2023-04-17T10:47:31.500 19137.421697708945430350 0.757042487090110350   478062.619933927315 -1.7297353711910546e-02
2023-04-17T10:47:36.500 18601.795695437660469906 0.778056113245027103   478057.781223756552 +1.2971512333024293e-02
2023-04-17T10:47:41.500 18989.564666462403693004 0.787627720235668183   478052.873172173160 -2.4144973023794591e-02
2023-04-17T10:47:46.500 20426.609188959409948438 0.813053288528441276   478048.015677170421 -8.7492880993522704e-03
2023-04-17T10:47:51.500 19744.905366508966835681 0.838262600558355775   478043.138311585004 -1.1269060196354985e-02
2023-04-17T10:47:56.500 19405.748946544790669577 0.845767024081718666   478038.274870303052 +2.0901396637782454e-03
2023-04-17T10:48:01.500 20667.950011231383541599 0.872763252493238606   478033.388818768959 -5.2066934294998646e-03
2023-04-17T10:48:06.500 22037.608565237918810453 0.886264265113062333   478028.524895791896 +1.1578807607293129e-02
2023-04-17T10:48:11.500 22171.813649818312114803 0.894845979783003620   478023.631626951799 +9.7178830765187740e-04
2023-04-17T10:48:16.500 23612.942431260154990014 0.915140519152366716   478018.731395990530 -1.4644436305388808e-02
2023-04-17T10:48:21.500 24173.381743991209077649 0.921369851720238664   478013.881446575746 +2.1973382681608200e-02
2023-04-17T10:48:26.500 23807.888925251423643203 0.930357536247697903   478008.989109931048 +1.8156057747546583e-02
2023-04-17T10:48:31.500 24387.358619334951072233 0.940519754775238859   478004.083975094487 +3.4922239137813449e-03
2023-04-17T10:48:36.500 22485.210456973254622426 0.942105522495999881   477999.201231698564 +1.3171118684113026e-02
2023-04-17T10:48:41.500 23733.383112137737043668 0.944335391422790216   477994.252759431081 -4.0927956870291382e-02
2023-04-17T10:48:46.500 24485.775054350528080249 0.956041658374773951   477989.412220637081 +1.4856964000500739e-02
2023-04-17T10:48:51.500 24112.216766658129927237 0.958403208191517919   477984.493293789739 -5.7960158446803689e-03
2023-04-17T10:48:56.500 24826.356064048941334477 0.965715128159024716   477979.617897812976 +1.9031665986403823e-02
2023-04-17T10:49:01.500 23350.107394244889292167 0.971816236108935194   477974.704135542270 +7.4424922349862754e-03
2023-04-17T10:49:06.500 24382.119060865195933729 0.971652797079510688   477969.796155744058 +3.5848847473971546e-03
2023-04-17T10:49:11.500 24405.585194037645123899 0.971459310184814129   477964.887029272271 +5.2936212159693241e-04
2023-04-17T10:49:16.500 24595.678935018164338544 0.980787403217962539   477959.963215083466 -1.5265445807017386e-02
2023-04-17T10:49:21.500 25218.788591268428717740 0.975637470446172217   477955.088113685779 +1.9600651692599058e-02
2023-04-17T10:49:26.500 25632.953792182273900835 0.964556447425575003   477950.153282439103 -3.3152942196466029e-03
2023-04-17T10:49:31.500 23130.662539438570092898 0.959786855042203846   477945.253321737284 +1.0586811054963619e-02
2023-04-17T10:49:36.500 26240.381152227382699493 0.963447763094816167   477940.323389375641 -3.5355272702872753e-03
2023-04-17T10:49:41.500 24254.183561860576446634 0.965749517003561153   477935.397993188351 -1.1174755578394979e-02
2023-04-17T10:49:46.500 24039.384480877801252063 0.960117718607357840   477930.496980115713 +7.5157950632274151e-03
2023-04-17T10:49:51.500 25206.651229751147184288 0.954878422049864173   477925.555666054541 -1.2148239824455231e-02
2023-04-17T10:49:56.500 23856.262845199198636692 0.954961423068612092   477920.641704076726 -2.5140405050478876e-03
2023-04-17T10:50:01.500 24132.030725549444468925 0.954258950558890873   477915.709131347365 -9.5446837949566543e-03
2023-04-17T10:50:06.500 22715.155495160066493554 0.953377609538434423   477910.787185452762 -4.0028157527558506e-03
2023-04-17T10:50:11.500 23722.447514845476689516 0.952691876865464859   477905.857330650382 -4.4244010932743549e-03
2023-04-17T10:50:16.500 23984.095213639411667828 0.941800200498377427   477900.944952472288 +1.4575880137272179e-02
2023-04-17T10:50:21.500 24325.854354678158415481 0.935236033522262367   477895.980530271772 -1.6522820747923106e-02
2023-04-17T10:50:26.500 23763.216184441640507430 0.924432352051559048   477891.080792665191 +1.9007920927833766e-02
