# Observation conducted on 60051.0 at Hb rev. 0
# Base frequency: 8415.50 MHz dF: 5.0 Hz dT: 5 s Nscans: 1 
# Format: UTC Time     |   Signal-to-Noise  |    Spectral max    | Freq detection [Hz] |   Doppler noise [Hz]  |
# 
2023-04-17T12:41:51.500 22545.592676851953001460 0.966468529263363574   469866.060679364484 +1.3814628939144313e-02
2023-04-17T12:41:56.500 23615.482815833613130962 0.977329309279186598   469859.205577187822 -1.9088055996689945e-02
2023-04-17T12:42:01.500 18388.938610301280277781 0.813640688826777314   469852.370260639524 -3.1395307683851570e-02
2023-04-17T12:42:06.500 23416.321782965645979857 0.982175857934178054   469845.588787929970 +1.0951765638310462e-02
2023-04-17T12:42:11.500 19739.869608409717329778 0.944936922245479094   469838.735629997915 -1.7575271776877344e-02
2023-04-17T12:42:16.500 20490.101694156106532319 0.875577770107054731   469831.938804242644 +1.1041550198569894e-02
2023-04-17T12:42:21.500 24427.127673755232535768 0.993672263338480022   469825.113347438921 +1.1839522747322917e-02
2023-04-17T12:42:26.500 20270.222505474634090206 0.899084296767672098   469818.269219875045 -5.2206022664904594e-03
2023-04-17T12:42:31.500 20927.945509814086108236 0.932699768306908261   469811.471715872642 +2.5155907380394638e-02
2023-04-17T12:42:36.500 21520.221507105314231012 0.991746986459173585   469804.641614948050 +2.3748927167616785e-02
2023-04-17T12:42:41.500 20183.037315723337087547 0.837307290409468052   469797.801556245424 +1.3197909283917397e-02
2023-04-17T12:42:46.500 20765.742839092650683597 0.965965669318862741   469790.947241057933 -1.0795595357194543e-02
2023-04-17T12:42:51.500 23829.526302962593035772 0.979795546382225435   469784.103300624585 -2.3600139422342181e-02
2023-04-17T12:42:56.500 18593.924897629567567492 0.832267574099651242   469777.279370908334 -1.5579600469209254e-02
2023-04-17T12:43:01.500 22119.299166327673447086 0.995653809784250776   469770.452176355757 -1.0009419813286513e-02
2023-04-17T12:43:06.500 21384.201375742297386751 0.937270197467857669   469763.609419915301 -1.9186584744602442e-02
2023-04-17T12:43:11.500 19518.346765288119058823 0.890601747587382864   469756.794313492137 +1.0082835797220469e-04
2023-04-17T12:43:16.500 22130.144352569292095723 0.996379771611314857   469749.982232475886 +2.3228181467857212e-02
2023-04-17T12:43:21.500 20170.120023068502632668 0.885138009396529646   469743.136534166639 +1.3552702788729221e-02
2023-04-17T12:43:26.500 20422.107546623581583844 0.949399597547113339   469736.285867831903 -2.7645670343190432e-04
2023-04-17T12:43:31.500 22344.106100930348475231 0.993236014982967985   469729.452258175355 +3.7652474129572511e-03
2023-04-17T12:43:36.500 18885.278829234299337259 0.817778257172354861   469722.614540674374 +4.5130900689400733e-03
2023-04-17T12:43:41.500 23859.100816193040373037 0.980505526645087833   469715.779415081721 +8.6665805429220200e-03
2023-04-17T12:43:46.500 20623.405518112551362719 0.951767560803238544   469708.939196560648 +8.5405971622094512e-03
2023-04-17T12:43:51.500 18020.827261947808437981 0.854900868528411739   469702.082205581246 -7.5447148992680013e-03
2023-04-17T12:43:56.500 22926.619296766508341534 0.992596486980272363   469695.245679839398 -2.3520241957157850e-03
2023-04-17T12:44:01.500 21052.800502876885730075 0.908763650333884065   469688.383818491595 -2.1682577207684517e-02
2023-04-17T12:44:06.500 20243.717403477312473115 0.913604141902213729   469681.553402945399 -8.7554074707441032e-03
2023-04-17T12:44:11.500 21826.813636652903369395 0.997429526367472175   469674.706160381320 -1.1843812419101596e-02
2023-04-17T12:44:16.500 19416.324074905638553901 0.847300791643905815   469667.893065770040 +2.0026664191391319e-02
2023-04-17T12:44:21.500 24539.140022968545963522 0.953711982537359004   469661.020788368012 -6.4752712496556342e-03
2023-04-17T12:44:26.500 22945.542454489692318020 0.979753539679673713   469654.214288732503 +3.3610353828407824e-02
2023-04-17T12:44:31.500 19001.673891859722061781 0.820396394693036823   469647.335167427838 +1.8834850052371621e-03
2023-04-17T12:44:36.500 24001.941400799136317801 0.997409856563176822   469640.498704524594 +1.3623540755361319e-02
2023-04-17T12:44:41.500 20493.956574753981840331 0.924732250417263479   469633.607939624519 -2.8130561811849475e-02
2023-04-17T12:44:46.500 19168.797048955366335576 0.883847855350710421   469626.813181562466 +2.6929295971058309e-02
2023-04-17T12:44:51.500 21903.222773183431854704 0.998061693844083608   469619.929116329760 -6.5116418409161270e-03
2023-04-17T12:44:56.500 21154.550343946357315872 0.867635151786759540   469613.069217919488 -1.4980159408878535e-02
2023-04-17T12:45:01.500 20680.360570147087855730 0.942001092625927572   469606.211666494259 -2.0296901057008654e-02
2023-04-17T12:45:06.500 22216.514265882597101154 0.968605763691724797   469599.378816769109 -1.0798708535730839e-04
2023-04-17T12:45:11.500 17855.387592310744366841 0.793407679555803047   469592.530682420940 +5.5993960704654455e-03
2023-04-17T12:45:16.500 22009.555725844609696651 0.968610528882973942   469585.675012628024 +4.5735365129075944e-03
2023-04-17T12:45:21.500 21620.624056283591926331 0.941122610239931157   469578.789821508341 -2.5172364781610668e-02
2023-04-17T12:45:26.500 19428.772416418003558647 0.860242801442679061   469571.942169748480 -1.6578563081566244e-02
2023-04-17T12:45:31.500 21490.058423314596439013 0.983722823902385191   469565.096267611021 -5.4357630433514714e-03
2023-04-17T12:45:36.500 20008.032738278692704625 0.891008769720172844   469558.238348605635 -5.5114458082243800e-03
2023-04-17T12:45:41.500 22427.838989025527553167 0.920467839160748702   469551.383919341955 -1.3000161852687597e-03
2023-04-17T12:45:46.500 22415.550217781463288702 0.972625834027478375   469544.530539045052 +4.7567143919877708e-03
2023-04-17T12:45:51.500 18544.142489446989202406 0.807220500840725608   469537.641490213806 -2.4059813527856022e-02
2023-04-17T12:45:56.500 22708.997275807938422076 0.958669500586806889   469530.819961304893 +1.5437777212355286e-02
2023-04-17T12:46:01.500 22086.488013389367552008 0.940313086187483327   469523.950406071381 +7.7021404867991805e-03
2023-04-17T12:46:06.500 19300.134167749925836688 0.831174039822747512   469517.112119919911 +3.2027564011514187e-02
2023-04-17T12:46:11.500 21305.957346868144668406 0.993192333122034698   469510.228346813587 +1.1656873510219157e-02
2023-04-17T12:46:16.500 20964.049146225723234238 0.891778844217699040   469503.353873005311 +1.3751666410826147e-03
2023-04-17T12:46:21.500 19496.427396767270693090 0.908746258642727400   469496.475103727658 -1.2413496267981827e-02
2023-04-17T12:46:26.500 22874.176989985338877887 0.974797819220570183   469489.619749238598 -2.0000458462163806e-03
2023-04-17T12:46:31.500 21497.302441402127442416 0.812820553757448994   469482.748590383912 -6.6048404551111162e-03
2023-04-17T12:46:36.500 24961.458115682497009402 0.951226263891211010   469475.903167650336 +1.5311387833207846e-02
2023-04-17T12:46:41.500 21141.978356818286556518 0.951128564495534179   469469.012412496377 -7.3211353155784309e-03
2023-04-17T12:46:46.500 19652.059829769441421377 0.828764263730025874   469462.133030731522 -1.7797846405301243e-02
2023-04-17T12:46:51.500 21339.707559176942595514 0.978532379580962286   469455.281210973219 +6.8613619077950716e-05
2023-04-17T12:46:56.500 22584.997162627580109984 0.897152836923726382   469448.422665692691 +1.1989445658400655e-02
2023-04-17T12:47:01.500 19304.733146878814295633 0.902476454498662428   469441.516215805081 -2.3215715831611305e-02
2023-04-17T12:47:06.500 21525.515834532394364942 0.980358876795229262   469434.702282823215 +3.4873350581619889e-02
2023-04-17T12:47:11.500 18579.694420490679476643 0.821759638660938485   469427.776916123519 -1.7695279035251588e-02
2023-04-17T12:47:16.500 24185.300872669835371198 0.960434483491655167   469420.931770203926 +1.0731584217865020e-02
2023-04-17T12:47:21.500 21986.602271978204953484 0.946104667318056758   469414.033289493702 -1.3402947224676609e-02
2023-04-17T12:47:26.500 18793.486542419661418535 0.825804880247460460   469407.170579488273 -9.9470181157812476e-04
2023-04-17T12:47:31.500 23540.507463868136255769 0.979166149708809552   469400.267818028748 -2.7867168653756380e-02
2023-04-17T12:47:36.500 20668.030504240468872013 0.901755890277655459   469393.409691440873 -9.3353574047796428e-03
2023-04-17T12:47:41.500 20969.370358618372847559 0.893072264497427715   469386.526223924826 -1.5376408584415913e-02
2023-04-17T12:47:46.500 21186.198105425744870445 0.978825220566557297   469379.680176287715 +1.6769141016993672e-02
2023-04-17T12:47:51.500 18380.627357097997446544 0.823641499517666964   469372.801181635354 +1.6733049473259598e-02
2023-04-17T12:47:56.500 22414.097175750895985402 0.957967465047347533   469365.922388860548 +1.7662859871052206e-02
2023-04-17T12:48:01.500 20739.383610943161329487 0.944794586086646571   469359.009158405126 -1.5082337486092001e-02
2023-04-17T12:48:06.500 20249.664167805662145838 0.834136681238220934   469352.139396538783 -3.5976252402178943e-03
2023-04-17T12:48:11.500 22678.719788019683619495 0.980941288899108588   469345.272594126523 +1.1606509040575475e-02
2023-04-17T12:48:16.500 20304.864328012376063270 0.882523021896144733   469338.398143304221 +1.9920849706977606e-02
2023-04-17T12:48:21.500 21993.304259723459836096 0.900735462353136951   469331.471164630027 -2.3535395739600062e-02
2023-04-17T12:48:26.500 21427.726035728821443627 0.970177701354735800   469324.603869168146 -6.5525108366273344e-03
2023-04-17T12:48:31.500 20589.791668338963063434 0.816442255919047954   469317.743250945525 +1.7862186010461301e-02
2023-04-17T12:48:36.500 24640.423282369843946071 0.959227082271280174   469310.874312811124 +3.4710202598944306e-02
2023-04-17T12:48:41.500 21092.292952150641212938 0.947739819993862032   469303.931970110629 -2.1094452240504324e-02
2023-04-17T12:48:46.500 19470.713888273141492391 0.849957653022471282   469297.059347052069 -6.4289019210264087e-03
2023-04-17T12:48:51.500 24146.747007974383450346 0.979313272623816067   469290.196259189339 +1.8521082005463541e-02
2023-04-17T12:48:56.500 20475.443325512966112001 0.889389310969528224   469283.286456341448 -2.4959999136626720e-03
2023-04-17T12:49:01.500 20094.830611179055267712 0.920615752911627339   469276.404914827028 +5.4948599427007139e-03
2023-04-17T12:49:06.500 22757.636680264426104259 0.985589786024443471   469269.523557067383 +1.4414780423976481e-02
2023-04-17T12:49:11.500 17579.910760656130150892 0.804197856001082956   469262.631613043544 +1.3492449244949967e-02
2023-04-17T12:49:16.500 23080.969360327108006459 0.972917944437577176   469255.715601314150 -1.0754858492873609e-02
2023-04-17T12:49:21.500 22743.967883688001165865 0.940179799276697925   469248.818986119935 -1.4864174649119377e-02
2023-04-17T12:49:26.500 19270.770062722491275053 0.850966190223330865   469241.934459566430 -6.1446551699191332e-03
2023-04-17T12:49:31.500 23805.098445619089034153 0.989229549606870706   469235.041223201784 -5.3960004588589072e-03
2023-04-17T12:49:36.500 19482.493164680156041868 0.881541266986777039   469228.159518583096 +7.6221103081479669e-03
2023-04-17T12:49:41.500 21150.252903603814047528 0.939070550384486391   469221.239202629833 -1.7234625411219895e-02
2023-04-17T12:49:46.500 22590.950409390501590678 0.979566007124085925   469214.349951107753 -1.0291649552527815e-02
2023-04-17T12:49:51.500 17714.995979019629885443 0.794141378659957931   469207.458194308041 -5.1198630826547742e-03
2023-04-17T12:49:56.500 22807.829489702569844667 0.973671563085260150   469200.545311514288 -2.0341158611699939e-02
2023-04-17T12:50:01.500 19904.127518701938242884 0.926119113430340923   469193.675856980612 +8.5975586553104222e-03
2023-04-17T12:50:06.500 19355.496509621432778658 0.888176032080480349   469186.751236890035 -1.6898669768124819e-02
2023-04-17T12:50:11.500 23301.823230199704994448 1.000000000000000000   469179.866091408243 -2.1908013732172549e-03
2023-04-17T12:50:16.500 19099.261036792737286305 0.852872399799755487   469172.976770994603 +9.0705191832967103e-03
2023-04-17T12:50:21.500 22733.056566777016996639 0.947611144852313236   469166.063684636145 -2.7068050694651902e-03
2023-04-17T12:50:26.500 22483.688827494381257566 0.971357785449041278   469159.173790691537 +9.4345210236497223e-03
2023-04-17T12:50:31.500 20297.851335662151541328 0.821750104666216230   469152.265451966727 +3.8562619592994452e-03
2023-04-17T12:50:36.500 21772.263012534815061372 0.983872943523001808   469145.343467300176 -1.4643763483036309e-02
2023-04-17T12:50:41.500 20032.072703358571743593 0.912532935093054220   469138.480578256364 +2.6675012661144137e-02
2023-04-17T12:50:46.500 21850.095796456724201562 0.919513712936895766   469131.545320220583 -3.6529967328533530e-03
2023-04-17T12:50:51.500 23687.304701859058695845 0.974005948084539552   469124.639497807715 -3.8241250440478325e-03
2023-04-17T12:50:56.500 18798.612252400682336884 0.829499804314564826   469117.764051438309 +2.7101125800982118e-02
2023-04-17T12:51:01.500 22003.824526746851915959 0.973367076929345543   469110.840903260105 +1.1044006794691086e-02
2023-04-17T12:51:06.500 23381.224841223131079460 0.950254901833225474   469103.903463199036 -1.8586425576359034e-02
2023-04-17T12:51:11.500 19572.980949046705063665 0.863688366474543501   469097.017830410739 +4.3081422918476164e-03
2023-04-17T12:51:16.500 22859.686516113797551952 0.993367318395403043   469090.096902628255 -7.3753700125962496e-03
2023-04-17T12:51:21.500 20040.586571988176729064 0.889015334991734685   469083.205828991137 +1.1511392774991691e-02
2023-04-17T12:51:26.500 20396.479410833406291204 0.929909261479105465   469076.288280385663 +4.6385626192204654e-03
2023-04-17T12:51:31.500 22938.703138655870134244 0.975165958368601204   469069.350116813090 -2.2134582803118974e-02
2023-04-17T12:51:36.500 18793.084618888435215922 0.792101012031140583   469062.472719962243 +1.2572953593917191e-02
2023-04-17T12:51:41.500 23997.316061136843927670 0.982928371600432782   469055.548114701756 +7.8538048546761274e-04
2023-04-17T12:51:46.500 24446.219908421669970267 0.926342813962472422   469048.639405752125 +5.6067920522764325e-03
2023-04-17T12:51:51.500 19396.380212489188124891 0.889375722568705784   469041.711665825744 -7.8906923299655318e-03
2023-04-17T12:51:56.500 22685.782084470447443891 0.987805696456513282   469034.811297492415 +6.6949392203241587e-03
2023-04-17T12:52:01.500 20383.768000903848587768 0.844351883910508305   469027.894714955124 +5.7773668086156249e-03
2023-04-17T12:52:06.500 21867.912924197404208826 0.958901342460558359   469020.975197667896 +2.6355580775998533e-03
2023-04-17T12:52:11.500 20528.584352460111404071 0.958713442560670370   469014.071214872238 +1.5738304704427719e-02
2023-04-17T12:52:16.500 19872.258021072888368508 0.837659721142000047   469007.153316239419 +1.5634866082109511e-02
2023-04-17T12:52:21.500 21943.950676265816582600 0.993520341379745653   469000.200189812633 -1.8987087882123888e-02
2023-04-17T12:52:26.500 19651.280057877844228642 0.886274940470083927   468993.275923500711 -2.4039982701651752e-02
2023-04-17T12:52:31.500 22552.883937486541981343 0.928941788206818941   468986.390152297332 +1.0110881121363491e-02
2023-04-17T12:52:36.500 23274.578703264178329846 0.987831836299558841   468979.449295831437 -1.0115120792761445e-02
2023-04-17T12:52:41.500 17929.675299308655667119 0.794688037105501621   468972.538214897853 +1.4259445015341043e-04
2023-04-17T12:52:46.500 22011.388892372997361235 0.980546188194131529   468965.645404043724 +2.9378404666204005e-02
2023-04-17T12:52:51.500 21167.931127704163372982 0.926199047716200208   468958.672404229234 -2.0866856386419386e-02
2023-04-17T12:52:56.500 19929.653544963854074012 0.887319865648426020   468951.762095086859 -7.7136388281360269e-03
2023-04-17T12:53:01.500 24045.753413267255382380 0.992270473062916047   468944.824395113159 -2.1243483759462833e-02
2023-04-17T12:53:06.500 18733.856509623146848753 0.853308849513908063   468937.918357774965 -2.4029170162975788e-03
2023-04-17T12:53:11.500 24914.919370582487317733 0.960348419193709169   468931.008218845760 +1.3043888902757317e-02
2023-04-17T12:53:16.500 23542.449850854642136255 0.949011386292892833   468924.083499135450 +1.4617844368331134e-02
2023-04-17T12:53:21.500 19977.806827600288670510 0.836882220630655316   468917.153490233410 +1.1610687361098826e-02
2023-04-17T12:53:26.500 22242.013823909557686420 0.976593663910247933   468910.222024231567 +7.8547067823819816e-03
2023-04-17T12:53:31.500 21431.859404151211492717 0.885936477724489024   468903.288249101199 +2.4981201277114451e-03
2023-04-17T12:53:36.500 22469.465522656424582237 0.931764945664959598   468896.350265814690 -6.3578039989806712e-03
2023-04-17T12:53:41.500 19722.873066224943613634 0.968750106002882361   468889.421805241960 -4.9818484694696963e-03
2023-04-17T12:53:46.500 18955.775433245940803317 0.784725935606116587   468882.489182700345 -7.0582972839474678e-03
2023-04-17T12:53:51.500 22668.712551477055967553 0.976794897804064477   468875.553844299517 -1.1140589660499245e-02
2023-04-17T12:53:56.500 21850.356558583269361407 0.925816339679928491   468868.618109286996 -1.4908973942510784e-02
2023-04-17T12:54:01.500 21580.971134987568802899 0.897200623514802786   468861.691862305568 -8.4782491903752089e-03
2023-04-17T12:54:06.500 25109.834277221238153288 0.978041959991348797   468854.786654788710 +1.9703630765434355e-02
2023-04-17T12:54:11.500 17505.565057425716076978 0.834696550846038221   468847.833694656845 +8.4525451529771090e-04
2023-04-17T12:54:16.500 22214.748216634237905964 0.957054795880227016   468840.881844663585 -1.6189899586606771e-02
2023-04-17T12:54:21.500 22215.001323627486272017 0.949104718408321890   468833.958875918703 -3.6299406783655286e-03
2023-04-17T12:54:26.500 18400.361724903006688692 0.858963931780673207   468827.021556047897 -4.7064035315997899e-03
2023-04-17T12:54:31.500 20734.163549111115571577 0.981550490209110005   468820.092310311506 +3.0068696942180395e-03
2023-04-17T12:54:36.500 18240.774246816181403119 0.868188650805525319   468813.131864559371 -1.9763314106967300e-02
2023-04-17T12:54:41.500 21701.756308314499619883 0.937773180787441762   468806.227852603944 +1.4617874752730131e-02
2023-04-17T12:54:46.500 23428.698668865101353731 0.970538741281236073   468799.291244128777 +1.7121197714004666e-02
2023-04-17T12:54:51.500 18838.736172726552467793 0.808660967963205080   468792.352449856407 +1.8158516846597195e-02
2023-04-17T12:54:56.500 21191.894505279702570988 0.972293475733083445   468785.409100624674 +1.5361872094217688e-02
2023-04-17T12:55:01.500 22111.972093435590068111 0.892431965932561688   468778.441736784589 -1.0727120505180210e-02
2023-04-17T12:55:06.500 20999.380381309616495855 0.898015449931559573   468771.505495240155 -4.9702278920449317e-03
2023-04-17T12:55:11.500 21773.388033480139711173 0.970589908034091509   468764.567935225845 +1.9317818805575371e-04
2023-04-17T12:55:16.500 20047.204550073303835234 0.796237230451431577   468757.638600155304 +1.4307970704976469e-02
2023-04-17T12:55:21.500 20008.385036869323812425 0.964519680532541002   468750.656851389911 -2.3262963455636054e-02
2023-04-17T12:55:26.500 21695.048542828830250073 0.927796880326048901   468743.731430985208 -3.7759764236398041e-03
