# Observation conducted on 60051.0 at Hb rev. 0
# Base frequency: 8415.50 MHz dF: 5.0 Hz dT: 5 s Nscans: 1 
# Format: UTC Time     |   Signal-to-Noise  |    Spectral max    | Freq detection [Hz] |   Doppler noise [Hz]  |
# 
2023-04-17T12:01:51.500 19708.774721288904402172 0.846759007850967249   473027.923677499173 +8.6950859404169023e-03
2023-04-17T12:01:56.500 22110.506565080857399153 0.901377346682150304   473021.595676065888 -8.4444024832919240e-04
2023-04-17T12:02:01.500 22290.795144923347834265 0.993275772454993766   473015.272708168137 -4.1013054433278739e-03
2023-04-17T12:02:06.500 22044.843685690233542118 0.947248036126562831   473008.958045851905 +2.1963578183203936e-03
2023-04-17T12:02:11.500 17567.264748991332453443 0.806614661532820243   473002.633706402325 +6.5640721004456282e-05
2023-04-17T12:02:16.500 22025.050600073271198198 0.928038161506058001   472996.301559714542 -8.6237703799270093e-03
2023-04-17T12:02:21.500 20933.621684157911658986 0.992818836715764319   472989.977348203014 -8.1296851276420057e-03
2023-04-17T12:02:26.500 21983.906697961789177498 0.920011416367899515   472983.641723929381 -1.7800280416850001e-02
2023-04-17T12:02:31.500 18033.135726142962084850 0.807535252573031825   472977.341598108178 +9.2754047363996506e-03
2023-04-17T12:02:36.500 22725.155195701427146560 0.953802601378147652   472971.010013329447 +6.1396925011649728e-03
2023-04-17T12:02:41.500 23336.416859254371956922 0.988486566760085394   472964.688752323971 +1.4575031294953078e-02
2023-04-17T12:02:46.500 19718.913989629629213596 0.901592616762669774   472958.341760314419 -1.4736528391949832e-03
2023-04-17T12:02:51.500 20080.334062775578786386 0.855167186395411894   472952.023705294181 +1.2661322543863207e-02
2023-04-17T12:02:56.500 25218.315840327883051941 0.975944171788866610   472945.685561583785 +7.9539535799995065e-03
2023-04-17T12:03:01.500 21741.167879871554760030 0.978001008460700483   472939.335051081667 -7.8742004698142409e-03
2023-04-17T12:03:06.500 20614.589955364619527245 0.857366011087147939   472933.012531009561 +5.5337302037514746e-03
2023-04-17T12:03:11.500 20249.128818792149104411 0.892390708342494676   472926.676267873438 +6.4438853296451271e-03
2023-04-17T12:03:16.500 21689.303098288128239801 0.983251716237377726   472920.350779218832 +1.9373431161511689e-02
2023-04-17T12:03:21.500 20942.984761687584978063 0.955060634519811935   472913.994835093094 +3.0920222052372992e-03
2023-04-17T12:03:26.500 18818.738448940279340604 0.807187642316951615   472907.630286889675 -2.0549354085233063e-02
2023-04-17T12:03:31.500 23121.352353114045399707 0.928330124281681823   472901.314799673506 +6.1139484751038253e-03
2023-04-17T12:03:36.500 23013.506121018021076452 0.996070431872946305   472894.970074449724 +4.7825028887018561e-03
2023-04-17T12:03:41.500 22590.921886935702787014 0.926554835013652212   472888.629189058323 +8.5337045020423830e-03
2023-04-17T12:03:46.500 18640.627044628021394601 0.811998895141988086   472882.254961381608 -1.9815021601971239e-02
2023-04-17T12:03:51.500 21307.114129097448312677 0.956555980584221421   472875.930251031008 +2.5954660377465189e-03
2023-04-17T12:03:56.500 23700.602389709678391227 0.978611231295311690   472869.575102014816 -4.1913063032552600e-03
2023-04-17T12:04:01.500 20791.319261934928363189 0.878675107906019992   472863.216472771484 -1.3217394705861807e-02
2023-04-17T12:04:06.500 19917.829401858733035624 0.862651623187201233   472856.845970480470 -3.2876126293558627e-02
2023-04-17T12:04:11.500 22841.719821435228368500 0.974467840466438084   472850.547456962231 +2.0693800994195044e-02
2023-04-17T12:04:16.500 22688.978445023141830461 0.965542506689108793   472844.161233828228 -1.2206531711854041e-02
2023-04-17T12:04:21.500 20858.647893074903549859 0.825906448521549152   472837.819725319277 +8.4657443221658468e-04
2023-04-17T12:04:26.500 23067.420618397016369272 0.908304664252859717   472831.453999295540 -9.0795739670284092e-03
2023-04-17T12:04:31.500 25488.241593994960567215 0.985527158197443964   472825.099055900704 -6.9853982422500849e-03
2023-04-17T12:04:36.500 23608.499926672306173714 0.935215154741909416   472818.737913029443 -9.8535799188539386e-03
2023-04-17T12:04:41.500 19892.749601891136990162 0.801833513431086997   472812.391052226420 +2.7968382346443832e-03
2023-04-17T12:04:46.500 21068.155939402600779431 0.947663936796145356   472806.028566399997 +1.0581663227640092e-03
2023-04-17T12:04:51.500 23733.241937943967059255 0.983180274369584328   472799.656633922830 -8.8918324909172952e-03
2023-04-17T12:04:56.500 21255.238203260043519549 0.889934976771732722   472793.282003619359 -2.0304953563027084e-02
2023-04-17T12:05:01.500 19000.300525212078355253 0.858489263457418605   472786.947934660770 +1.0077343613374978e-02
2023-04-17T12:05:06.500 21773.248909097761497833 0.969109282130996452   472780.570926889370 -1.2457396951504052e-03
2023-04-17T12:05:11.500 23326.463702298726275330 0.966742496003310858   472774.192549637984 -1.2705522007308900e-02
2023-04-17T12:05:16.500 18317.184097989309520926 0.830795859806605752   472767.823614770139 -1.3490801386069506e-02
2023-04-17T12:05:21.500 22363.358406047631433466 0.908237721330812486   472761.454376157781 -1.3348377717193216e-02
2023-04-17T12:05:26.500 22770.581818667120387545 0.987726230406739902   472755.091962157516 -5.1505756564438343e-03
2023-04-17T12:05:31.500 23754.869442235059977975 0.928052455210819138   472748.737141743302 +1.1870887305121869e-02
2023-04-17T12:05:36.500 19060.038902946860616794 0.796565494784810535   472742.334365095070 -1.7834509897511452e-02
2023-04-17T12:05:41.500 22470.408488611021311954 0.947844137536020148   472735.978424657427 +5.2496691932901740e-04
2023-04-17T12:05:46.500 23623.141371523819543654 0.978099352308495429   472729.627635237703 +2.5263405172154307e-02
2023-04-17T12:05:51.500 21817.565942595032538520 0.872585489012063786   472723.221251982322 -4.3647776474244893e-03
2023-04-17T12:05:56.500 22465.735502588871895568 0.867624994352170664   472716.842103971983 -5.5312393233180046e-03
2023-04-17T12:06:01.500 21820.160726724894630024 0.971956916207317723   472710.497328763886 +2.8900830482598394e-02
2023-04-17T12:06:06.500 23585.459754488019825658 0.951099884344614677   472704.107755938719 +1.9760256342124194e-02
2023-04-17T12:06:11.500 19929.077698038730886765 0.804433949722378139   472697.712433050561 +6.0938275419175625e-03
2023-04-17T12:06:16.500 22108.080323706162744202 0.918368170963177688   472691.345995067677 +2.2535739408340305e-02
2023-04-17T12:06:21.500 23415.155760486664803466 0.972551676544596400   472684.952537592093 +1.3180812005884945e-02
2023-04-17T12:06:26.500 22454.015526634659181582 0.907431156784359261   472678.541013150767 -1.3019217352848500e-02
2023-04-17T12:06:31.500 20455.697533377344370820 0.825108729146358910   472672.174457199522 +6.9703088374808431e-03
2023-04-17T12:06:36.500 24212.408446645789808827 0.962077109427201926   472665.770542518992 -9.1786347911693156e-03
2023-04-17T12:06:41.500 24233.420139487472624751 0.967317607872372531   472659.409627523797 +1.8891552463173866e-02
2023-04-17T12:06:46.500 21338.780955249880207703 0.845255400020902714   472653.000273482525 -2.5868252851068974e-04
2023-04-17T12:06:51.500 21628.461024485652160365 0.879637175095240864   472646.606208099402 -2.9024649411439896e-03
2023-04-17T12:06:56.500 22164.162434132285852684 0.966750752428844229   472640.213260694989 -3.2113108900375664e-03
2023-04-17T12:07:01.500 22021.968917775866430020 0.923640989180827598   472633.829576780263 +6.9594464730471373e-03
2023-04-17T12:07:06.500 19328.830381873161968542 0.777071644444237153   472627.433905571932 +6.3581726280972362e-03
2023-04-17T12:07:11.500 21246.097902307585172821 0.937801827751124861   472621.021102796018 -1.0160264966543764e-02
2023-04-17T12:07:16.500 24255.260976950165058952 0.971956395896715120   472614.639823199890 +6.0580160352401435e-03
2023-04-17T12:07:21.500 20884.467179942592338193 0.868951605250498194   472608.249808833934 +1.4754193776752800e-02
2023-04-17T12:07:26.500 19879.605254821206472116 0.864995409325430731   472601.833691698092 -1.4406104455702007e-03
2023-04-17T12:07:31.500 22460.358290021769789746 0.973548357490398031   472595.439207897172 +5.2088230731897056e-03
2023-04-17T12:07:36.500 21458.786534120346914278 0.948469454364034847   472589.035537545395 +3.8817166932858527e-03
2023-04-17T12:07:41.500 20060.308590593998815166 0.798298430353218791   472582.626017963223 -2.0855066832154989e-03
2023-04-17T12:07:46.500 22053.486522941908333451 0.934181182167822866   472576.223594870826 +2.5196897331625223e-04
2023-04-17T12:07:51.500 23836.733826339892402757 0.982344621404110718   472569.817154964956 -2.2006937069818377e-04
2023-04-17T12:07:56.500 22153.882487719125492731 0.892894621872537320   472563.407460331684 -2.7404514839872718e-03
2023-04-17T12:08:01.500 18436.317518249841668876 0.847418543526568313   472557.002161084034 +3.4001423045992851e-04
2023-04-17T12:08:06.500 25903.155031308342586271 0.978740754518051093   472550.572174917208 -2.0061903924215585e-02
2023-04-17T12:08:11.500 21672.073078487239399692 0.952715514524594353   472544.169421094237 -1.2027875520288944e-02
2023-04-17T12:08:16.500 18693.787587206941680051 0.814559045079006228   472537.779978561215 +1.0520107985939831e-02
2023-04-17T12:08:21.500 21761.521129135369847063 0.917830874455228818   472531.339856302307 -1.6409912088420242e-02
2023-04-17T12:08:26.500 23632.516310751059791073 0.982925036820417763   472524.935293530696 -6.5796706476248801e-03
2023-04-17T12:08:31.500 22049.070246317951387027 0.905496226658072056   472518.514471149480 -1.1809217045083642e-02
2023-04-17T12:08:36.500 19915.577817184763262048 0.831438274261687704   472512.109916616057 +4.2794831097126007e-04
2023-04-17T12:08:41.500 21464.138587747245765058 0.959370375104834916   472505.695630347473 +4.1312807006761432e-03
2023-04-17T12:08:46.500 22842.245886819495353848 0.960830937511862881   472499.270170117496 -2.1424129372462630e-03
2023-04-17T12:08:51.500 19916.921382545682718046 0.832213486851928530   472492.879151732312 +2.7221702737733722e-02
2023-04-17T12:08:56.500 22712.078778847338980995 0.914242500406786895   472486.426321877516 -4.0306617156602442e-03
2023-04-17T12:09:01.500 23577.692584007061668672 0.982668581334354307   472480.026019453770 +1.8438415136188269e-02
2023-04-17T12:09:06.500 20004.885835314267751528 0.913490777582522839   472473.585906582361 +2.2900714538991451e-03
2023-04-17T12:09:11.500 19071.988601378314342583 0.835419157459941109   472467.155631308618 -2.8286342276260257e-03
2023-04-17T12:09:16.500 22581.987055638179299422 0.978056343607648704   472460.739190121763 +7.0777967921458185e-03
2023-04-17T12:09:21.500 21662.159276063306606375 0.965451915705916819   472454.289417799620 -1.5156851790379733e-02
2023-04-17T12:09:26.500 18610.732143665351031814 0.829664900363452196   472447.892724973382 +1.6877053771167994e-02
2023-04-17T12:09:31.500 21266.779322516278625699 0.908676238718646001   472441.451672543422 +5.7394132600165904e-03
2023-04-17T12:09:36.500 22793.084541834348783595 0.988168190814319947   472435.028181179310 +1.3349892513360828e-02
2023-04-17T12:09:41.500 22621.357875852478173329 0.915890396505357307   472428.560542447609 -2.2000948782078922e-02
2023-04-17T12:09:46.500 22353.120055102222977439 0.836126528238346545   472422.153258863371 +4.1883947560563684e-03
2023-04-17T12:09:51.500 22773.915506110592104960 0.969899684103274207   472415.680812332139 -3.3601183327846229e-02
2023-04-17T12:09:56.500 23860.254243168994435109 0.967094152849536370   472409.259423102369 -1.9150449719745666e-02
2023-04-17T12:10:01.500 19603.660454846423817798 0.829271647199204986   472402.857264445920 +1.5712850261479616e-02
2023-04-17T12:10:06.500 22082.522431018671341008 0.916996923746464243   472396.416611246066 +1.3262580381706357e-02
2023-04-17T12:10:11.500 22403.491357854483794654 0.989246951112316641   472389.965915091627 +1.9493077415972948e-03
2023-04-17T12:10:16.500 21399.996194241844932549 0.914107490960537672   472383.541320943623 +1.7916969431098551e-02
2023-04-17T12:10:21.500 19733.286145965648756828 0.840050721068096640   472377.054048028134 -2.7616233914159238e-02
2023-04-17T12:10:26.500 22457.785981163469841704 0.969410933680515563   472370.643676341570 +4.9286666908301413e-03
2023-04-17T12:10:31.500 22898.960466643253312213 0.966606656344454196   472364.199015470687 +4.3602290679700673e-03
2023-04-17T12:10:36.500 17324.909324980751989642 0.824540122707535406   472357.745369526441 -4.0184663957916200e-03
2023-04-17T12:10:41.500 23648.771135826951649506 0.932468958264446424   472351.308310285560 +5.3633252391591668e-03
2023-04-17T12:10:46.500 24947.946282630338828312 0.992915435214272390   472344.854318044148 -1.0151327005587518e-03
2023-04-17T12:10:51.500 20551.204197545626811916 0.896838679526672178   472338.399333755486 -7.2139212861657143e-03
2023-04-17T12:10:56.500 22800.539311391345108859 0.866835457482523664   472331.940425095847 -1.6166399116627872e-02
2023-04-17T12:11:01.500 23069.607210347032378195 0.985334460036425219   472325.508559309354 +3.0936421244405210e-03
2023-04-17T12:11:06.500 20442.835264932818972738 0.956226177696294699   472319.081277959514 +2.8106729558203369e-02
2023-04-17T12:11:11.500 18397.237003783084219322 0.798616203418597403   472312.595003513037 -4.7057070769369602e-03
2023-04-17T12:11:16.500 21740.872770903009950416 0.940924000798407878   472306.146701788122 +1.6211129841394722e-03
2023-04-17T12:11:21.500 24172.589150376326870173 0.986606811447380494   472299.682370312861 -6.9163195439614356e-03
2023-04-17T12:11:26.500 21305.129575832041155081 0.878063323023392517   472293.234817159595 +2.4890297208912671e-03
2023-04-17T12:11:31.500 22998.614309539592795772 0.881222337143602319   472286.778570788563 +4.3645833502523601e-03
2023-04-17T12:11:36.500 23232.397573261478100903 0.990507743180093381   472280.309331968194 -5.5899276048876345e-03
2023-04-17T12:11:41.500 21577.863603978039463982 0.939372193595236160   472273.865262391104 +1.0786152153741568e-02
2023-04-17T12:11:46.500 18638.097659537987055955 0.799041446957158619   472267.405895975069 +1.3025703665334731e-02
2023-04-17T12:11:51.500 22558.063771143722988199 0.955291728467908885   472260.924445668817 -5.6593604967929423e-03
2023-04-17T12:11:56.500 23106.079127461325697368 0.982267335365254124   472254.453885303345 -1.2296245142351836e-02
2023-04-17T12:12:01.500 19987.846672218045569025 0.855817732262959541   472248.025870141631 +2.4769278184976429e-02
2023-04-17T12:12:06.500 23037.733223338196694385 0.910820910172575271   472241.520834136521 -1.4029871090315282e-02
2023-04-17T12:12:11.500 22976.568698884482728317 1.000000000000000000   472235.054194515455 -1.3277498597744852e-02
2023-04-17T12:12:16.500 20730.529212055349489674 0.926616120967612478   472228.594934296911 -3.9916168898344040e-03
2023-04-17T12:12:21.500 19266.023665404711209703 0.835505443215304844   472222.117174441926 -1.2052294914610684e-02
2023-04-17T12:12:26.500 21778.914349509101157309 0.977194062968534727   472215.660956976062 +2.5814644177444279e-03
2023-04-17T12:12:31.500 22269.693860798666719347 0.965632697642922255   472209.177437511506 -8.9357535471208394e-03
2023-04-17T12:12:36.500 19110.474015405015961733 0.818098295981503520   472202.719258647470 +6.0376255423761904e-03
2023-04-17T12:12:41.500 22065.707810115392931039 0.934673892204865964   472196.261736971035 +2.2817165707238019e-02
2023-04-17T12:12:46.500 23859.548182842718233587 0.985988500878021923   472189.757932442706 -5.5381936836056411e-03
2023-04-17T12:12:51.500 20484.353517908504727529 0.882909182206244370   472183.284275103302 -2.5994304451160133e-03
2023-04-17T12:12:56.500 21387.054878310183994472 0.877809667939942639   472176.801863987581 -7.2685261839069426e-03
2023-04-17T12:13:01.500 25114.078235639743070351 0.981911625800022114   472170.321520959027 -8.7246315088123083e-03
2023-04-17T12:13:06.500 23191.550892636125354329 0.943827085868006788   472163.859693179722 +9.4784043030813336e-03
2023-04-17T12:13:11.500 18570.547545211698889034 0.803839206583466637   472157.369203757495 +1.6268063336610794e-04
2023-04-17T12:13:16.500 22641.450303988582163583 0.962972219558936637   472150.881322499132 -5.4030016763135791e-03
2023-04-17T12:13:21.500 22949.229239117714314489 0.980669616319479354   472144.408852954395 +5.5839045671746135e-03
2023-04-17T12:13:26.500 19456.474012433794996468 0.842117786898951781   472137.914590926084 -4.0817973203957081e-03
2023-04-17T12:13:31.500 21127.913095605479611550 0.922797725050940487   472131.417319105181 -1.5618412755429745e-02
2023-04-17T12:13:36.500 22518.215864122867060360 0.993954519223696598   472124.938313834893 -7.7505912631750107e-03
2023-04-17T12:13:41.500 20954.850914307313360041 0.910720430696956296   472118.456951806089 -1.1026312131434679e-03
2023-04-17T12:13:46.500 19974.170581757574836956 0.859877442983764007   472111.979217781569 +1.0309244622476399e-02
2023-04-17T12:13:51.500 22255.418708440443879226 0.986065999946177940   472105.485623208631 +6.9955016369931400e-03
2023-04-17T12:13:56.500 25180.252220483078417601 0.953931774670092714   472099.012477147160 +2.5264222407713532e-02
2023-04-17T12:14:01.500 19178.031219946318742586 0.787416285493598878   472092.473302247352 -2.1362916915677488e-02
2023-04-17T12:14:06.500 23607.015674820868298411 0.953534029585557663   472085.987566671509 -1.3418723305221647e-02
2023-04-17T12:14:11.500 23495.580175073850114131 0.981288053351518919   472079.515271329845 +9.0967485448345542e-03
2023-04-17T12:14:16.500 20258.154010652575379936 0.852167038845320746   472072.995102050772 -1.5131633437704295e-02
2023-04-17T12:14:21.500 20684.223596073810767848 0.906481517609705190   472066.503979083674 -9.1845758142881095e-03
2023-04-17T12:14:26.500 23104.115871954403701238 0.979037721133447225   472060.005324796017 -9.6406622324138880e-03
2023-04-17T12:14:31.500 22161.591685840277932584 0.913652718221774629   472053.539404603187 +2.3764576762914658e-02
2023-04-17T12:14:36.500 17961.755378869424021104 0.852097631201150785   472047.012100943713 -3.0873613432049751e-03
2023-04-17T12:14:41.500 22807.743289081223338144 0.986022578802073446   472040.510875699809 -2.7355303172953427e-03
2023-04-17T12:14:46.500 22541.406088551182619995 0.950392973825421095   472034.006103148684 -4.8065833980217576e-03
2023-04-17T12:14:51.500 18325.904474158603989054 0.777859941004657496   472027.503522176761 -3.5625593154691160e-03
2023-04-17T12:14:56.500 24812.566183971233840566 0.951265779162649650   472021.002354444878 +2.1728337742388248e-04
2023-04-17T12:15:01.500 22443.382657126796402736 0.977359485068203582   472014.505260017700 +9.1920957784168422e-03
2023-04-17T12:15:06.500 21041.163335402383381734 0.842848106667177799   472008.015973836125 +2.7095910802017897e-02
2023-04-17T12:15:11.500 22685.610415839386405423 0.908007015037352150   472001.487779811781 +7.2117383824661374e-03
2023-04-17T12:15:16.500 23690.512754712417518022 0.986248228907646740   471994.966199873365 -4.9393884837627411e-03
2023-04-17T12:15:21.500 22929.518767039935482899 0.906158662462346776   471988.478998089093 +1.8405709008220583e-02
2023-04-17T12:15:26.500 21845.862482592048763763 0.860139937741773331   471981.966656937671 +1.7728626844473183e-02
2023-04-17T12:15:31.500 22814.423430554455990205 0.982195625960615937   471975.427823855425 -8.3240752574056387e-03
2023-04-17T12:15:36.500 21465.924355024337273790 0.944554002803318915   471968.920662837510 -1.5892718220129609e-03
2023-04-17T12:15:41.500 18494.006762245284335222 0.797082910318262061   471962.395243723586 -1.1997985828202218e-02
2023-04-17T12:15:46.500 22530.431997275220055599 0.951487972837413931   471955.899239293241 +8.1217063125222921e-03
2023-04-17T12:15:51.500 25700.731877084621373797 0.973273385544963343   471949.368852719024 -5.0278716371394694e-03
2023-04-17T12:15:56.500 19793.043614014153718017 0.828293953340929701   471942.837745122320 -1.7786439741030335e-02
2023-04-17T12:16:01.500 21831.549617380598647287 0.921878764746735024   471936.336051581835 -1.9753468222916126e-05
2023-04-17T12:16:06.500 23146.780233654651965480 0.978210291506753649   471929.838668605837 +2.3167868668679148e-02
2023-04-17T12:16:11.500 21322.657003356693167007 0.887201803614179885   471923.295024064369 +1.2034779647365212e-03
2023-04-17T12:16:16.500 21755.984002056844474282 0.878177578092579791   471916.768090695376 -2.9409988783299923e-03
2023-04-17T12:16:21.500 23659.730782766368065495 0.970449963786706449   471910.239173785783 -7.9610783723182976e-03
2023-04-17T12:16:26.500 24235.040584178805147531 0.921796963610093778   471903.704750973731 -1.7379917495418340e-02
2023-04-17T12:16:31.500 18447.172892855618556496 0.818666527079473960   471897.193805035029 -2.2155274054966867e-03
2023-04-17T12:16:36.500 24328.838298380604101112 0.961555872259190259   471890.668293230527 -5.1142595475539565e-04
2023-04-17T12:16:41.500 23882.404169903500587679 0.948805583153893850   471884.140484710049 +7.6636206358671188e-07
2023-04-17T12:16:46.500 18418.208777667470712913 0.781994599906176480   471877.620033315499 +8.9741299743764102e-03
2023-04-17T12:16:51.500 23016.440264235185168218 0.935397723118406188   471871.083695754234 +3.1646192655898631e-03
2023-04-17T12:16:56.500 23025.802696804938022979 0.973840311773903067   471864.548354498635 -5.4603739408776164e-04
2023-04-17T12:17:01.500 20061.138643936563312309 0.847723195145656305   471858.032802754722 +1.6634631087072194e-02
2023-04-17T12:17:06.500 20421.889315238564449828 0.896499909087413172   471851.495268190687 +1.2933567166328430e-02
2023-04-17T12:17:11.500 22775.041958761026762659 0.972666188063674997   471844.941445506178 -5.9552463935688138e-03
2023-04-17T12:17:16.500 21454.386853718358906917 0.892176192271222024   471838.387832847424 -2.3534370178822428e-02
2023-04-17T12:17:21.500 21320.491258618134452263 0.861065513475937849   471831.877457249037 +3.2225327449850738e-03
2023-04-17T12:17:26.500 23465.234013796132785501 0.974625415740573486   471825.352736818604 +1.6732882009819150e-02
2023-04-17T12:17:31.500 22910.309218063837761292 0.928655688376376576   471818.776906018960 -1.9769537437241524e-02
2023-04-17T12:17:36.500 19479.549557048765564105 0.811790133624574417   471812.263644445571 +7.3942015878856182e-03
2023-04-17T12:17:41.500 22537.538033614935557125 0.965224545310490956   471805.717534135270 +2.8054779395461082e-03
2023-04-17T12:17:46.500 22446.966238004551996710 0.951304628446261402   471799.153936543211 -1.8174900731537491e-02
2023-04-17T12:17:51.500 18867.880851022600836586 0.796969018944846175   471792.637145014596 +8.7457731133326888e-03
2023-04-17T12:17:56.500 23028.832821042560681235 0.936217823637682911   471786.070371240145 -1.3221436413004994e-02
2023-04-17T12:18:01.500 24204.280512375953549054 0.971618117997326447   471779.537406693038 -2.8567260596901178e-04
2023-04-17T12:18:06.500 21091.897314266174362274 0.843937663466499122   471772.991523075791 +8.2416174700483680e-04
2023-04-17T12:18:11.500 20478.131567738873854978 0.903329608179880617   471766.443900971266 +1.2880549766123295e-03
2023-04-17T12:18:16.500 22143.764165772125124931 0.965742628812154669   471759.903206980263 +9.7720245248638093e-03
2023-04-17T12:18:21.500 20179.001428193063475192 0.881783835373621927   471753.330223639379 -1.2941965425852686e-02
2023-04-17T12:18:26.500 20157.331388552822318161 0.864857809886912188   471746.795714101580 +3.9086771430447698e-03
2023-04-17T12:18:31.500 20920.029011036163865356 0.971871601301580124   471740.234631139901 -4.7238241531886160e-03
2023-04-17T12:18:36.500 21994.459489582299283938 0.918076025465269896   471733.685815205448 +4.4394982978701591e-07
2023-04-17T12:18:41.500 18296.460027859746332979 0.825988233434239105   471727.137834915076 +6.6495721694082022e-03
2023-04-17T12:18:46.500 22218.113983846738847205 0.965836376925152007   471720.575485663780 +1.8441118299961090e-05
2023-04-17T12:18:51.500 22827.233966095511277672 0.943868675579585648   471714.026046248793 +7.3853458743542433e-03
2023-04-17T12:18:56.500 19073.936858603006839985 0.785579322887185683   471707.460383714526 -3.8315937854349613e-04
2023-04-17T12:19:01.500 21912.545130992410122417 0.949403907287862836   471700.907223990711 +5.4383774986490607e-03
2023-04-17T12:19:06.500 23092.921018270568310982 0.968576417181805982   471694.339561691275 -2.1558952867053449e-03
2023-04-17T12:19:11.500 17942.342834584382217145 0.823371212936215624   471687.786823407165 +6.2601604731753469e-03
2023-04-17T12:19:16.500 22029.091434750305779744 0.936252133674813969   471681.201556067506 -1.6766966262366623e-02
2023-04-17T12:19:21.500 23438.669733819857356139 0.976009433859558850   471674.649265499262 -5.7318759500049055e-03
2023-04-17T12:19:26.500 21731.467526869058929151 0.855037144906504509   471668.096276263008 +5.6895777233876288e-03
2023-04-17T12:19:31.500 20719.140946084466122556 0.901385234179631567   471661.520388010656 -4.7033547307364643e-03
2023-04-17T12:19:36.500 21505.642743310247169575 0.979345674542612232   471654.975947336818 +1.7435533402021974e-02
2023-04-17T12:19:41.500 20542.801484715568221873 0.890155703156211509   471648.390142883407 -7.0549093652516603e-04
2023-04-17T12:19:46.500 19245.752085518939566100 0.870845502358154722   471641.841083502106 +1.8982062931172550e-02
2023-04-17T12:19:51.500 22823.791399158133572200 0.978754380142833891   471635.250382807048 -1.8885382451117039e-03
2023-04-17T12:19:56.500 22841.405627282019850099 0.916361058418543317   471628.674818979285 -6.5394475241191685e-03
2023-04-17T12:20:01.500 20805.514368785254191607 0.834011605788734789   471622.116575247434 +7.2122440906241536e-03
2023-04-17T12:20:06.500 24202.316592421215318609 0.969946401219980991   471615.515237321379 -2.1048059395980090e-02
2023-04-17T12:20:11.500 22438.375061192426073831 0.936010787690922275   471608.979167794227 +1.7041943618096411e-02
2023-04-17T12:20:16.500 18603.908595884659007424 0.796255447659018900   471602.376451652031 -1.0433038056362420e-02
2023-04-17T12:20:21.500 23399.668822709831147222 0.960483669069393087   471595.807547563803 -3.0145984492264688e-03
2023-04-17T12:20:26.500 24201.058668887770181755 0.966213626633946387   471589.226015553460 -7.1429616655223072e-03
2023-04-17T12:20:31.500 19296.312720090663788142 0.810898860338448713   471582.655029866961 +3.5588454920798540e-04
2023-04-17T12:20:36.500 21682.870283880172792124 0.946780643464033567   471576.081013464835 +5.9046822716481984e-03
2023-04-17T12:20:41.500 22813.172550760777085088 0.978496961907668328   471569.498417869385 +3.9547501364722848e-03
2023-04-17T12:20:46.500 18888.088032752231811173 0.830292371818840191   471562.910289998166 -2.4471827200613916e-03
2023-04-17T12:20:51.500 21466.054887608101125807 0.918221735074567058   471556.326648245566 -3.2828952535055578e-03
2023-04-17T12:20:56.500 23326.001084383366105612 0.972667524457722199   471549.752464932564 +6.4197757747024298e-03
2023-04-17T12:21:01.500 22173.572296130161703331 0.866824158513425647   471543.162538654869 +1.4592838706448674e-03
2023-04-17T12:21:06.500 19653.156352918733318802 0.891771828900622121   471536.565880929527 -9.1529804049059749e-03
2023-04-17T12:21:11.500 24823.034360038695012918 0.968786344167187674   471529.972462265985 -1.5446618548594415e-02
2023-04-17T12:21:16.500 20488.201267966749583138 0.894438325921406263   471523.401828828617 +2.1244392264634371e-03
2023-04-17T12:21:21.500 20482.193683808040077565 0.869309862456199789   471516.821045224846 +1.0624721529893577e-02
2023-04-17T12:21:26.500 22355.196199779980815947 0.973478233555761241   471510.225703377335 +5.6460886844433844e-03
2023-04-17T12:21:31.500 21526.529147829674911918 0.909831096640527193   471503.626338653325 -2.2761382278986275e-03
2023-04-17T12:21:36.500 21075.774025888251344441 0.841710154683870226   471497.025500240910 -1.0592800681479275e-02
2023-04-17T12:21:41.500 23919.699958429679099936 0.971800660458403409   471490.461417425482 +1.8925373733509332e-02
2023-04-17T12:21:46.500 23096.207480034743639408 0.931507665850022537   471483.840169983392 -7.6418347307480872e-03
