# Observation conducted on 60051.0 at Hb rev. 0
# Base frequency: 8415.50 MHz dF: 5.0 Hz dT: 5 s Nscans: 1 
# Format: UTC Time     |   Signal-to-Noise  |    Spectral max    | Freq detection [Hz] |   Doppler noise [Hz]  |
# 
2023-04-17T11:01:51.500 19926.403574957024829928 0.831358244340358876   477196.982051570376 -7.0161171606741846e-03
2023-04-17T11:01:56.500 21562.839751578674622579 0.863457626101222120   477191.810613967478 +1.7360450816340744e-02
2023-04-17T11:02:01.500 22589.492466208805126371 0.877636347376376635   477186.579366236285 -1.6276788548566401e-02
2023-04-17T11:02:06.500 23121.999271834312821738 0.906339470965450755   477181.377629200637 -1.8606288533192128e-02
2023-04-17T11:02:11.500 21237.856175675438862527 0.920381748136853473   477176.196121741028 +1.0915253660641611e-03
2023-04-17T11:02:16.500 21624.558672530441981507 0.937928844581861987   477170.967955587606 -2.4070950516033918e-02
2023-04-17T11:02:21.500 25165.118771519588335650 0.952102752899096516   477165.785266451479 -1.9573675817809999e-03
2023-04-17T11:02:26.500 24043.432122136786347255 0.961329372155911965   477160.575086262194 -5.5351865012198687e-03
2023-04-17T11:02:31.500 24727.357035144592373399 0.979450954997222234   477155.377778930939 +5.5600863415747881e-03
2023-04-17T11:02:36.500 24766.014335940213641152 0.982971127695221436   477150.170566321991 +8.5508698830381036e-03
2023-04-17T11:02:41.500 24028.968858519394416362 0.987017443222823809   477144.946811725153 -3.1990183633752167e-03
2023-04-17T11:02:46.500 23789.699750232077349210 0.978153227416942439   477139.753879426746 +1.7675208800937980e-02
2023-04-17T11:02:51.500 25901.946263517347688321 0.971972210312230689   477134.528190839512 +7.5954382191412151e-03
2023-04-17T11:02:56.500 22185.382110656104487134 0.958217950424362752   477129.320041690837 +1.6857845068443567e-02
2023-04-17T11:03:01.500 22730.893769934387819376 0.949895966045775308   477124.095353640849 +1.1384511017240584e-02
2023-04-17T11:03:06.500 23984.906926256709994050 0.919490556006917648   477118.864075655059 +1.1247972724959254e-03
2023-04-17T11:03:11.500 20940.118208809471980203 0.911139423453331432   477113.652973281569 +1.2844622076954693e-02
2023-04-17T11:03:16.500 23167.777929892308748094 0.884961956536846728   477108.420360843302 +4.8586530028842390e-03
2023-04-17T11:03:21.500 22435.059209927756455727 0.848632672463830340   477103.192023705109 +2.9525742284022272e-03
2023-04-17T11:03:26.500 20750.946905273409356596 0.825549446680797772   477097.953750811401 -7.0843751309439540e-03
2023-04-17T11:03:31.500 21957.627873085933970287 0.794949687399975624   477092.720846116717 -9.9479707423597574e-03
2023-04-17T11:03:36.500 18802.146736221802711952 0.758986340588295505   477087.515618884703 +1.6671296500135213e-02
2023-04-17T11:03:41.500 19667.257454792612406891 0.798407186824909076   477082.260004502314 -5.2909650839865208e-03
2023-04-17T11:03:46.500 19054.560585441297007492 0.835636886249708000   477077.023286971031 -6.5505568054504693e-03
2023-04-17T11:03:51.500 21545.529282977455295622 0.869694894740772773   477071.766175660654 -2.6397935056593269e-02
2023-04-17T11:03:56.500 23787.080583395316352835 0.891213801695309726   477066.532742411247 -2.0761109713930637e-02
2023-04-17T11:04:01.500 21873.343987822416238487 0.915388288077404133   477061.311634505109 -9.9267129553481936e-04
2023-04-17T11:04:06.500 23106.195008650578529341 0.939098456107505197   477056.084022847877 +1.4078389969654381e-02
2023-04-17T11:04:11.500 22246.151358027491369285 0.963377168012894747   477050.818687033665 -6.7682507215067744e-03
2023-04-17T11:04:16.500 25067.086243771318549989 0.965954113837583339   477045.597247085476 +1.8087488890159875e-02
2023-04-17T11:04:21.500 24926.194241809207596816 0.980608506271326230   477040.335101617326 +4.0442592580802739e-03
2023-04-17T11:04:26.500 26234.408373058951838175 0.982236073361343665   477035.099356819759 +1.8208265886642039e-02
2023-04-17T11:04:31.500 23613.212755914337321883 0.983211385634259694   477029.820882115688 -8.5510752396658063e-03
2023-04-17T11:04:36.500 23499.454797787428105948 0.975084452683127934   477024.571165615926 -4.7456818283535540e-03
2023-04-17T11:04:41.500 25997.911427100378205068 0.969251697163294290   477019.329497033381 +8.9141093776561320e-03
2023-04-17T11:04:46.500 24767.209226395192672499 0.952722205893568597   477014.084718060330 +2.1269920165650547e-02
2023-04-17T11:04:51.500 23043.313704864467581501 0.924788805250560064   477008.795187262585 -9.3197751557454467e-03
2023-04-17T11:04:56.500 22245.505708568700356409 0.908068437523517957   477003.564435740758 +2.0676012383773923e-02
2023-04-17T11:05:01.500 20744.621928263266454451 0.876095421834787391   476998.281559184194 +3.5283993929624557e-04
2023-04-17T11:05:06.500 19189.695924397059570765 0.832736102069697948   476993.016438607941 -4.0842936141416430e-04
2023-04-17T11:05:11.500 18445.389042326354683610 0.802582030502606236   476987.752613736608 +1.9317571423016489e-03
2023-04-17T11:05:16.500 17830.011814761393907247 0.764609710855542191   476982.463074960164 -1.9636401673778892e-02
2023-04-17T11:05:21.500 18543.857092732290766435 0.806086918408150166   476977.225588115980 +1.2652720848564059e-02
2023-04-17T11:05:26.500 21103.435612703568040160 0.844920708163535705   476971.934296207910 -7.0581007748842239e-03
2023-04-17T11:05:31.500 21224.359668675719149178 0.874097092526550101   476966.664199135150 -3.7692158948630095e-03
2023-04-17T11:05:36.500 23119.529305172036401927 0.912546121503547192   476961.391291295760 -1.4864929253235459e-03
2023-04-17T11:05:41.500 22876.649007256884942763 0.942530200105661020   476956.112686324399 -3.0965824844315648e-03
2023-04-17T11:05:46.500 24399.095270696383522591 0.971003298328771636   476950.820111970883 -1.6872037784196436e-02
2023-04-17T11:05:51.500 23921.089794817427900853 0.978380114557830916   476945.540790600702 -1.5590814058668911e-02
2023-04-17T11:05:56.500 22889.126209449968882836 0.986206106947280947   476940.255022623460 -1.8952840240672231e-02
2023-04-17T11:06:01.500 25016.277091767049569171 1.000000000000000000   476934.998258937267 +8.4924261900596321e-03
2023-04-17T11:06:06.500 23914.512228112158481963 0.977321356723027668   476929.712885584333 +9.1306547983549535e-03
2023-04-17T11:06:11.500 23485.969410130259348080 0.961553835432692350   476924.407770160586 -8.1709478399716318e-03
2023-04-17T11:06:16.500 24533.688963894674088806 0.951936748103772712   476919.111367087462 -1.4958366460632533e-02
2023-04-17T11:06:21.500 23487.906888891950075049 0.921315262315787309   476913.842230370268 +7.3219820624217391e-03
2023-04-17T11:06:26.500 22150.146754004217655165 0.898570036864130395   476908.541022746533 -6.6760298795998096e-04
2023-04-17T11:06:31.500 21510.577371904983010609 0.875274057870608080   476903.236678533023 -9.9932592129334807e-03
2023-04-17T11:06:36.500 20171.790776618483505445 0.824937874950275263   476897.933735074417 -1.6118111496325582e-02
2023-04-17T11:06:41.500 19575.417705961070168996 0.784291872990006134   476892.648667759262 -2.5672561023384333e-03
2023-04-17T11:06:46.500 17891.174699766044795979 0.782230701718436006   476887.360917566810 +1.0099785926286131e-02
2023-04-17T11:06:51.500 18962.993238117145665456 0.830727547563345325   476882.026659262658 -2.1942734369076788e-02
2023-04-17T11:06:56.500 21614.281304228981753113 0.867608254225314623   476876.732722983463 -1.1865210137329996e-02
2023-04-17T11:07:01.500 23002.142395761748048244 0.905387409374720731   476871.427649104910 -1.1127809120807797e-02
2023-04-17T11:07:06.500 21812.750054995100072119 0.932314911094048737   476866.117275434546 -1.3893281517084688e-02
2023-04-17T11:07:11.500 22851.314200440512649948 0.951055975494063510   476860.830424150277 +8.6599786300212145e-03
2023-04-17T11:07:16.500 25893.511433112282247748 0.971417809964179590   476855.516957149492 +6.3932837801985443e-03
2023-04-17T11:07:21.500 24802.719597498176881345 0.978164825393668558   476850.188786912418 -8.7814844446256757e-03
2023-04-17T11:07:26.500 23027.017416981754649896 0.972538522067219025   476844.904056075495 +2.1277698688209057e-02
2023-04-17T11:07:31.500 24062.071864091114548501 0.979414391179380006   476839.558437224594 -7.7572053414769471e-03
2023-04-17T11:07:36.500 24778.051101052165904548 0.963074168667850006   476834.244930313609 -2.8868797235190868e-03
2023-04-17T11:07:41.500 22045.687050441858445993 0.936223931335930071   476828.955562873569 +2.7915557206142694e-02
2023-04-17T11:07:46.500 23567.195626547920255689 0.907019010003858428   476823.598173488688 -7.5119719840586185e-03
2023-04-17T11:07:51.500 20113.441937589584995294 0.862751756076793663   476818.281037190754 -8.9510862017050385e-04
2023-04-17T11:07:56.500 21041.908231803186936304 0.824868693831974031   476812.958037319535 +1.6488018445670605e-03
2023-04-17T11:08:01.500 18351.684364210173953325 0.767087348559767901   476807.608844734554 -2.0210077171213925e-02
2023-04-17T11:08:06.500 18356.476992183324910002 0.782891483368344132   476802.313238543458 +1.3306654465850443e-02
2023-04-17T11:08:11.500 19920.598621425499004545 0.834481263994548916   476796.949773024884 -1.9247443124186248e-02
2023-04-17T11:08:16.500 21631.099586031708895462 0.864248736516123994   476791.642688057676 +6.3667803187854588e-03
2023-04-17T11:08:21.500 23341.670565341821202310 0.912202832425396792   476786.290482077224 -1.1352979228831828e-02
2023-04-17T11:08:26.500 25031.450878674018895254 0.932068298487805591   476780.980994698068 +1.5432143118232489e-02
2023-04-17T11:08:31.500 22419.126287295828660717 0.960879806386371382   476775.618478144053 -9.0263877063989639e-03
2023-04-17T11:08:36.500 25084.098899013682967052 0.985326054983511890   476770.303468140133 +1.5806383977178484e-02
2023-04-17T11:08:41.500 22772.894345558222994441 0.979466393262881874   476764.939984493365 -6.0505129513330758e-03
2023-04-17T11:08:46.500 24458.684357135112804826 0.967873516403049972   476759.618757932098 +1.6132862307131290e-02
2023-04-17T11:08:51.500 23301.132628609851963120 0.951215880377021761   476754.260808818974 +3.3760760561563075e-03
2023-04-17T11:08:56.500 22989.984380250793037703 0.923020790042129335   476748.913605428534 +3.1465978245250881e-03
2023-04-17T11:09:01.500 22764.254795502634806326 0.894294423694106611   476743.566122677119 +4.4185305596329272e-03
2023-04-17T11:09:06.500 22510.489220783998462139 0.854249502917845516   476738.207514875918 -3.6546362098306417e-03
2023-04-17T11:09:11.500 19916.579930275474907830 0.807835532083806873   476732.868629158533 +9.7734017763286829e-03
2023-04-17T11:09:16.500 19041.793728910513891606 0.749248368657821184   476727.518458052073 +1.3694334251340479e-02
2023-04-17T11:09:21.500 21328.525491410233371425 0.800629020505979172   476722.148104854219 -7.8938546357676387e-04
2023-04-17T11:09:26.500 20206.267265194223000435 0.850560668285108123   476716.783698592742 -7.5495815253816545e-03
2023-04-17T11:09:31.500 23387.391693220164597733 0.896697147959950480   476711.409403982805 -2.2422397159971297e-02
2023-04-17T11:09:36.500 22973.097017808511736803 0.924611811683130891   476706.094988070428 +2.4358348106034100e-02
2023-04-17T11:09:41.500 24380.583490620752854738 0.950243300039995908   476700.716100159625 +8.4410865092650056e-03
2023-04-17T11:09:46.500 23549.163307381288177567 0.972386044658326565   476695.359401489957 +1.6486179840285331e-02
2023-04-17T11:09:51.500 25181.150596254727133783 0.971763182224930300   476689.949932726042 -2.6466591341886669e-02
2023-04-17T11:09:56.500 25302.270747450616909191 0.961506753404214654   476684.635621857364 +2.7509873034432530e-02
2023-04-17T11:10:01.500 25050.065083709356258623 0.939239153133401006   476679.232609485392 -5.4447208531200886e-03
2023-04-17T11:10:06.500 21877.025602422258089064 0.914513787867197947   476673.862740089477 -3.4867936046794057e-03
2023-04-17T11:10:11.500 21152.875304091896396130 0.875592314936628924   476668.498048521520 +5.4176013218238950e-03
2023-04-17T11:10:16.500 21301.795108942700608168 0.838048876967054213   476663.131752578483 +1.4485351217444986e-02
2023-04-17T11:10:21.500 19917.957527525533805601 0.776818719078920861   476657.730500353675 -9.6363652264699340e-03
2023-04-17T11:10:26.500 18384.745588040841539623 0.765491424224396866   476652.373879943567 +1.2639630236662924e-02
2023-04-17T11:10:31.500 20722.140843379966099747 0.821762141961982162   476646.979857983359 -7.2094995994120836e-04
2023-04-17T11:10:36.500 22968.983009147857956123 0.870986084925731374   476641.585131416912 -1.3022088038269430e-02
2023-04-17T11:10:41.500 21987.247054131978075020 0.907454992056479948   476636.201289541903 -1.2675416131969541e-02
2023-04-17T11:10:46.500 22923.692460697919159429 0.939969060494066477   476630.852816503961 +2.4802278552670032e-02
2023-04-17T11:10:51.500 23959.596873229897028068 0.971847855119830406   476625.431453913916 -8.8483290746808052e-03
2023-04-17T11:10:56.500 23605.657922530466748867 0.969843117418605072   476620.048430082970 -2.3998664692044258e-03
2023-04-17T11:11:01.500 23806.684462253750098171 0.963640968084892857   476614.642823509290 -1.6774776566307992e-02
2023-04-17T11:11:06.500 24572.839241268495243276 0.934229404670632535   476609.291430635611 +2.4822439940180629e-02
2023-04-17T11:11:11.500 24034.071751614425011212 0.922311084855240604   476603.863682742056 -8.1778822350315750e-03
2023-04-17T11:11:16.500 22312.972746487335825805 0.875299026381881839   476598.483546579781 +8.1900610821321607e-03
2023-04-17T11:11:21.500 20689.563134472740784986 0.822440928824604289   476593.083911315305 +6.8144877441227436e-03
2023-04-17T11:11:26.500 18678.355407416529487818 0.771119022299421752   476587.678258918808 +1.1764182127080858e-03
2023-04-17T11:11:31.500 20913.100706253346288577 0.781135923542742305   476582.257882159727 -1.7432329186704010e-02
2023-04-17T11:11:36.500 21686.806443386274622753 0.839884649614146661   476576.870996523474 -7.9722044756636024e-04
2023-04-17T11:11:41.500 22119.247933491322328337 0.900614257534400608   476571.450526377535 -1.5994840476196259e-02
2023-04-17T11:11:46.500 23084.378737346622074256 0.927782300820598427   476566.034892972966 -2.4604890379123390e-02
2023-04-17T11:11:51.500 23053.513857329649908934 0.960903207818861516   476560.641879340517 -8.8452918571420014e-03
2023-04-17T11:11:56.500 25388.597562688613834325 0.970754698933926963   476555.248960151395 +8.7576739024370909e-03
2023-04-17T11:12:01.500 24766.325508326441195095 0.976560816656190989   476549.811955962097 -1.5976388182025403e-02
2023-04-17T11:12:06.500 22330.375462708645500243 0.957410624036887481   476544.415159332159 +1.2441304279491305e-03
2023-04-17T11:12:11.500 24791.976312331578810699 0.931532106207723087   476538.988600229728 -9.5517523004673421e-03
2023-04-17T11:12:16.500 19734.894675014329550322 0.889157445934099067   476533.590646623983 +1.0002983966842294e-02
2023-04-17T11:12:21.500 21431.292950655071763322 0.838814877555886684   476528.151857725286 -9.5333975623361766e-03
2023-04-17T11:12:26.500 18827.739182205801625969 0.794329818206940375   476522.766495602555 +2.6100226095877588e-02
2023-04-17T11:12:31.500 18707.349365873738861410 0.780491579314851802   476517.318804356735 +1.1470122844912112e-03
2023-04-17T11:12:36.500 21425.653269380181882298 0.834694580541458619   476511.911359207879 +1.8181239545810968e-02
2023-04-17T11:12:41.500 21230.109418699641537387 0.898153346276178821   476506.436977372039 -2.9980815190356225e-02
2023-04-17T11:12:46.500 21706.244501181517989608 0.931448603403148390   476501.037496392615 -1.5025448519736528e-03
2023-04-17T11:12:51.500 25778.697135314345359802 0.951796987640937009   476495.612038809049 +2.7376562939025462e-03
2023-04-17T11:12:56.500 25029.341820576999452896 0.962301710811046096   476490.194799818099 +1.6934054961893708e-02
2023-04-17T11:13:01.500 22702.242276609209511662 0.968213137438661664   476484.740610015811 -4.0836795815266669e-03
2023-04-17T11:13:06.500 21875.682482692674966529 0.953498115295148718   476479.308718594548 -1.0672782082110643e-03
2023-04-17T11:13:11.500 21573.198442686050839256 0.923216355553289736   476473.880304173217 +7.1609584847465158e-03
2023-04-17T11:13:16.500 23165.172144928554189391 0.878067439738570821   476468.446943364164 +1.2176728167105466e-02
2023-04-17T11:13:21.500 20786.461111009713931708 0.817792235508230769   476463.017275080783 +2.2618033399339765e-02
2023-04-17T11:13:26.500 18400.268723270415648585 0.755633678404597720   476457.577242142113 +2.4426787102129310e-02
2023-04-17T11:13:31.500 20911.539162002605735324 0.804172959451111558   476452.105973754486 -3.2687053317204118e-03
2023-04-17T11:13:36.500 21197.803910808073851513 0.869350020111320343   476446.659440176503 -4.4990812311880291e-03
2023-04-17T11:13:41.500 22372.161369873621879378 0.912933693538923174   476441.177653987834 -3.9252651564311236e-02
2023-04-17T11:13:46.500 23066.619085333488328615 0.954385980046187243   476435.777666969108 +9.5214794855564833e-03
2023-04-17T11:13:51.500 24381.866629819396621315 0.980997382790940620   476430.322111587797 +4.4549004524014890e-03
2023-04-17T11:13:56.500 23833.234566610768524697 0.975912627478654038   476424.877436026407 +1.1994920962024480e-02
2023-04-17T11:14:01.500 23710.258058221337705618 0.967284573858466112   476419.396236883593 -1.5262726985383779e-02
2023-04-17T11:14:06.500 23648.765420595798786962 0.938227104498722153   476413.967467446579 +1.1634384340140969e-02
2023-04-17T11:14:11.500 22167.017159167244244600 0.894371119483287624   476408.502745132137 +4.3028185609728098e-03
2023-04-17T11:14:16.500 20790.650438243232201785 0.827029995951544028   476403.045280986000 +5.9527756529860198e-03
2023-04-17T11:14:21.500 18737.553800878566107713 0.761845911629222661   476397.570954434166 -7.5371568673290312e-03
2023-04-17T11:14:26.500 20463.666797490881435806 0.796563441269840133   476392.129598326806 +1.3665040431078523e-02
2023-04-17T11:14:31.500 22268.039897978876979323 0.872466124392321962   476386.660993627273 +9.3395079020410776e-03
2023-04-17T11:14:36.500 23730.961931225421722047 0.921221498607574407   476381.202397560643 +1.6742655774578452e-02
2023-04-17T11:14:41.500 24369.479512167305074399 0.955974191254759575   476375.717247847060 -6.8860239116474986e-04
2023-04-17T11:14:46.500 25139.823777823388809338 0.971602092894498948   476370.263888650108 +1.5389099309686571e-02
2023-04-17T11:14:51.500 23288.719802148003509501 0.984450897495315225   476364.771272307669 -6.0726904193870723e-03
2023-04-17T11:14:56.500 24498.732373423696117243 0.958881760316904641   476359.291080174386 -1.3393396686296910e-02
2023-04-17T11:15:01.500 25726.869109660688991426 0.921770328854082832   476353.824792466767 -5.0935738254338503e-03
2023-04-17T11:15:06.500 23497.471493114797340240 0.868618734101694878   476348.348677138565 -4.9060288583859801e-03
2023-04-17T11:15:11.500 23511.654612879017804516 0.805282218235276681   476342.867205596180 -8.3601065562106669e-03
2023-04-17T11:15:16.500 18788.289011442931951024 0.757975158383183301   476337.385503300349 -1.0331087163649499e-02
2023-04-17T11:15:21.500 22155.328701334783545462 0.831496659497140578   476331.889444010332 -2.4945942452177405e-02
2023-04-17T11:15:26.500 21025.105566085250757169 0.890868177375312875   476326.427779871447 -3.4532469580881298e-03
2023-04-17T11:15:31.500 23141.122467966684780549 0.939086772697319216   476320.938742711558 -7.6218821923248470e-03
2023-04-17T11:15:36.500 23739.368615503553883173 0.962644075838698710   476315.464468547085 +4.6834699460305274e-03
2023-04-17T11:15:41.500 23933.532023444953665603 0.984417512404425099   476309.963667808508 -7.8274470288306475e-03
2023-04-17T11:15:46.500 22298.856719816150871338 0.962213731309744635   476304.485754127731 +4.2583234608173370e-03
2023-04-17T11:15:51.500 22798.975497137715137796 0.943581535350026646   476298.977431866806 -1.2355520040728152e-02
2023-04-17T11:15:56.500 23062.538468263046524953 0.891377848928368133   476293.483963659382 -1.2406995519995689e-02
2023-04-17T11:16:01.500 19185.243984090615413152 0.829322733282960134   476288.011512851343 +1.0266603901982307e-02
2023-04-17T11:16:06.500 18764.112190155778080225 0.749050087749626781   476282.508535050496 +4.1202591964974999e-03
2023-04-17T11:16:11.500 21290.977227588817186188 0.829931307493648740   476276.997755661316 -8.1212389050051570e-03
2023-04-17T11:16:16.500 21860.416411279002204537 0.883977958830199917   476271.523924679728 +1.8291504762601107e-02
2023-04-17T11:16:21.500 21802.267310154453298310 0.935923129687036504   476266.004526777833 +8.4257457638159394e-04
2023-04-17T11:16:26.500 22833.353787637268396793 0.959218209107778552   476260.524227253976 +2.4196695128921419e-02
2023-04-17T11:16:31.500 25756.274092837757052621 0.972258408514607431   476254.972932374687 -2.1740427240729332e-02
2023-04-17T11:16:36.500 25350.818256857433880214 0.965049091560370775   476249.501147995587 +1.3536516693420708e-02
2023-04-17T11:16:41.500 24065.002996241699293023 0.949045490058490926   476243.988837184967 +9.9900635541416705e-03
2023-04-17T11:16:46.500 21075.201829355777590536 0.892549261854997278   476238.479172710329 +1.0792463377583772e-02
2023-04-17T11:16:51.500 19219.184763128370832419 0.822444036400864720   476232.943970013177 -1.2241345015354455e-02
2023-04-17T11:16:56.500 18761.166487876733299345 0.764941409071879463   476227.451178714691 +8.8377720676362514e-03
2023-04-17T11:17:01.500 19586.980998618681041989 0.839305536316109713   476221.907196878048 -1.9572594494093210e-02
2023-04-17T11:17:06.500 21955.497239354332123185 0.906929961447451749   476216.404288231453 -5.2091733086854219e-03
2023-04-17T11:17:11.500 24159.179014604498661356 0.937544359374156366   476210.895737098297 +5.2119177998974919e-03
2023-04-17T11:17:16.500 23635.500028673974156845 0.963193332312711314   476205.367534768127 -2.3184564197435975e-03
2023-04-17T11:17:21.500 23909.927573258966731373 0.957771625849582753   476199.834856467845 -1.2625478149857372e-02
2023-04-17T11:17:26.500 22360.135788157749630045 0.955045103226735304   476194.324860996916 +1.4492600457742810e-03
2023-04-17T11:17:31.500 23112.828112016261002282 0.905419811105066863   476188.764590396138 -3.3052576938644052e-02
2023-04-17T11:17:36.500 22649.310501090574689442 0.865830675696120711   476183.300502540660 +3.0326527834404260e-02
2023-04-17T11:17:41.500 18208.329903103014657972 0.791242668851081521   476177.729016720143 -1.1994477594271302e-02
2023-04-17T11:17:46.500 19411.487523623683955520 0.790988089602950306   476172.202901433571 -7.2474181069992483e-03
2023-04-17T11:17:51.500 21232.594404904612019891 0.871961022526257512   476166.687050924986 +9.4616443966515362e-03
2023-04-17T11:17:56.500 23400.306801414575602394 0.917243297057572682   476161.134523532703 -8.8092401856556535e-03
2023-04-17T11:18:01.500 24605.740755702132446459 0.965855900674505441   476155.591298167710 -1.6081430658232421e-02
2023-04-17T11:18:06.500 25806.375744187742384383 0.970388909587282522   476150.082634941908 +1.2904933362733573e-02
2023-04-17T11:18:11.500 23039.892208629429660505 0.951650176355540167   476144.520815070544 -9.5691657043062150e-03
2023-04-17T11:18:16.500 22663.808040046358655673 0.917652247521268616   476138.989890741301 +5.4824608378112316e-04
2023-04-17T11:18:21.500 21007.215675642295536818 0.870369513942307549   476133.449543452123 +2.9384720255620778e-03
2023-04-17T11:18:26.500 22150.074167384234897327 0.802924363988105627   476127.913667936285 +1.1496070306748152e-02
2023-04-17T11:18:31.500 19417.047169036482955562 0.771105119337299527   476122.323634526692 -3.2408781698904932e-02
2023-04-17T11:18:36.500 19594.414373180188704282 0.841771621033794104   476116.820603639877 +1.2384197034407407e-02
2023-04-17T11:18:41.500 22935.525883417729346547 0.902301280703929121   476111.275043219735 +1.6342835151590407e-02
2023-04-17T11:18:46.500 23789.723359337149304338 0.942970167696726702   476105.721228283073 +1.3742054579779506e-02
2023-04-17T11:18:51.500 22364.726924755072104745 0.966712570059286680   476100.167032942001 +1.2455893098376691e-02
2023-04-17T11:18:56.500 25067.430935052227141568 0.960832602508588263   476094.600407735736 +4.3483683839440346e-04
2023-04-17T11:19:01.500 24214.239402882736612810 0.927417312651806491   476089.044311912381 +6.3810177380219102e-04
2023-04-17T11:19:06.500 20729.178092655292857671 0.878291854478884915   476083.498420802644 +1.2741007900331169e-02
2023-04-17T11:19:11.500 19517.287138391726330156 0.804553719723472227   476077.908039446513 -1.7951393791008741e-02
2023-04-17T11:19:16.500 18492.679887835944100516 0.761179904360369863   476072.369150896033 +4.5439817477017641e-03
2023-04-17T11:19:21.500 19431.617519559033098631 0.835537763138901157   476066.791190411896 -1.0337549727410078e-02
2023-04-17T11:19:26.500 23320.811512492567999288 0.894783380390592464   476061.249432230543 +1.2678325758315623e-02
2023-04-17T11:19:31.500 24559.254594893161993241 0.947064006991384488   476055.653799544147 -1.6485099506098777e-02
2023-04-17T11:19:36.500 24614.586641341204085620 0.956260222764595547   476050.109284082544 +7.1640274254605174e-03
2023-04-17T11:19:41.500 25279.849707956280326471 0.967530401351823444   476044.532284793851 +2.4800712708383799e-05
2023-04-17T11:19:46.500 23919.187890675984817790 0.921721435473738637   476038.976145309280 +1.5441021590959281e-02
2023-04-17T11:19:51.500 21582.043547513920202618 0.876713779299340468   476033.379513524589 -7.9392213956452906e-03
2023-04-17T11:19:56.500 18355.637396246878779493 0.794175615479083663   476027.834067333606 +2.1562182984780520e-02
2023-04-17T11:20:01.500 21197.273578504318720661 0.785678262628220048   476022.211666342570 -2.4194917699787766e-02
2023-04-17T11:20:06.500 22015.897863759942993056 0.863018343188743153   476016.641577075643 -1.5943733742460608e-02
2023-04-17T11:20:11.500 19544.835223959005816141 0.920531256020460931   476011.061438128178 -1.6045379510615021e-02
2023-04-17T11:20:16.500 21474.572780712962412508 0.951857225779000893   476005.528750309604 +3.3001269679516554e-02
2023-04-17T11:20:21.500 23276.280962974316935288 0.956065694025835300   475999.883566414937 -2.8750650933943689e-02
2023-04-17T11:20:26.500 21818.572499664289352950 0.936576195148274837   475994.324622400571 -2.5648192386142910e-03
2023-04-17T11:20:31.500 22280.473668407383229351 0.900504642958356860   475988.731772634084 -8.5864764987491071e-03
2023-04-17T11:20:36.500 21045.900267121643992141 0.837593932380095496   475983.174361485930 +2.2529165027663112e-02
2023-04-17T11:20:41.500 18210.335372649769851705 0.750722428649279072   475977.569437305036 +7.8308975207619369e-03
2023-04-17T11:20:46.500 21091.860204320375487441 0.812127661921505317   475971.992422546435 +2.2741645458154380e-02
2023-04-17T11:20:51.500 21740.231874843539117137 0.894548110345409042   475966.380705695949 +4.6503909979946911e-03
2023-04-17T11:20:56.500 23066.307557127547624987 0.940686657228297585   475960.772703500523 -8.0255959182977676e-03
2023-04-17T11:21:01.500 23886.914047264486725908 0.967740273293380082   475955.181037715520 -2.6640097494237125e-03
2023-04-17T11:21:06.500 24271.334081553639407502 0.956843816326171992   475949.594521209016 +9.5485950005240738e-03
2023-04-17T11:21:11.500 21780.302452616193477297 0.917910275111788465   475943.981037404679 -3.5037528723478317e-03
2023-04-17T11:21:16.500 21634.302122434546618024 0.864379421058961483   475938.405969067477 +2.3562344606034458e-02
2023-04-17T11:21:21.500 20215.731036896540899761 0.786196240992887652   475932.785220548220 +6.6518989624455571e-03
2023-04-17T11:21:26.500 18422.757426130036037648 0.788125671048908738   475927.157035548240 -1.5990698942914605e-02
2023-04-17T11:21:31.500 22931.501321302632277366 0.871252048289377301   475921.537498485821 -2.8280313068535179e-02
2023-04-17T11:21:36.500 23136.424325972799124429 0.932583988771393924   475915.967394182924 +1.0568625410087407e-02
2023-04-17T11:21:41.500 23275.544093089349189540 0.958465442726235795   475910.330920278153 -1.5245469287037849e-02
2023-04-17T11:21:46.500 27260.184295480998116545 0.965584182048791262   475904.737556180859 +3.7576173781417310e-03
