# Observation conducted on 60051.0 at Hb rev. 0
# Base frequency: 8415.50 MHz dF: 5.0 Hz dT: 5 s Nscans: 1 
# Format: UTC Time     |   Signal-to-Noise  |    Spectral max    | Freq detection [Hz] |   Doppler noise [Hz]  |
# 
2023-04-17T12:21:51.500 21305.091255928742612014 0.824279281292655819   471477.271117888973 +2.0333513268269598e-02
2023-04-17T12:21:56.500 21094.255104371073684888 0.979887072582337315   471470.620230182831 -3.4261122345924377e-02
2023-04-17T12:22:01.500 24332.666811097216850612 0.964422966158859252   471464.058134339110 +9.9594751372933388e-04
2023-04-17T12:22:06.500 18253.375007535149052273 0.791145089338246010   471457.463448543742 +4.7216743114404380e-03
2023-04-17T12:22:11.500 22656.077041966222168412 0.962805574810348119   471450.861364424170 +2.1064573084004223e-03
2023-04-17T12:22:16.500 19929.614235346394707449 0.968904908185452718   471444.259945358906 +1.2124537606723607e-03
2023-04-17T12:22:21.500 20105.713562410706799710 0.806741326644588974   471437.639375063009 -1.7777835775632411e-02
2023-04-17T12:22:26.500 23816.348937343394936761 0.952606596251451720   471431.064529152238 +1.0009996301960200e-02
2023-04-17T12:22:31.500 23345.135149991801881697 0.976978003013320162   471424.446890314226 -3.9425637805834413e-03
2023-04-17T12:22:36.500 18624.658010875868058065 0.836201888509494395   471417.867915739655 +2.1820479712914675e-02
2023-04-17T12:22:41.500 21524.194346881260571536 0.938652203286275522   471411.240836480400 +5.2898982539772987e-04
2023-04-17T12:22:46.500 24064.042361357951449463 0.982083468949312310   471404.630784577341 -2.6861749938689172e-03
2023-04-17T12:22:51.500 20415.504508707737841178 0.854133157602468884   471398.016173551383 -9.4126696931198239e-03
2023-04-17T12:22:56.500 22960.690086362195870606 0.916417342344902908   471391.442112798395 +2.5457731448113918e-02
2023-04-17T12:23:01.500 23213.416572773126972606 1.000000000000000000   471384.786010297772 -2.0668155688326806e-02
2023-04-17T12:23:06.500 20995.822435651120031253 0.882798659070957448   471378.196959959343 +1.3024206273257732e-03
2023-04-17T12:23:11.500 21306.711141053281608038 0.901723291579979436   471371.561351226526 -2.2242247592657804e-02
2023-04-17T12:23:16.500 23047.940376443839340936 0.992935117012312074   471364.958102850826 -1.2384554836899042e-02
2023-04-17T12:23:21.500 20826.330837195524509298 0.896439943227783753   471358.351311312057 -5.0291612278670073e-03
2023-04-17T12:23:26.500 20679.564907396892522229 0.887521011797182902   471351.750017925282 +8.8641141774132848e-03
2023-04-17T12:23:31.500 21768.603395156562328339 0.994174493912776569   471345.126632453001 +1.7039054655469954e-03
2023-04-17T12:23:36.500 21693.684060287952888757 0.909972614729805840   471338.536073527765 +2.8407722245901823e-02
2023-04-17T12:23:41.500 20321.691153945226687938 0.868374244830239284   471331.908704197558 +1.9337495497893542e-02
2023-04-17T12:23:46.500 23420.137524045181635302 0.992031545637895529   471325.278914246359 +8.8818974327296019e-03
2023-04-17T12:23:51.500 20915.017034517371939728 0.924169983714494214   471318.648103348562 -1.5605036751367152e-03
2023-04-17T12:23:56.500 21634.273707503129116958 0.842673668984534996   471312.034756451438 +6.4941387390717864e-03
2023-04-17T12:24:01.500 23094.499527862702962011 0.980395400624477276   471305.402100615611 -3.7282102857716382e-03
2023-04-17T12:24:06.500 21440.958885236628702842 0.939378056109855808   471298.806106745207 +2.3742263321764767e-02
2023-04-17T12:24:11.500 21034.819302402174798772 0.826131493250850002   471292.140631798771 -1.7238567001186311e-02
2023-04-17T12:24:16.500 22815.125006139125616755 0.972194713423080503   471285.536825384304 +4.4778269366361201e-03
2023-04-17T12:24:21.500 22629.367093509055848699 0.946979849617158864   471278.893724326277 -1.2072805140633136e-02
2023-04-17T12:24:26.500 19290.244678448052582098 0.809686167881756402   471272.278588443762 +3.6828615702688694e-04
2023-04-17T12:24:31.500 21133.094874926937336568 0.971934356759168838   471265.636082672572 -1.3535028323531151e-02
2023-04-17T12:24:36.500 22356.423851461298909271 0.959024273760530455   471259.029905491392 +9.9146702559664845e-03
2023-04-17T12:24:41.500 19176.105374910726823146 0.806161064030424424   471252.373661092017 -1.5679481555707753e-02
2023-04-17T12:24:46.500 21305.552154157769109588 0.958151043306181283   471245.766979723296 +9.3117147334851325e-03
2023-04-17T12:24:51.500 22354.923232655881292885 0.952594327029238630   471239.121086110710 -3.8880611537024379e-03
2023-04-17T12:24:56.500 19235.940123596064950107 0.788219268910422155   471232.489709434041 -1.5506705385632813e-03
2023-04-17T12:25:01.500 21715.411194922733557178 0.954238137182434998   471225.840367666679 -1.6159176535438746e-02
2023-04-17T12:25:06.500 22570.855118124567525228 0.965106744343063538   471219.222174199414 +1.3987795682623982e-03
2023-04-17T12:25:11.500 19519.945130705578776542 0.786936614537918966   471212.578176921059 -5.8299411903135478e-03
2023-04-17T12:25:16.500 20945.769343794348969823 0.947194622409068598   471205.958013941068 +1.1791747354436666e-02
2023-04-17T12:25:21.500 21692.387729442296404159 0.967290860797716756   471199.302016489324 -5.4059440153650939e-03
2023-04-17T12:25:26.500 18879.146471358319104183 0.808245693226476214   471192.697426394559 +2.9817798815201968e-02
2023-04-17T12:25:31.500 21656.823177846436010441 0.943291331142780298   471186.035068847239 +8.2871552440337837e-03
2023-04-17T12:25:36.500 22820.397901674488821300 0.959207037760200887   471179.383270801511 -1.6719267587177455e-03
2023-04-17T12:25:41.500 18059.293710279020160669 0.817976781481676740   471172.746081430116 +3.9887227467261255e-03
2023-04-17T12:25:46.500 23099.267720901800203137 0.933395722038354969   471166.082457727345 -1.5774900501128286e-02
2023-04-17T12:25:51.500 24261.676673988498805556 0.968660375676207774   471159.454380327952 +1.0168435983359814e-03
2023-04-17T12:25:56.500 18559.971407851011463208 0.810715800993590752   471152.797655992326 -9.8302756668999791e-03
2023-04-17T12:26:01.500 20766.097947325211862335 0.929350863440940089   471146.155565109919 -5.0368558731861413e-03
2023-04-17T12:26:06.500 23339.206951240652415436 0.969159850477535390   471139.513382380945 +6.7081965971738100e-04
2023-04-17T12:26:11.500 19087.229168296511488734 0.821811619737345178   471132.861340113450 -2.4759207735769451e-03
2023-04-17T12:26:16.500 21444.585503365760814631 0.924124873142418424   471126.212709227635 -1.2071331730112433e-03
2023-04-17T12:26:21.500 21397.235529131146904547 0.975281300001049956   471119.544507318351 -1.8506195629015565e-02
2023-04-17T12:26:26.500 19522.749908341982518323 0.826681149922859015   471112.934600747540 +2.3492284526582807e-02
2023-04-17T12:26:31.500 20742.320278549486829434 0.917710929401611697   471106.234994727711 -2.3207446211017668e-02
2023-04-17T12:26:36.500 23548.861391792823269498 0.959181795936233317   471099.611992243154 +7.6966338674537838e-03
2023-04-17T12:26:41.500 18845.830991611936042318 0.829655604933118518   471092.952078021073 +2.6882923557423055e-03
2023-04-17T12:26:46.500 21491.176048290024482412 0.907719005501425369   471086.318203459727 +2.4717971158679575e-02
2023-04-17T12:26:51.500 21737.189932966386550106 0.963369802482952342   471079.608909812290 -2.7674029406625777e-02
2023-04-17T12:26:56.500 21015.275324125825136434 0.841784690489785548   471072.977516725194 -1.1690133833326399e-03
2023-04-17T12:27:01.500 19869.770854807706200518 0.916189891205126505   471066.295469674573 -2.4322451674379408e-02
2023-04-17T12:27:06.500 25953.234442938755819341 0.962611749310187559   471059.662559318531 +2.6553694042377174e-03
2023-04-17T12:27:11.500 20921.142391020064678742 0.834176881415442772   471053.001201674982 +2.1795264910906553e-03
2023-04-17T12:27:16.500 22221.835353103466331959 0.906019145306781848   471046.300159794802 -3.6987868370488286e-02
2023-04-17T12:27:21.500 25945.363344063141994411 0.967528982589662023   471039.665009313787 -9.2721151886507869e-03
2023-04-17T12:27:26.500 19649.080910020635201363 0.839422158049561329   471033.004772042623 -5.6523368111811578e-03
2023-04-17T12:27:31.500 21102.645429330601473339 0.912900241561780845   471026.340193188458 -5.3842565976083279e-03
2023-04-17T12:27:36.500 24146.243888985205558129 0.971466581473335644   471019.710114127432 +3.0372573004569858e-02
2023-04-17T12:27:41.500 20885.196024825050699292 0.839812520386113648   471013.029561648145 +1.6644015093334019e-02
2023-04-17T12:27:46.500 20133.601527055252518039 0.902074514187260257   471006.366062286252 +2.0955681800842285e-02
2023-04-17T12:27:51.500 21858.923978174054354895 0.961755596207172547   470999.683453692531 +7.1443028282374144e-03
2023-04-17T12:27:56.500 18955.217160610191058367 0.843191394479469891   470993.002322944347 -4.2039635009132326e-03
2023-04-17T12:28:01.500 20930.361566168707213365 0.902075885199657979   470986.336738062208 +9.7798684146255255e-04
2023-04-17T12:28:06.500 22664.479293521730141947 0.960231988496062727   470979.673709677940 +9.6998710068874061e-03
2023-04-17T12:28:11.500 19932.323127096547977999 0.842743987326358579   470973.013155549415 +2.1878534345887601e-02
2023-04-17T12:28:16.500 21019.952644137149036396 0.903912542571336353   470966.311805089470 -5.7575207902118564e-03
2023-04-17T12:28:21.500 23935.619439109497761820 0.964106319824019953   470959.637298809190 -5.5686919949948788e-03
2023-04-17T12:28:26.500 20510.888441762293950887 0.836728579370560999   470952.979930920817 +1.2738326156977564e-02
2023-04-17T12:28:31.500 21373.734439598643803038 0.915769745122754442   470946.288633480261 -1.9053152645938098e-03
2023-04-17T12:28:36.500 22922.930119667173130438 0.966285313655727895   470939.626665560529 +1.3758553308434784e-02
2023-04-17T12:28:41.500 20987.071659044766420266 0.826748364648427048   470932.936023032933 +1.7249016091227531e-03
2023-04-17T12:28:46.500 21275.211120001895324094 0.920933289472616878   470926.258317666361 +3.6045987508259714e-03
2023-04-17T12:28:51.500 23227.630863457976374775 0.962086206526437948   470919.578897059779 +4.7443449730053544e-03
2023-04-17T12:28:56.500 19260.996167314344347687 0.830915254276543003   470912.895115174819 +2.4972047540359199e-03
2023-04-17T12:29:01.500 22083.705481804183364147 0.924598731253839401   470906.199190235231 -1.0919493448454887e-02
2023-04-17T12:29:06.500 23053.950816935412149178 0.969616368366756243   470899.502722605655 -2.3906279646325856e-02
2023-04-17T12:29:11.500 18112.031649980261136079 0.821538658676503886   470892.828783144709 -1.3393188128247857e-02
2023-04-17T12:29:16.500 23642.172874687577859731 0.925165719498453942   470886.160914619861 +4.1616566595621407e-03
2023-04-17T12:29:21.500 23219.963765181815688265 0.961834260212374503   470879.463898508053 -6.4611590350978076e-03
2023-04-17T12:29:26.500 18805.405749887951969868 0.807423244273202667   470872.814307420049 +3.1310085847508162e-02
2023-04-17T12:29:31.500 20524.703327051596716046 0.931296174356819106   470866.083160357201 -1.1506495939102024e-02
2023-04-17T12:29:36.500 20752.899616820093797287 0.957642027945286745   470859.424187201075 +1.8818089272826910e-02
2023-04-17T12:29:41.500 18314.000992539626167854 0.796533711357863772   470852.715922674863 +8.1767799565568566e-04
2023-04-17T12:29:46.500 21243.511081750537414337 0.939878369132426172   470846.010745337815 -1.3130056730005890e-02
2023-04-17T12:29:51.500 23955.847333335426810663 0.952331650389321660   470839.319520968129 -1.2160222046077251e-02
2023-04-17T12:29:56.500 19986.667336368307587691 0.795464288456411817   470832.633361686079 -5.1615822594612837e-03
2023-04-17T12:30:01.500 22295.818025057811610168 0.945921854363994008   470825.986460903136 +4.2058389924932271e-02
2023-04-17T12:30:06.500 22276.177461664196016500 0.959321902332221699   470819.252703092003 +3.3832837943919003e-03
2023-04-17T12:30:11.500 19336.240012435639073374 0.782584263415156189   470812.575010139029 +2.1734102629125118e-02
2023-04-17T12:30:16.500 22238.196980919317866210 0.959790998524316152   470805.816068032756 -4.0204047807492316e-02
2023-04-17T12:30:21.500 23767.285163322776497807 0.960124102324727224   470799.162355795270 +4.0469723171554506e-03
2023-04-17T12:30:26.500 18368.210432061703613726 0.780319319502217112   470792.486803776235 +2.7416630648076534e-02
2023-04-17T12:30:31.500 21073.861639408292830922 0.961563546401549174   470785.783743969980 +2.4236039840616286e-02
2023-04-17T12:30:36.500 21672.771440477852593176 0.953280327099486957   470779.055609271047 -3.0627874657511711e-03
2023-04-17T12:30:41.500 18978.575423884849442402 0.802068307739757347   470772.348256372148 -8.6240399978123605e-03
2023-04-17T12:30:46.500 21431.541158766602165997 0.964578048657432241   470765.645702089765 -8.4317830041982234e-03
2023-04-17T12:30:51.500 20443.751705984246655134 0.937103595867733619   470758.924755655171 -2.5677666650153697e-02
2023-04-17T12:30:56.500 18819.639990361774835037 0.818295791726898369   470752.241305282514 -4.4743588077835739e-03
2023-04-17T12:31:01.500 22830.305282703418924939 0.969679394230012370   470745.548352261074 +8.1785480142571032e-03
2023-04-17T12:31:06.500 20536.925173349671240430 0.921680815338371984   470738.824397766206 -9.2186530237086117e-03
2023-04-17T12:31:11.500 20814.444372307447338244 0.834744914380407543   470732.096913791145 -2.9194851231295615e-02
2023-04-17T12:31:16.500 25439.625655401217954932 0.978695370055240432   470725.414894670714 -2.7565946220420301e-03
2023-04-17T12:31:21.500 22103.204306190258648712 0.927877196739734122   470718.712813364633 +4.5681930496357381e-03
2023-04-17T12:31:26.500 20454.240170504468551371 0.845160376891149312   470712.004130260786 +6.2390160164795816e-03
2023-04-17T12:31:31.500 23805.259769830860022921 0.975199068072275188   470705.283273703943 -3.3166655339300632e-03
2023-04-17T12:31:36.500 22984.726310071910120314 0.918778647797831582   470698.583855219069 +9.5117883174680173e-03
2023-04-17T12:31:41.500 20855.998851172611466609 0.871506493224716960   470691.862136336858 +9.8502240143716335e-04
2023-04-17T12:31:46.500 24306.450463358938577585 0.974604195862984413   470685.127243265684 -1.9771641236729920e-02
2023-04-17T12:31:51.500 20318.056251252724905498 0.901573775094506091   470678.411724316888 -2.0210778806358576e-02
2023-04-17T12:31:56.500 19588.044094918735936517 0.881712423233799392   470671.726533130859 +1.0620361776091158e-02
2023-04-17T12:32:01.500 21656.503749708514078520 0.983778448858135923   470664.979535683291 -1.9413133210036904e-02
2023-04-17T12:32:06.500 20704.355543021429184591 0.882198553830295551   470658.280067954445 -9.7617367282509804e-04
2023-04-17T12:32:11.500 21507.663916633315238869 0.899258426338071737   470651.554368517012 -7.8310782555490732e-03
2023-04-17T12:32:16.500 22616.385069640844449168 0.978293986247123604   470644.826489270257 -1.5926840424071997e-02
2023-04-17T12:32:21.500 20919.105784641105856281 0.861341425214674938   470638.118107915856 -3.5866523394361138e-03
2023-04-17T12:32:26.500 21326.871078082938765874 0.906167881601942282   470631.434424134146 +3.4388271335046738e-02
2023-04-17T12:32:31.500 21242.523435799623257481 0.974695072336197899   470624.662656772533 -1.4784118684474379e-02
2023-04-17T12:32:36.500 19784.356713246241270099 0.845526238624241033   470617.956733110128 +2.8225589194335043e-03
2023-04-17T12:32:41.500 20633.157400308966316516 0.926441063373312668   470611.243705142930 +1.4259400602895766e-02
2023-04-17T12:32:46.500 23629.349876746506197378 0.973305594853352107   470604.499999386200 -4.0479792514815927e-03
2023-04-17T12:32:51.500 20470.455421798251336440 0.817267123548049645   470597.798798689153 +2.1082365885376930e-02
2023-04-17T12:32:56.500 22092.201793748175987275 0.937267826580746699   470591.048577184207 -1.8763358821161091e-03
2023-04-17T12:33:01.500 23204.457487727169791469 0.972977334133267813   470584.332085013739 +9.8251517629250884e-03
2023-04-17T12:33:06.500 18955.905909451717889169 0.802029705840749507   470577.603640424786 +1.0504167934413999e-02
2023-04-17T12:33:11.500 21619.610585144964716164 0.945634296727794421   470570.865822690539 +2.7390760369598866e-03
2023-04-17T12:33:16.500 21603.439490733497223118 0.946895257832530590   470564.135790980363 +3.6881337291561067e-03
2023-04-17T12:33:21.500 19275.944464209718717029 0.792941849087561490   470557.427067655197 +2.6872788032051176e-02
2023-04-17T12:33:26.500 22510.694127022004977334 0.961694071513861104   470550.665650545619 -1.7100461409427226e-03
2023-04-17T12:33:31.500 22428.926178615438402630 0.943030257768762037   470543.939201560570 +5.6006217491813004e-03
2023-04-17T12:33:36.500 19207.762743856685119681 0.821897130886396043   470537.209511351655 +1.0594523453619331e-02
2023-04-17T12:33:41.500 23092.710289841113990406 0.968135635169245057   470530.463602270524 +2.9308802913874388e-04
2023-04-17T12:33:46.500 21552.899142011661751894 0.917800967038099547   470523.724514120782 -2.2648060694336891e-03
2023-04-17T12:33:51.500 18037.625156725593114970 0.845633570348918839   470516.987755128648 -1.5718596405349672e-03
2023-04-17T12:33:56.500 24391.713250363285624189 0.978910405410239104   470510.261035384494 +1.0081087821163237e-02
2023-04-17T12:34:01.500 21848.163443515692051733 0.901980318060407238   470503.504206547805 -7.4552365695126355e-03
2023-04-17T12:34:06.500 20280.304894908556889277 0.873346696958565705   470496.769349838607 -2.1005478920415044e-03
2023-04-17T12:34:11.500 21361.309148649186681723 0.970939952405379225   470490.040998722892 +1.0677682410459965e-02
2023-04-17T12:34:16.500 20350.905465907515463186 0.878455090220450874   470483.275427495653 -1.2847190955653787e-02
2023-04-17T12:34:21.500 20996.948087601387669565 0.894915847743902315   470476.546423634165 +1.1113658547401428e-03
2023-04-17T12:34:26.500 22299.762553939483041177 0.974690746706258215   470469.781737110170 -1.9697621348313987e-02
2023-04-17T12:34:31.500 20256.138565852786996402 0.844530204280890318   470463.048374522827 -8.2685024826787412e-03
2023-04-17T12:34:36.500 19639.680161741311167134 0.916724579217234159   470456.308103249117 -2.8348525520414114e-03
2023-04-17T12:34:41.500 22576.164917853242513957 0.967234038167116061   470449.556937009387 -7.3839063406921923e-03
2023-04-17T12:34:46.500 19448.146008893443649868 0.826893433638416386   470442.835447921709 +1.8655495950952172e-02
2023-04-17T12:34:51.500 23813.450962540431646630 0.930619733937965821   470436.053426626197 -1.4926966861821711e-02
2023-04-17T12:34:56.500 23461.303699193911597831 0.963458909305630495   470429.339387715678 +2.0382333255838603e-02
2023-04-17T12:35:01.500 18390.545620031287398888 0.784337451838333921   470422.558006362116 -1.0742399899754673e-02
2023-04-17T12:35:06.500 20795.342092666061944328 0.940561582166162369   470415.803535863699 -1.4048839395400137e-02
2023-04-17T12:35:11.500 22107.708183506569184829 0.940942167405641738   470409.056528389221 -8.9857914717867970e-03
2023-04-17T12:35:16.500 19206.614853287002915749 0.797651133391895084   470402.330974826589 +1.8436653248500079e-02
2023-04-17T12:35:21.500 21979.364561429425521055 0.952217675093968596   470395.559350374271 +6.9271115353330970e-04
2023-04-17T12:35:26.500 19561.277242177537118550 0.924344431608992934   470388.790888865769 -1.2984769826289266e-02
2023-04-17T12:35:31.500 21208.410373843507841229 0.831658401408455927   470382.057662111125 +9.4750308198854327e-03
2023-04-17T12:35:36.500 22875.824504075026197825 0.970207636073312729   470375.293394266570 +1.7952761263586581e-03
2023-04-17T12:35:41.500 23571.607429943182069110 0.895660432933740647   470368.561739167606 +2.7628804382402450e-02
2023-04-17T12:35:46.500 21653.993378731236589374 0.860570328332802448   470361.767350607668 -8.3715919754467905e-03
2023-04-17T12:35:51.500 21074.565889469366084086 0.964044828466016024   470355.013234576385 -3.2009284477680922e-03
2023-04-17T12:35:56.500 20272.203794911300064996 0.866582846600663204   470348.236551616399 -1.9699671422131360e-02
2023-04-17T12:36:01.500 22046.340032302035979228 0.894053861354815016   470341.520502294588 +2.5331732642371207e-02
2023-04-17T12:36:06.500 25235.717310633568558842 0.967391772200125399   470334.700137716951 -3.3056627435144037e-02
2023-04-17T12:36:11.500 19829.486428071573755005 0.835280978701699262   470327.967996851075 -2.3268059594556689e-03
2023-04-17T12:36:16.500 21453.601335206021758495 0.919515284589258464   470321.236852216010 +3.0292690149508417e-02
2023-04-17T12:36:21.500 22742.891683236535754986 0.958113209083266137   470314.468854639446 +2.6951658306643367e-02
2023-04-17T12:36:26.500 17213.628845992876449600 0.788561886888809016   470307.679436149716 +3.0810918542556465e-03
2023-04-17T12:36:31.500 23269.103079347787570441 0.944777425790091163   470300.880955149711 -2.8961645672097802e-02
2023-04-17T12:36:36.500 20515.374583130887913285 0.947202382547112531   470294.132596540207 -9.9926974507980049e-03
2023-04-17T12:36:41.500 18440.015642874750483315 0.794006065395634564   470287.347237715847 -2.7135717333294451e-02
2023-04-17T12:36:46.500 22846.791924330493202433 0.949554583189663348   470280.622062502778 +1.6792067384812981e-02
2023-04-17T12:36:51.500 20959.230888477413827786 0.917973508274609773   470273.832704225788 -2.5770764914341271e-03
2023-04-17T12:36:56.500 20118.708425580447510583 0.833377421183988165   470267.079309595400 +1.4902498514857143e-02
2023-04-17T12:37:01.500 23083.735074667794833658 0.966793930739498819   470260.295524856076 +2.8759689885191619e-03
2023-04-17T12:37:06.500 20455.574013214562000940 0.897792298616788109   470253.543400488794 +2.3392743081785738e-02
2023-04-17T12:37:11.500 20203.936940110092109535 0.860885959019057512   470246.766830393113 +2.0345642406027764e-02
2023-04-17T12:37:16.500 22226.433332214721303899 0.967689912972473754   470239.956539456209 -1.5541528700850904e-02
2023-04-17T12:37:21.500 19263.933822655882977415 0.858223704769362938   470233.185055481445 -1.1742055241484195e-02
2023-04-17T12:37:26.500 21705.611402243506745435 0.899178108485152672   470226.446232341870 +2.5596842577215284e-02
2023-04-17T12:37:31.500 22335.964226586653239792 0.961075925320675872   470219.633347313211 -1.0248658421915025e-02
2023-04-17T12:37:36.500 20500.289614935070858337 0.822386591387403998   470212.884881869482 +1.9201811810489744e-02
2023-04-17T12:37:41.500 21435.978836306472658180 0.927079747004431631   470206.043394871172 -4.3493995908647776e-02
2023-04-17T12:37:46.500 22906.802227538610168267 0.957120489362875304   470199.328960910963 +2.1737396193202585e-02
2023-04-17T12:37:51.500 17604.074255942410673015 0.766646602837523838   470192.496461928647 -3.0223192996345460e-02
2023-04-17T12:37:56.500 22001.589414406087598763 0.947452830079484776   470185.742473420629 -2.8013929841108620e-03
2023-04-17T12:38:01.500 22277.672005217496916885 0.931606349479336293   470178.939940540527 -2.3053182289004326e-02
2023-04-17T12:38:06.500 19465.972013411315856501 0.813803829758714126   470172.193725371268 +1.3882384286262095e-02
2023-04-17T12:38:11.500 21595.682587601193517912 0.954096166142222701   470165.393508933950 -2.3148157051764429e-03
2023-04-17T12:38:16.500 22843.866786488051729975 0.904240826352673444   470158.607237961376 -3.6991988890804350e-03
2023-04-17T12:38:21.500 19524.308242043225618545 0.867289048349519476   470151.841072796029 +1.5888421679846942e-02
2023-04-17T12:38:26.500 23029.391679475815180922 0.970675747986507131   470145.035698563443 -2.8679899405688047e-03
2023-04-17T12:38:31.500 19322.334067214593233075 0.878308253920301873   470138.261319144629 +1.0234279849100858e-02
2023-04-17T12:38:36.500 21674.466197728772385744 0.902093484788178857   470131.472482713580 +9.7422312246635556e-03
2023-04-17T12:38:41.500 23787.951803982705314411 0.972868223446092362   470124.635122690874 -3.8411895162425935e-02
2023-04-17T12:38:46.500 18024.877937109205959132 0.828891603122200560   470117.898595525941 +1.5127164020668715e-02
2023-04-17T12:38:51.500 20680.404299378329596948 0.919400632957821262   470111.097005294578 +4.4622916029766202e-03
2023-04-17T12:38:56.500 20791.137414307744620601 0.954308423973595721   470104.295449554396 -5.3101535304449499e-03
2023-04-17T12:39:01.500 18132.043503178982064128 0.782593866609690103   470097.467937937239 -4.0181745192967355e-02
2023-04-17T12:39:06.500 22416.566199998069350841 0.954135988527910373   470090.738515807723 +2.3891669174190611e-02
2023-04-17T12:39:11.500 21157.074647188877861481 0.940941893164574994   470083.916440502973 -3.8337918813340366e-03
2023-04-17T12:39:16.500 19367.405719967428012751 0.825395901726237446   470077.122153829667 -2.9175471863709390e-03
2023-04-17T12:39:21.500 23188.142216998603544198 0.968757819224929428   470070.310836706660 -1.8179910024628043e-02
2023-04-17T12:39:26.500 20648.888892780447349651 0.896510726924474421   470063.536884025962 +4.7727727214805782e-03
2023-04-17T12:39:31.500 19052.444656599916925188 0.868694052818714924   470056.731944462401 -2.4120700545608997e-03
2023-04-17T12:39:36.500 21594.960506478866591351 0.968240267821043110   470049.919205640384 -1.6548066632822156e-02
2023-04-17T12:39:41.500 20386.530859391641570255 0.859052285250898273   470043.120643580100 -1.5660456847399473e-02
2023-04-17T12:39:46.500 21392.427810574878094485 0.911859510934994510   470036.361218742793 +2.5209953892044723e-02
2023-04-17T12:39:51.500 25108.420903798378276406 0.972040985935774704   470029.547823354369 +1.2954117264598608e-02
2023-04-17T12:39:56.500 20269.490758495678164763 0.813112526503425692   470022.740465528099 +7.5788655085489154e-03
2023-04-17T12:40:01.500 22586.083591688944579801 0.956287404033098976   470015.928300551896 -1.7618022393435240e-03
2023-04-17T12:40:06.500 22768.838960732457053382 0.948563039864511293   470009.129179253825 +2.7816463261842728e-03
2023-04-17T12:40:11.500 18483.149057005226495676 0.812487629733489758   470002.308823190804 -1.3070535205770284e-02
2023-04-17T12:40:16.500 23388.668230083494563587 0.961739414352153932   469995.525584396906 +9.0323764597997069e-03
2023-04-17T12:40:21.500 21718.808228255184076261 0.918406450762232929   469988.718574879400 +8.2010704209096730e-03
2023-04-17T12:40:26.500 19139.981343185663718032 0.856298161298747362   469981.888284273271 -1.5076144482009113e-02
2023-04-17T12:40:31.500 21671.523848804412409663 0.973540128199808952   469975.103184400359 +7.6712201116606593e-03
2023-04-17T12:40:36.500 20514.502336407142138341 0.880314005129862909   469968.294905346644 +8.0719089601188898e-03
2023-04-17T12:40:41.500 21159.834961826545622898 0.907767619225533728   469961.474576755369 -2.7457838878035545e-03
2023-04-17T12:40:46.500 23282.238678261666791514 0.966382531116287913   469954.681686740194 +1.4704897941555828e-02
2023-04-17T12:40:51.500 20055.314529437964665703 0.828542475282489144   469947.868093799858 +1.2281088565941900e-02
2023-04-17T12:40:56.500 21440.174441249120718567 0.932788753374737212   469941.056653262989 +1.2836743728257716e-02
2023-04-17T12:41:01.500 21946.308892983150144573 0.941659646428043118   469934.239604260656 +8.6096131708472967e-03
2023-04-17T12:41:06.500 18718.713226501375174848 0.793904050186351129   469927.404824063531 -1.2524421268608421e-02
2023-04-17T12:41:11.500 22966.232455270819627913 0.949249709454519586   469920.605307803664 +2.4283748352900147e-03
2023-04-17T12:41:16.500 20796.996449085047061089 0.929121687135862850   469913.779819178162 -7.7697067754343152e-03
2023-04-17T12:41:21.500 21227.252991105357068591 0.855184983787015018   469906.962874456309 -8.6038109147921205e-03
2023-04-17T12:41:26.500 23604.904607178625155939 0.973573779092575253   469900.159186967998 +4.6379700652323663e-03
2023-04-17T12:41:31.500 19925.825472303822607500 0.890266493199405540   469893.342218867794 +5.4163599270395935e-03
2023-04-17T12:41:36.500 22089.224996425542485667 0.917672560462711506   469886.513688947540 -4.5512889046221972e-03
2023-04-17T12:41:41.500 22810.998042395222000778 0.969646808129537185   469879.679954305815 -1.8909325590357184e-02
2023-04-17T12:41:46.500 18372.934791090061480645 0.830172054331974163   469872.876202382438 -2.4717670748941600e-03
