# Observation conducted on 60051.0 at Hb rev. 0
# Base frequency: 8415.50 MHz dF: 5.0 Hz dT: 5 s Nscans: 1 
# Format: UTC Time     |   Signal-to-Noise  |    Spectral max    | Freq detection [Hz] |   Doppler noise [Hz]  |
# 
2023-04-17T11:21:51.500 23942.516016129542549606 0.958930330617426940   475899.127265095769 -1.1392995249480009e-02
2023-04-17T11:21:56.500 21846.812442359365377342 0.903992142909063712   475893.533626835793 +1.0842700547073036e-02
2023-04-17T11:22:01.500 19938.303330603055655956 0.822023814501714023   475887.883768078987 -2.1519956586416811e-02
2023-04-17T11:22:06.500 19117.696448617130954517 0.793148734178033998   475882.306799249316 +2.0629580889362842e-02
2023-04-17T11:22:11.500 22153.652573360952374060 0.883600062720096502   475876.657741489471 -7.6874343212693930e-03
2023-04-17T11:22:16.500 23427.852900029654847458 0.942072831462834048   475871.062274197873 +1.9208492652978748e-02
2023-04-17T11:22:21.500 23902.219071920830174349 0.977955631840598860   475865.405360493343 -1.3719436828978360e-02
2023-04-17T11:22:26.500 27225.648406050229823450 0.978572119100259430   475859.794941798202 +1.4702691114507616e-03
2023-04-17T11:22:31.500 26258.980692667893890757 0.951218936947045623   475854.181840137113 +1.5599691309034824e-02
2023-04-17T11:22:36.500 22094.467226402099186089 0.901801297297522675   475848.551843531081 +1.4456893433816731e-02
2023-04-17T11:22:41.500 18572.759091038056794787 0.827851311498925102   475842.889154706500 -1.7755368258804083e-02
2023-04-17T11:22:46.500 19949.137607843818841502 0.796967879153638981   475837.254750858701 -2.0059881906490773e-02
2023-04-17T11:22:51.500 22300.628517842938890681 0.887441757821995081   475831.634936241491 -6.1523900949396193e-03
2023-04-17T11:22:56.500 23139.435158961885463214 0.950528642742100582   475826.013886716799 +8.1429600832052529e-03
2023-04-17T11:23:01.500 24707.678508853903622366 0.994002838726083304   475820.374677823391 +5.9016855666413903e-03
2023-04-17T11:23:06.500 25091.983204200892942026 0.982175809391398924   475814.739759960328 +9.5741505501791835e-03
2023-04-17T11:23:11.500 22586.066096108334022574 0.949180883794605523   475809.065303500276 -2.4669319100212306e-02
2023-04-17T11:23:16.500 22816.281932067879097303 0.895681883438352644   475803.464314275305 +1.6177048732060939e-02
2023-04-17T11:23:21.500 19626.747756006348936353 0.813267296215505198   475797.809853216342 +5.1741132629103959e-03
2023-04-17T11:23:26.500 21370.468871221703011543 0.814873514213162897   475792.145933041233 -1.3665492122527212e-02
2023-04-17T11:23:31.500 21565.650360615407407749 0.908541106971911372   475786.516692545614 +3.7969318218529224e-03
2023-04-17T11:23:36.500 26172.214546043847803958 0.967787881293729613   475780.854789994366 -9.7804586985148489e-03
2023-04-17T11:23:41.500 22688.545658532053494127 0.995535832496341477   475775.216405285115 +1.7821135697886348e-03
2023-04-17T11:23:46.500 24692.782534636266063899 0.985799739054425972   475769.570642733714 +7.5888319988735020e-03
2023-04-17T11:23:51.500 22271.067709548093262129 0.950804169933325394   475763.912630428269 +2.7676403988152742e-03
2023-04-17T11:23:56.500 22377.525925337624357780 0.881320818934248296   475758.274262391496 +1.9212405546568334e-02
2023-04-17T11:24:01.500 19453.443142194577376358 0.786261130534062991   475752.626300449891 +2.7684786182362586e-02
2023-04-17T11:24:06.500 21330.194195456471788930 0.857301224843812548   475746.931078991562 -9.4810083974152803e-03
2023-04-17T11:24:11.500 22971.120104659199569141 0.926910859612458338   475741.274442325463 -6.4408598700538278e-03
2023-04-17T11:24:16.500 23818.862433894748392049 0.968100629949291691   475735.626194526849 +6.6091050975956023e-03
2023-04-17T11:24:21.500 23281.734948611865547718 0.989314074487337436   475729.941577153921 -1.5089768276084214e-02
2023-04-17T11:24:26.500 24109.650342790235299617 0.966368004045473628   475724.294555843226 +2.4279322242364287e-03
2023-04-17T11:24:31.500 20957.744204997285123682 0.914131816765958671   475718.595881087473 -3.0087535793427378e-02
2023-04-17T11:24:36.500 20098.377168753526348155 0.835644997874505191   475712.948692197853 -9.4971074140630662e-03
2023-04-17T11:24:41.500 19264.958419910868542502 0.809784154461415939   475707.291088650003 +2.2984359529800713e-03
2023-04-17T11:24:46.500 23813.243479125438170740 0.897417747238734798   475701.617600252328 -1.7136515816673636e-04
2023-04-17T11:24:51.500 23894.825447634288138943 0.964742886821692847   475695.925831617962 -1.9302176020573825e-02
2023-04-17T11:24:56.500 24580.833258687129273312 0.992135572920421316   475690.268783208798 -2.0938238594681025e-03
2023-04-17T11:25:01.500 23862.667945305813191226 0.992927025607591163   475684.558887940133 -3.6113692738581449e-02
2023-04-17T11:25:06.500 23515.430928169200342381 0.945439350908289233   475678.928602972359 +1.1095067718997598e-02
2023-04-17T11:25:11.500 22895.688516240865283180 0.877780035226625288   475673.230047686549 -8.3484814385883510e-03
2023-04-17T11:25:16.500 20324.296172117970854742 0.774363947614002623   475667.545741786656 -1.1924966704100370e-02
2023-04-17T11:25:21.500 21819.543918444949667901 0.855647747216455534   475661.874023913289 -1.2960878666490316e-03
2023-04-17T11:25:26.500 24563.089903680276620435 0.932182273016791130   475656.223956290865 +3.2600029022432864e-02
2023-04-17T11:25:31.500 23413.768412920453556580 0.983456306355140697   475650.485440452292 -2.0335443317890167e-02
2023-04-17T11:25:36.500 26563.098791609751060605 0.998501387654830985   475644.818998212228 +4.1893956949934363e-04
2023-04-17T11:25:41.500 22411.585964694462745683 0.970468750478520992   475639.124339124013 -5.4276488372124732e-03
2023-04-17T11:25:46.500 21010.012444745374523336 0.900657054025928994   475633.449015223072 +9.6764375921338797e-03
2023-04-17T11:25:51.500 21069.042708405533630867 0.819352938179740864   475627.744198464439 -3.0972452368587255e-03
2023-04-17T11:25:56.500 20330.446713079119945178 0.837472186513077310   475622.059144848725 +5.5068951332941651e-03
2023-04-17T11:26:01.500 23644.896798117537400685 0.921705338683673658   475616.363916972012 +5.5510367965325713e-03
2023-04-17T11:26:06.500 23988.181242630311317043 0.977774675629284551   475610.677105531853 +1.5625450527295470e-02
2023-04-17T11:26:11.500 23206.602161471819272265 1.000000000000000000   475604.955682147411 -7.2986804298125207e-03
2023-04-17T11:26:16.500 22671.612065349625481758 0.962814398257015758   475599.291756496357 +2.8887876309454441e-02
2023-04-17T11:26:21.500 21350.343225609078217531 0.910237067214838769   475593.543197563500 -1.7946348409168422e-02
2023-04-17T11:26:26.500 20380.893409314081509365 0.823404613219576142   475587.878291033034 +2.0483866683207452e-02
2023-04-17T11:26:31.500 20784.831609017717710230 0.826284779534345093   475582.123777578352 -2.9081276559736580e-02
2023-04-17T11:26:36.500 21076.165207879257650347 0.916669745271461611   475576.464006498107 +1.7707040009554476e-02
2023-04-17T11:26:41.500 25024.788489598297019256 0.977710550437723702   475570.742379043950 +4.2495793895795941e-03
2023-04-17T11:26:46.500 22654.925587261437613051 0.998366292866737504   475565.048472079623 +2.0122707937844098e-02
2023-04-17T11:26:51.500 26063.167087172514584381 0.979642292393413716   475559.303358827659 -1.3600857520941645e-02
2023-04-17T11:26:56.500 23138.230139333307306515 0.932321265652165332   475553.623427616083 +1.9466697063762695e-02
2023-04-17T11:27:01.500 21022.672020763649925357 0.842570153307338421   475547.895745763963 +6.3921686378307641e-03
2023-04-17T11:27:06.500 20327.795316537478356622 0.826497628467871337   475542.175945260678 +2.8070162516087294e-03
2023-04-17T11:27:11.500 21404.659932843569549732 0.911899012936456477   475536.469392201863 +1.4076797349844128e-02
2023-04-17T11:27:16.500 24009.007212145992525620 0.972524626790524094   475530.739041974477 +3.1563528464175761e-03
2023-04-17T11:27:21.500 23483.630047668208135292 0.992831558323073238   475524.992796998122 -2.2052451677154750e-02
2023-04-17T11:27:26.500 25903.571415007376344875 0.974215235868160390   475519.316884390020 +2.4676939530763775e-02
2023-04-17T11:27:31.500 20459.043340284810255980 0.918695093223894865   475513.584614806343 +1.6654613311402500e-02
2023-04-17T11:27:36.500 19556.462471407547127455 0.809080965001176655   475507.866538987437 +2.4430733290500939e-02
2023-04-17T11:27:41.500 19250.662643396935891360 0.829145050912586168   475502.103378187108 -1.1274030897766352e-02
2023-04-17T11:27:46.500 23206.436086736692232080 0.918112106047938692   475496.391872301348 +6.2796251731924713e-03
2023-04-17T11:27:51.500 23979.407204014940361958 0.981061667646625279   475490.643692034995 -1.1238192208111286e-02
2023-04-17T11:27:56.500 22974.134067083374247886 0.991213965699454524   475484.902412650234 -2.0252826798241585e-02
2023-04-17T11:28:01.500 24251.938616519946663175 0.975318170053536271   475479.173736851895 -1.5062186575960368e-02
2023-04-17T11:28:06.500 23923.897382321920304094 0.898975521538055711   475473.464839024469 +1.1507493094541132e-02
2023-04-17T11:28:11.500 20397.081970821524009807 0.812608295983222373   475467.704889381363 -1.1374200927093625e-02
2023-04-17T11:28:16.500 21717.620325628999125911 0.851024040182765562   475461.982400355395 +4.8045306466519833e-03
2023-04-17T11:28:21.500 21279.830108839192689629 0.930055842144743128   475456.220428625355 -1.6900273447390646e-02
2023-04-17T11:28:26.500 26728.845290557361295214 0.979838027723949567   475450.503187291499 +7.7238403609953821e-03
2023-04-17T11:28:31.500 23427.536119089589192299 0.987811205296042494   475444.718951095245 -3.3049039426259696e-02
2023-04-17T11:28:36.500 24468.871875907887442736 0.953930976564571154   475439.034207485209 +2.7267876372206956e-02
2023-04-17T11:28:41.500 22435.949556137089530239 0.867741972628193192   475433.243740563048 -1.6541976539883763e-02
2023-04-17T11:28:46.500 21028.024279443903651554 0.772233891452944854   475427.526736464293 +1.4706865709740669e-02
2023-04-17T11:28:51.500 21879.135083201039378764 0.869341015612613899   475421.741362367524 -2.0819096360355616e-02
2023-04-17T11:28:56.500 22685.729613105148018803 0.939822114010338994   475416.001447457063 -9.2913624830543995e-03
2023-04-17T11:29:01.500 25342.890442235911905300 0.995995177774596563   475410.233182763215 -2.4519592174328864e-02
2023-04-17T11:29:06.500 22405.948783512878435431 0.993162008680193331   475404.503701736103 +6.2896916642785072e-04
2023-04-17T11:29:11.500 23425.834738127927266760 0.926737015818380638   475398.743612246471 -3.2385091180913150e-03
2023-04-17T11:29:16.500 21663.996222818746900884 0.849080430170865097   475393.000621383602 +1.1584355204831809e-02
2023-04-17T11:29:21.500 18367.000894630862603663 0.813131577522591908   475387.229710198531 +7.7900709584355354e-05
2023-04-17T11:29:26.500 20947.564712109247921035 0.903341263651990967   475381.494479214423 +2.5841932860203087e-02
2023-04-17T11:29:31.500 22931.928797106589627219 0.959620447592406278   475375.700616341375 -5.4363617091439664e-03
2023-04-17T11:29:36.500 25065.285458267451758729 0.986640433017303087   475369.948654832144 +6.7755414638668299e-03
2023-04-17T11:29:41.500 21189.387528256771474844 0.959191034655145991   475364.182340893545 +6.2231156625784934e-03
2023-04-17T11:29:46.500 20722.714205146377935307 0.888714515864155064   475358.434784915473 +2.6016012183390558e-02
2023-04-17T11:29:51.500 19118.775831495935562998 0.779438736298664003   475352.619701977179 -2.0131433266215026e-02
2023-04-17T11:29:56.500 21814.236640516191982897 0.850620512100667914   475346.865693556902 -3.6184907075949013e-03
2023-04-17T11:30:01.500 23375.533859210012451513 0.931298657831396981   475341.093169825268 -4.0357427205890417e-03
2023-04-17T11:30:06.500 22025.200240100784867536 0.975502841257915421   475335.309083657397 -1.4431071933358908e-02
2023-04-17T11:30:11.500 24014.135484671540325508 0.976711443891910336   475329.556409263343 +8.1689693033695221e-03
2023-04-17T11:30:16.500 22313.024540586327930214 0.930725254107968136   475323.793309572560 +2.1926543849986047e-02
2023-04-17T11:30:21.500 21214.808657234287238680 0.838111050566382354   475317.983021791733 -9.9219128605909646e-03
2023-04-17T11:30:26.500 20349.000110802429844625 0.811281123673765481   475312.223122530559 +1.0199433600064367e-02
2023-04-17T11:30:31.500 20625.003725954669789644 0.905384309627620842   475306.444304614328 +1.2982628715690225e-02
2023-04-17T11:30:36.500 25165.276385141158243641 0.967827457693412274   475300.644208382582 -3.9327714475803077e-03
2023-04-17T11:30:41.500 22510.688765165148652159 0.988980939674371395   475294.855868821091 -7.5125687872059643e-03
2023-04-17T11:30:46.500 23417.277980891012703069 0.945880544216901487   475289.074357180856 -2.6863039820455015e-03
2023-04-17T11:30:51.500 19421.175075616487447405 0.872008089929327324   475283.283210401598 -5.9178324881941080e-03
2023-04-17T11:30:56.500 18014.780117007812805241 0.756285739044932681   475277.504377072153 +4.7406355151906610e-03
2023-04-17T11:31:01.500 21569.264755158092157217 0.872255296191293383   475271.687830399955 -2.0738495222758502e-02
2023-04-17T11:31:06.500 24172.169790169486077502 0.932382398057057471   475265.929160530504 +1.3234114681836218e-02
2023-04-17T11:31:11.500 23143.453253557905554771 0.971835271079743102   475260.125968654291 +4.2588462238200009e-03
2023-04-17T11:31:16.500 25502.872060880210483447 0.949099332020410857   475254.328039899410 +2.1200145711190999e-03
2023-04-17T11:31:21.500 22752.516595068511378486 0.892123389430873215   475248.501920891926 -2.6636570284608752e-02
2023-04-17T11:31:26.500 18739.096273300554457819 0.790902970834031938   475242.727377285599 -2.2460736799985170e-03
2023-04-17T11:31:31.500 20187.529755052360997070 0.848807815455571935   475236.917333838472 -1.1784559930674732e-02
2023-04-17T11:31:36.500 21879.000446695976279443 0.918613492746000904   475231.133804551850 +6.7611471749842167e-03
2023-04-17T11:31:41.500 25564.110575818154757144 0.975701900201445427   475225.302274725516 -2.1124480525031686e-02
2023-04-17T11:31:46.500 24093.793219533043156844 0.969213994427632008   475219.541241915489 +2.3055282130371779e-02
2023-04-17T11:31:51.500 22900.446002983997459523 0.922567728114504049   475213.731869562995 +2.0463043067138642e-02
2023-04-17T11:31:56.500 19602.407037974644481437 0.822916923723413407   475207.911895503406 +8.8358017383143306e-03
2023-04-17T11:32:01.500 19905.357936815002176445 0.812329312743099829   475202.093507397280 +3.6038010148331523e-04
2023-04-17T11:32:06.500 23008.694031556915433612 0.915243498742567163   475196.303077669232 +2.1408362139482051e-02
2023-04-17T11:32:11.500 23838.114513589469424915 0.960043148108200128   475190.476292110921 +7.6646965462714434e-03
2023-04-17T11:32:16.500 25003.226995515415183036 0.962094101512243394   475184.647776372207 -6.2458120519295335e-03
2023-04-17T11:32:21.500 21590.973834838579932693 0.921126186765638177   475178.841448964085 +3.5945000709034503e-03
2023-04-17T11:32:26.500 19618.101141340528556611 0.835858943086745576   475173.033604183584 +1.3479080516844988e-02
2023-04-17T11:32:31.500 20126.760810742838657461 0.799215347847163082   475167.170174481813 -3.0660470540169626e-02
2023-04-17T11:32:36.500 23533.311686294895480387 0.904693862162798013   475161.380521038431 +5.3617346566170454e-04
2023-04-17T11:32:41.500 24392.900873941674944945 0.970642858537276498   475155.541704529547 -1.5871165727730840e-02
2023-04-17T11:32:46.500 25270.698347008998098318 0.971575797361185711   475149.732950355741 -6.5794395050033927e-04
2023-04-17T11:32:51.500 23528.606173466356267454 0.940920445877137412   475143.907110680535 -9.7285542869940400e-04
2023-04-17T11:32:56.500 20560.530566397494112607 0.841048612033624465   475138.086880109156 +5.8778459788300097e-03
2023-04-17T11:33:01.500 18177.416440783450525487 0.808188422496470715   475132.209844887082 -4.2520454619079828e-02
2023-04-17T11:33:06.500 22798.140425343390234048 0.906528183822893574   475126.428965018946 +6.7913855309598148e-03
2023-04-17T11:33:11.500 23023.283787335760280257 0.967957380848947446   475120.592246007523 +1.8180066836066544e-03
2023-04-17T11:33:16.500 24183.763237547624157742 0.977404611649212329   475114.747960762121 -9.1685457737185061e-03
2023-04-17T11:33:21.500 21602.704301434507215163 0.931049399423795498   475108.937539351173 +1.5260931802913547e-02
2023-04-17T11:33:26.500 19376.337139302399009466 0.844646015540770123   475103.112410099595 +2.6533898897469044e-02
2023-04-17T11:33:31.500 20362.353354873823263915 0.801918156921757053   475097.229885882698 -1.8037635716609657e-02
2023-04-17T11:33:36.500 22882.661325788300018758 0.900104410852442749   475091.425169319380 +1.6748080030083656e-02
2023-04-17T11:33:41.500 24153.047288090871006716 0.964301198143978522   475085.546308415942 -2.1061814972199500e-02
2023-04-17T11:33:46.500 25330.648141338035202352 0.970074454103332151   475079.743862779578 +1.9091418129391968e-02
2023-04-17T11:33:51.500 23768.618194424674584297 0.925600003814429306   475073.877656320052 -2.9691787785850465e-03
2023-04-17T11:33:56.500 20864.643536848485382507 0.838008794954599123   475068.040608324634 +5.6748127681203187e-03
2023-04-17T11:34:01.500 19932.646908096601691796 0.812384646546452815   475062.161504851829 -2.6191417302470654e-02
2023-04-17T11:34:06.500 21889.179071033497166354 0.917436909960933522   475056.345466035418 +6.5513956360518932e-03
2023-04-17T11:34:11.500 22693.672314865376392845 0.974772353540699910   475050.480759240570 -7.8302517649717629e-03
2023-04-17T11:34:16.500 23152.543002888676710427 0.977995608465125232   475044.654880065704 +1.8158370046876371e-02
2023-04-17T11:34:21.500 21450.802204419549525483 0.923427417115877280   475038.759759051900 -2.3553066246677190e-02
2023-04-17T11:34:26.500 20431.051741203362325905 0.823910502458180649   475032.923117013474 -5.2446143818087876e-03
2023-04-17T11:34:31.500 19553.549143354073748924 0.830951303044279665   475027.027619020431 -4.4252072169911116e-02
2023-04-17T11:34:36.500 23311.347030500266555464 0.925889730334390593   475021.207820960553 -6.0204192413948476e-03
2023-04-17T11:34:41.500 21929.415471408341545612 0.977431433362015545   475015.346586477361 -7.6868786127306521e-03
2023-04-17T11:34:46.500 24560.881026460196153494 0.978611396596182015   475009.534660718462 +4.1492831369396299e-02
2023-04-17T11:34:51.500 23352.575291231474693632 0.906939511986165514   475003.623933331401 -6.5925069502554834e-03
2023-04-17T11:34:56.500 20286.818201691447029589 0.802539206329717203   474997.772193963523 +5.8458893909119070e-03
2023-04-17T11:35:01.500 20568.575211657072941307 0.843523678477375194   474991.880992641614 -1.9642816158011556e-02
2023-04-17T11:35:06.500 23495.039560484139656182 0.947807686124590765   474986.031973128614 -1.4157227706164122e-03
2023-04-17T11:35:11.500 24490.803494384435907705 0.976542008184012378   474980.169689310656 +5.0801946199499071e-03
2023-04-17T11:35:16.500 22020.308364739557873691 0.961689657414154131   474974.296318530920 +2.0214192336425185e-03
2023-04-17T11:35:21.500 22979.754904331610305235 0.892208755605649606   474968.410580112657 -1.1873584124259651e-02
2023-04-17T11:35:26.500 19540.238507203099288745 0.769988385321950131   474962.548933265265 -1.4646304771304131e-04
2023-04-17T11:35:31.500 22846.107860734005953418 0.893283801645618603   474956.665301642730 -8.8744190870784223e-03
2023-04-17T11:35:36.500 22766.037897378668276360 0.961135072168664228   474950.794171687507 -3.5718634608201683e-03
2023-04-17T11:35:41.500 24856.081322865331458161 0.993724502133787269   474944.918562008184 -1.2210396816954017e-03
2023-04-17T11:35:46.500 25077.134287766704801470 0.950679785596643567   474939.047032781702 +6.7373788915574551e-03
2023-04-17T11:35:51.500 19495.999672293026378611 0.857467258081587969   474933.176647287735 +1.7365823499858379e-02
2023-04-17T11:35:56.500 19596.982356619733764092 0.805039230276560547   474927.282378878444 +5.6368002551607788e-03
2023-04-17T11:36:01.500 21039.491895938805100741 0.915784175982449544   474921.407754999294 +1.5076910261996090e-02
2023-04-17T11:36:06.500 26691.458451130180037580 0.975512832288206289   474915.506506559090 -5.8377941604703665e-04
2023-04-17T11:36:11.500 24522.642141495769465109 0.969777191987070020   474909.626725386886 +6.7457203986123204e-03
2023-04-17T11:36:16.500 23712.441652650191826979 0.920146719056243345   474903.730668646458 -6.7826360464096069e-04
2023-04-17T11:36:21.500 20686.434115035808645189 0.816987610611118908   474897.841394196847 +2.0129285985603929e-04
2023-04-17T11:36:26.500 21360.141410762291343417 0.836345399072568774   474891.956039664045 +6.5211836481466889e-03
2023-04-17T11:36:31.500 22259.448167346326954430 0.932796856956823461   474886.056750052841 +4.2558426503092051e-04
2023-04-17T11:36:36.500 23154.411753979868080933 0.970399469705257256   474880.158641719026 -2.9699764563702047e-03
2023-04-17T11:36:41.500 23400.644880092990206322 0.968587480620162977   474874.251636315428 -1.3744669151492417e-02
2023-04-17T11:36:46.500 21888.745459445137385046 0.883884041977893053   474868.376589089516 +8.9559325715526938e-03
2023-04-17T11:36:51.500 17990.446607770783884916 0.768540067960243989   474862.469333123707 +9.6409372054040432e-04
2023-04-17T11:36:56.500 20759.160251717647042824 0.896011161335688477   474856.568954960443 +1.3655420625582337e-03
2023-04-17T11:37:01.500 23393.473299959001451498 0.972526039645514540   474850.658605054428 -6.6900789970532060e-03
2023-04-17T11:37:06.500 23304.409298523303732509 0.985882246973482035   474844.776729431702 +1.5242448833305389e-02
2023-04-17T11:37:11.500 22953.910968257489003008 0.935460512232487051   474838.850255321711 -5.9104496613144875e-03
2023-04-17T11:37:16.500 20808.679495659598615021 0.828352971545310068   474832.960296068457 +1.0963768756482750e-02
2023-04-17T11:37:21.500 20292.432259816192527069 0.832418261766078693   474827.062463181617 +2.1475816494785249e-02
2023-04-17T11:37:26.500 23814.105436642152199056 0.934475483360655224   474821.130087027093 -1.0447340901009738e-03
2023-04-17T11:37:31.500 24234.420398817794193747 0.983116993097243763   474815.227382630692 +7.6163532212376595e-03
2023-04-17T11:37:36.500 23526.568517453135427786 0.965730687402770571   474809.309453452646 +2.5617528008297086e-03
2023-04-17T11:37:41.500 23123.105763068851956632 0.885835040595162493   474803.392658795987 +1.4998606638982892e-04
2023-04-17T11:37:46.500 20664.738488467133720405 0.763254451119895649   474797.485205042933 +8.5866576409898698e-03
2023-04-17T11:37:51.500 23371.983867388207727345 0.885051819003345064   474791.569453822798 +1.0232623491901904e-02
2023-04-17T11:37:56.500 23682.209726945875445381 0.964079692437159630   474785.655067864282 +1.4749843161553144e-02
2023-04-17T11:38:01.500 24016.728971840944723226 0.983050467510628634   474779.709937276144 -9.9723390885628760e-03
2023-04-17T11:38:06.500 22585.858446676553285215 0.935486955607165216   474773.773560363275 -2.4436378560494632e-02
2023-04-17T11:38:11.500 19754.105956153747683857 0.815987771790141703   474767.878842239210 +4.2620828025974333e-03
2023-04-17T11:38:16.500 20201.820653252616466489 0.846325295254160115   474761.941456303000 -8.2043068250641227e-03
2023-04-17T11:38:21.500 23137.425746573593642097 0.936730178611877684   474755.994743712072 -2.8495136240962893e-02
2023-04-17T11:38:26.500 22660.919015807259711437 0.984928444414380544   474750.095079151564 -2.3646105546504259e-04
2023-04-17T11:38:31.500 23194.809196103455178672 0.963303749863592351   474744.166758092528 +8.6645327974110842e-04
2023-04-17T11:38:36.500 21400.840291090516984696 0.877522935851505204   474738.242651444918 +7.6837858068756759e-03
2023-04-17T11:38:41.500 20641.819697709099273197 0.802258875891451395   474732.286536126048 -1.6008272068575025e-02
2023-04-17T11:38:46.500 21207.702332642889814451 0.907387978316774091   474726.379779552110 +1.1156975000631064e-02
2023-04-17T11:38:51.500 23796.600049108263192466 0.977962627981226906   474720.429390225967 -3.8126851432025433e-03
2023-04-17T11:38:56.500 24787.515738624446385074 0.969319649370104175   474714.514624194242 +1.8338084104470909e-02
2023-04-17T11:39:01.500 20842.010904257458605571 0.901058151139838115   474708.538406323933 -1.9466554454993457e-02
2023-04-17T11:39:06.500 19006.153772043853678042 0.784186156746144780   474702.623944620485 +5.9807059587910771e-03
2023-04-17T11:39:11.500 21973.231598509162722621 0.870271053614974144   474696.669115336379 -7.4445749633014202e-03
2023-04-17T11:39:16.500 24795.449083591582166264 0.960413952462452647   474690.719062601449 -1.4598954527173191e-02
2023-04-17T11:39:21.500 23417.544804647106502671 0.987126897885660659   474684.786092241178 -3.1772882211953402e-03
2023-04-17T11:39:26.500 23485.650901497450831812 0.934161144449437764   474678.868728343979 +2.5343837274704129e-02
2023-04-17T11:39:31.500 20092.109017640821548412 0.819144058579270973   474672.869712682674 -2.6294474198948592e-02
2023-04-17T11:39:36.500 20816.243359898282506038 0.844260477440495927   474666.937607654545 -9.5304880524054170e-03
2023-04-17T11:39:41.500 21826.304409130247222492 0.946558800012785584   474660.998606751324 +1.8286310369148850e-03
2023-04-17T11:39:46.500 21141.472400624876172515 0.986216123128923816   474655.072304143512 +2.7376403624657542e-02
2023-04-17T11:39:51.500 24052.078196500064223073 0.950003122255411392   474649.075287356274 -1.6300288552884012e-02
2023-04-17T11:39:56.500 20343.082954384517506696 0.861747453331545232   474643.179054174398 +4.2295702383853495e-02
2023-04-17T11:40:01.500 21123.559621369455271633 0.809151115671523313   474637.183396439301 +2.9555876972153783e-03
2023-04-17T11:40:06.500 21971.685778165970987175 0.923083730564014271   474631.233106485975 +1.0471078916452825e-02
2023-04-17T11:40:11.500 23838.418254229894955643 0.979785244878884631   474625.251349477912 -1.1993276770226657e-02
2023-04-17T11:40:16.500 23939.132785786423482932 0.950705390458627120   474619.300365090545 -2.1984135964885354e-03
2023-04-17T11:40:21.500 24388.895805871507036500 0.879391735021355592   474613.340329528262 +3.1270494218915701e-05
2023-04-17T11:40:26.500 20406.759688359186839079 0.784000428229753465   474607.368008468242 -8.5391425527632236e-03
2023-04-17T11:40:31.500 24152.410670926721650176 0.911982058971049891   474601.394140514254 -1.7171636922284961e-02
2023-04-17T11:40:36.500 23578.211135796715097968 0.966471722459229299   474595.446613543027 +2.0210834918543696e-03
2023-04-17T11:40:41.500 24891.438794671914365608 0.971444809236071016   474589.471316070878 -5.0730380462482572e-03
2023-04-17T11:40:46.500 22073.712555140045878943 0.898304508448727779   474583.521244224277 +1.4541559328790754e-02
2023-04-17T11:40:51.500 17526.535114648453600239 0.772690789886849694   474577.535598299815 +6.4614170696586370e-05
2023-04-17T11:40:56.500 20364.098496215934574138 0.887559464004944565   474571.547194132931 -1.5688588202465326e-02
2023-04-17T11:41:01.500 22242.890395928818179527 0.967932619642811631   474565.567311365041 -2.1438948577269912e-02
2023-04-17T11:41:06.500 22435.090279945521615446 0.970289190357420117   474559.614769617096 +1.6326194163411856e-03
2023-04-17T11:41:11.500 19344.954461140270723263 0.897250569045728530   474553.632021564175 -4.0217352798208594e-03
2023-04-17T11:41:16.500 20239.886858959464007057 0.781236411354062521   474547.671385236143 +1.3915498857386410e-02
2023-04-17T11:41:21.500 21594.476708729322126601 0.868479272924587820   474541.678894727374 +1.4779061893932521e-03
2023-04-17T11:41:26.500 25004.015002497813839000 0.943068443842047244   474535.705933756079 +1.0048703290522099e-02
2023-04-17T11:41:31.500 23119.454326748691528337 0.957056898286971158   474529.706369606254 -6.5053191501647234e-03
2023-04-17T11:41:36.500 22135.373411820721230470 0.908519980852514619   474523.760287558718 +3.1900635047350079e-02
2023-04-17T11:41:41.500 20044.454186000566551229 0.796867234582971817   474517.728942349902 -1.3479173881933093e-02
2023-04-17T11:41:46.500 20949.366769887292321073 0.852819984667261832   474511.749041586183 -5.9376070275902748e-03
