# Observation conducted on 60051.0 at Hb rev. 0
# Base frequency: 8415.50 MHz dF: 5.0 Hz dT: 5 s Nscans: 1 
# Format: UTC Time     |   Signal-to-Noise  |    Spectral max    | Freq detection [Hz] |   Doppler noise [Hz]  |
# 
2023-04-17T11:41:51.500 22513.686741303987218998 0.975264956992162313   474505.745827229461 -1.2940963613800704e-02
2023-04-17T11:41:56.500 25544.453154065126000205 0.999224389196608387   474499.772838255274 +4.3024324113503098e-03
2023-04-17T11:42:01.500 22461.935462913639639737 0.938963468683317815   474493.774457296880 -2.3921419633552432e-03
2023-04-17T11:42:06.500 20252.642368465691106394 0.823546204940618587   474487.812066376966 +2.8357282862998545e-02
2023-04-17T11:42:11.500 19192.776971792391123017 0.872051479153878595   474481.789111356949 -3.5033444873988628e-06
2023-04-17T11:42:16.500 21949.618557442787277978 0.966659317378436911   474475.794675475336 +1.6086476971395314e-03
2023-04-17T11:42:21.500 24538.400018614069267642 0.991132054660625150   474469.760726632667 -3.4838472260162234e-02
2023-04-17T11:42:26.500 24409.869406241028627846 0.930339293327361427   474463.797364099941 +7.5428077252581716e-04
2023-04-17T11:42:31.500 19530.127864228619728237 0.823445905795685440   474457.796296262182 +9.5146766398102045e-05
2023-04-17T11:42:36.500 20345.039242930452019209 0.867215819558131318   474451.822226664750 +2.7887507982086390e-02
2023-04-17T11:42:41.500 26099.788700925419107080 0.960087637145714656   474445.794000713388 +2.9765896033495665e-03
2023-04-17T11:42:46.500 23634.457767589865397895 0.986084808560652837   474439.787131976802 +8.7576179066672921e-04
2023-04-17T11:42:51.500 20798.606090861783741275 0.925721156373535470   474433.797576364421 +1.7540718719828874e-02
2023-04-17T11:42:56.500 19793.720182805082004052 0.815063633144040622   474427.800127959927 +2.7765311067923903e-02
2023-04-17T11:43:01.500 18695.915541000922530657 0.884360091314149943   474421.752456352988 -1.0781121323816478e-02
2023-04-17T11:43:06.500 23940.091350721337221330 0.964070558798951094   474415.755182134337 +2.5217458023689687e-03
2023-04-17T11:43:11.500 23835.143580532454507193 0.993000707411847205   474409.726982813911 -1.3648860913235694e-02
2023-04-17T11:43:16.500 22568.095448812542599626 0.934617248932142819   474403.735289839969 +8.1382071948610246e-03
2023-04-17T11:43:21.500 19909.454517766422213754 0.811668627978669788   474397.708018355479 -4.2022230918519199e-03
2023-04-17T11:43:26.500 21661.866608465301396791 0.889438086447455811   474391.699067547568 +3.2287035719491541e-03
2023-04-17T11:43:31.500 24246.031313027790019987 0.977144075549411184   474385.679415914638 +1.4091375051066279e-03
2023-04-17T11:43:36.500 23912.038348856822267408 0.987115396914013177   474379.656698676816 -2.0260648452676833e-03
2023-04-17T11:43:41.500 21490.875863605833728798 0.919616496573431474   474373.629634630517 -8.3584861713461578e-03
2023-04-17T11:43:46.500 17711.760047401712654391 0.793684360353431151   474367.636126160447 +2.0313863526098430e-02
2023-04-17T11:43:51.500 22035.224093151380657218 0.890882559656237083   474361.601221729885 +9.0390377445146441e-03
2023-04-17T11:43:56.500 23393.274862028207280673 0.968570335931466908   474355.570206861536 +3.1021345057524741e-03
2023-04-17T11:44:01.500 23244.980946672239952022 0.979789410460889743   474349.517984179605 -2.2594661626499146e-02
2023-04-17T11:44:06.500 20696.176376228057051776 0.913247806616821256   474343.527539117786 +1.4933628903236240e-02
2023-04-17T11:44:11.500 18974.763321174359589349 0.782079210342065623   474337.484034241643 +8.4910285659134388e-04
2023-04-17T11:44:16.500 21414.374922552357020322 0.916158537439277554   474331.451470815169 -8.4745860658586025e-04
2023-04-17T11:44:21.500 24666.863142910860915435 0.985846906572038995   474325.394383169943 -2.5622221000958234e-02
2023-04-17T11:44:26.500 23364.040082233343127882 0.980491117606005380   474319.383422892832 -2.8241084655746818e-03
2023-04-17T11:44:31.500 20546.938965205896238331 0.889373238400338328   474313.349603843060 -1.4397864579223096e-03
2023-04-17T11:44:36.500 19757.175473083108954597 0.808554008093068433   474307.302515551157 -1.1880262638442218e-02
2023-04-17T11:44:41.500 20739.586815344995557098 0.944691306729541047   474301.257065612823 -1.9238492939621210e-02
2023-04-17T11:44:46.500 25278.138112362255924381 0.992184759342616962   474295.242719067901 +5.9499977505765855e-03
2023-04-17T11:44:51.500 23471.248714836252474925 0.968397740045358058   474289.179633471067 -1.6157813894096762e-02
2023-04-17T11:44:56.500 21732.015119872405193746 0.865105230386431390   474283.163994186965 +1.0622846370097250e-02
2023-04-17T11:45:01.500 21202.350882466544135241 0.834061377132007231   474277.086805371451 -2.2704468981828541e-02
2023-04-17T11:45:06.500 22488.813602074733353220 0.943109817075099444   474271.067225271021 +3.0178708257153630e-03
2023-04-17T11:45:11.500 23798.793933311630098615 0.990249394791735460   474264.996688526822 -2.0776121062226593e-02
2023-04-17T11:45:16.500 24380.442668968360521831 0.950761168056305284   474258.975437704474 +6.1554808053188026e-03
2023-04-17T11:45:21.500 18533.740008224820485339 0.832434362352997170   474252.888795906154 -3.0864873260725290e-02
2023-04-17T11:45:26.500 20735.225007986162381712 0.867506060496047615   474246.858734407404 -9.8665716941468418e-03
2023-04-17T11:45:31.500 25125.081861273039976368 0.957675689640051120   474240.814675980713 -1.4275170979090035e-03
2023-04-17T11:45:36.500 23777.276582914451864781 0.990933156955646099   474234.792076011596 +2.9906989191658795e-02
2023-04-17T11:45:41.500 23436.207448088276578346 0.929376337281225373   474228.691413584223 -1.5384666505269706e-02
2023-04-17T11:45:46.500 19326.973646360438578995 0.804701253566128094   474222.665434310562 +1.5442418865859509e-02
2023-04-17T11:45:51.500 21565.944301794614148093 0.902186647473780745   474216.602276748337 +1.0526083409786224e-02
2023-04-17T11:45:56.500 23230.892591908752365271 0.978300131271881979   474210.555621036328 +2.3545735399238765e-02
2023-04-17T11:46:01.500 21820.414528425972093828 0.986229916440676035   474204.471689611673 +7.2307127993553877e-04
2023-04-17T11:46:06.500 21929.910468331956508337 0.899679911896520079   474198.430406989064 +2.1981854340992868e-02
2023-04-17T11:46:11.500 19131.498980124975787476 0.801843999170459232   474192.333373419766 -1.1078425042796880e-02
2023-04-17T11:46:16.500 25359.665791134539176710 0.927041197320123800   474186.277196841373 -1.8506006454117596e-03
2023-04-17T11:46:21.500 24394.242016234933544183 0.982573215706623260   474180.207403719134 -4.8089879564940929e-03
2023-04-17T11:46:26.500 23614.296520624160621082 0.960131452193558665   474174.151085242978 +7.1368122589774430e-03
2023-04-17T11:46:31.500 21998.693814552141702734 0.864322196566847611   474168.078938071616 +4.6826591133140028e-03
2023-04-17T11:46:36.500 20074.871559254526800942 0.842169354721227559   474162.016844778729 +1.3710317143704742e-02
2023-04-17T11:46:41.500 22954.491176654788432643 0.957936913437978932   474155.930640138162 +5.3742318414151669e-05
2023-04-17T11:46:46.500 23917.201566699895920465 0.989871364870436476   474149.875409025524 +1.8796983000356704e-02
2023-04-17T11:46:51.500 22596.783809728545747930 0.938062893274442589   474143.771491865220 -9.7203715122304857e-03
2023-04-17T11:46:56.500 18529.998326703444035957 0.806466190154227935   474137.710472073231 +6.0842505190521479e-03
2023-04-17T11:47:01.500 20996.951191626711079152 0.899930903665119075   474131.613132045080 -1.3007607660256326e-02
2023-04-17T11:47:06.500 24618.972223994063824648 0.973608460533097575   474125.553030907351 +6.5623200498521328e-03
2023-04-17T11:47:11.500 23210.999301208645192673 0.985769031493246684   474119.455028065306 -1.0347429255489260e-02
2023-04-17T11:47:16.500 21992.125010201736586168 0.898003448190091813   474113.412578703894 +2.9717453231569380e-02
2023-04-17T11:47:21.500 18991.705468408930755686 0.818236252309446188   474107.267793144681 -3.1133594573475420e-02
2023-04-17T11:47:26.500 22578.507870923804148333 0.934517701848993854   474101.223769624543 +1.0196773160714656e-02
2023-04-17T11:47:31.500 23009.615573203263920732 0.992338312469212558   474095.135217675648 +8.4171904018148780e-03
2023-04-17T11:47:36.500 23129.406924026938213501 0.950838240766244791   474089.033362507296 -5.2480389131233096e-03
2023-04-17T11:47:41.500 20527.613154621558351209 0.840014059762885124   474082.950350149593 +1.3462033821269870e-03
2023-04-17T11:47:46.500 21024.653151743357739178 0.853081448943395659   474076.874379246030 +1.6397641913499683e-02
2023-04-17T11:47:51.500 23322.687005137257074239 0.967533202604222375   474070.752249802928 -1.3294642092660069e-02
2023-04-17T11:47:56.500 23247.711303735712135676 0.986536539756941555   474064.683312558802 +1.1619158263783902e-02
2023-04-17T11:48:01.500 23015.676143877317372244 0.924841319000256123   474058.574447468796 -1.9819396547973156e-03
2023-04-17T11:48:06.500 18741.230251822576974519 0.784120525706253235   474052.472687194881 -7.0662171347066760e-03
2023-04-17T11:48:11.500 22012.895590260723110987 0.923452358407614082   474046.386281571235 +4.6152103459462523e-03
2023-04-17T11:48:16.500 21434.974863423896749737 0.987018533288798627   474040.282205249066 +3.6039447877556086e-05
2023-04-17T11:48:21.500 23683.811511725045420462 0.968765000130089482   474034.189603088715 +8.3401697920635343e-03
2023-04-17T11:48:26.500 18920.405020771420822712 0.857583863631399046   474028.089124549006 +1.0176095180213451e-02
2023-04-17T11:48:31.500 21079.294388776008418063 0.854723051892748442   474021.978263337340 +3.0365521088242531e-03
2023-04-17T11:48:36.500 23847.506819564627221553 0.965643179464786394   474015.886072813475 +1.5973925241269171e-02
2023-04-17T11:48:41.500 23083.914878915227745892 0.995481300854590967   474009.739383420441 -2.4182322609703988e-02
2023-04-17T11:48:46.500 20895.938173636372084729 0.929480364674935222   474003.647906612721 -7.7217213693074882e-03
2023-04-17T11:48:51.500 17890.035650527544930810 0.789974575953025115   473997.555930240720 +9.6425905358046293e-03
2023-04-17T11:48:56.500 22449.286924841173458844 0.918176936568534607   473991.439582958410 +4.0382741135545075e-03
2023-04-17T11:49:01.500 23947.811447830026736483 0.989701898265997082   473985.295938413590 -2.7462019643280655e-02
2023-04-17T11:49:06.500 24788.466904579374386230 0.981166975988531198   473979.234627099708 +2.4771201948169619e-02
2023-04-17T11:49:11.500 20374.297289882892073365 0.870128282687969934   473973.102985207282 +8.0731254420243204e-03
2023-04-17T11:49:16.500 20248.634608390009816503 0.854879740714185155   473966.980355786916 +1.7857936327345669e-03
2023-04-17T11:49:21.500 25043.348127841050882125 0.975382083657293730   473960.839841008710 -2.0989634096622467e-02
2023-04-17T11:49:26.500 21885.394157084192556795 0.999811971645563791   473954.753236088203 +1.1541043932083994e-02
2023-04-17T11:49:31.500 21292.501169525523437187 0.929270025959724300   473948.603180218779 -1.7983995669055730e-02
2023-04-17T11:49:36.500 18713.988709331046266016 0.783074072372726415   473942.497730884235 -1.5082882600836456e-03
2023-04-17T11:49:41.500 22549.641787925058451947 0.936269990046132872   473936.340533463808 -3.5387476556934416e-02
2023-04-17T11:49:46.500 23579.250294703349936754 0.996037114731380124   473930.252659733756 +1.4491914189420640e-03
2023-04-17T11:49:51.500 23798.210471925387537340 0.973999173982419197   473924.118832708802 -6.2762958114035428e-03
2023-04-17T11:49:56.500 20827.161958518139726948 0.856466746412953950   473918.014082393027 +1.6465037653688341e-02
2023-04-17T11:50:01.500 21202.199787472382013220 0.867999566069920236   473911.857990632532 -1.0745992069132626e-02
2023-04-17T11:50:06.500 23370.694120675358135486 0.963164534779323178   473905.759112788772 +2.0644944859668612e-02
2023-04-17T11:50:11.500 24307.805619436963752378 0.993033216731534552   473899.595559802547 -1.1252243653871119e-02
2023-04-17T11:50:16.500 20888.778779164113075240 0.911102308789193294   473893.493414571101 +1.9644305284600705e-02
2023-04-17T11:50:21.500 18085.232124139547522645 0.802386169606393418   473887.318879575294 -2.0463962457142770e-02
2023-04-17T11:50:26.500 22110.504379378668090794 0.947161160838018379   473881.195369074587 -8.1638236879371107e-03
2023-04-17T11:50:31.500 23497.283866976387798786 0.988130211274673709   473875.064161517017 -2.1778669906780124e-03
2023-04-17T11:50:36.500 24551.655607475979195442 0.958847070160193771   473868.956232563476 +2.8468531148973852e-02
2023-04-17T11:50:41.500 18878.859076926662964979 0.831104616819985709   473862.795638358162 +7.8304775524884462e-03
2023-04-17T11:50:46.500 19865.303700474538345588 0.892957917786445510   473856.660608175036 +1.4136208279523998e-02
2023-04-17T11:50:51.500 24185.361048548827966442 1.000000000000000000   473850.482285142120 -2.1472186082974076e-02
2023-04-17T11:50:56.500 23505.560626325925113633 0.990563198340142503   473844.384504343616 +2.4839341174811125e-02
2023-04-17T11:51:01.500 23460.459381809505430283 0.889381776677900748   473838.214989441389 +7.9341488890349865e-04
2023-04-17T11:51:06.500 20410.003002975823619636 0.847757677473807147   473832.059754619608 -7.5968172168359160e-03
2023-04-17T11:51:11.500 22737.845131062236760044 0.962472284482536189   473825.908157072263 -1.0975196666549891e-02
2023-04-17T11:51:16.500 23264.844756935199256986 0.995945165598985493   473819.776155883330 +6.6163259907625616e-03
2023-04-17T11:51:21.500 21163.217677371150784893 0.923182650163571039   473813.595105056243 -2.3469279636628926e-02
2023-04-17T11:51:26.500 18659.746201501551695401 0.780095844242847059   473807.472184131097 +5.9464945807121694e-03
2023-04-17T11:51:31.500 24135.508508064787747571 0.933488360115017346   473801.287001226738 -2.5529263366479427e-02
2023-04-17T11:51:36.500 24158.602598677829519147 0.985573933930782853   473795.153453549778 -4.0003757458180189e-03
2023-04-17T11:51:41.500 21935.289411568228388205 0.960745043946216626   473788.972149164241 -2.8859805839601904e-02
2023-04-17T11:51:46.500 20175.509553161657095188 0.832826381745926714   473782.870303092874 +2.7106444118544459e-02
2023-04-17T11:51:51.500 21919.247170116690540453 0.894296422350058351   473776.667960200808 -1.6057783563155681e-02
2023-04-17T11:51:56.500 25048.419528300128149567 0.994379504746100928   473770.510941969231 -1.2532028369605541e-02
2023-04-17T11:52:01.500 21857.064454354909685208 0.986355342347412289   473764.353676254221 -7.8894519247114658e-03
2023-04-17T11:52:06.500 20428.694983888421120355 0.900144835183473879   473758.223294648866 +2.5000523659400642e-02
2023-04-17T11:52:11.500 19060.498338087996671675 0.857349152350530885   473752.038161132485 +4.5008655870333314e-03
2023-04-17T11:52:16.500 23410.609200066752237035 0.977258845207297333   473745.874187829788 +6.5226894221268594e-03
2023-04-17T11:52:21.500 23344.341498001296713483 0.998361853075665717   473739.706968906161 +6.6591551876626909e-03
2023-04-17T11:52:26.500 22911.711196482836385258 0.922391809651998185   473733.534598324564 +3.0032231588847935e-03
2023-04-17T11:52:31.500 20833.972594415194180328 0.804918528787989418   473727.361384188407 -1.3800145825371146e-04
2023-04-17T11:52:36.500 21099.839920806913141860 0.941216817869600431   473721.216160673008 +2.6068662002217025e-02
2023-04-17T11:52:41.500 23413.246019773807347519 0.995883421459872520   473715.020353522617 +3.0479669221676886e-03
2023-04-17T11:52:46.500 22667.082640442302363226 0.946278289292671215   473708.855444744346 +1.2280934257432818e-02
2023-04-17T11:52:51.500 18937.052062848466448486 0.805928242107459614   473702.666291070986 -1.3766855117864907e-03
2023-04-17T11:52:56.500 21301.164645324781304225 0.913286762383514583   473696.496759446512 +5.9410745161585510e-03
2023-04-17T11:53:01.500 23973.600481479894369841 0.987591493676265531   473690.309304774564 -3.3118549617938697e-03
2023-04-17T11:53:06.500 24557.836405289031972643 0.969215128866976916   473684.127691363450 -5.3721330477856100e-03
2023-04-17T11:53:11.500 19257.063486085648037260 0.838493451677301382   473677.938356340863 -1.3803594978526235e-02
2023-04-17T11:53:16.500 20091.799450495804194361 0.883706584590185917   473671.774435687577 +4.5287829707376659e-03
2023-04-17T11:53:21.500 25517.513559331200667657 0.983436921381742324   473665.596108061261 +9.8027066560462117e-03
2023-04-17T11:53:26.500 23609.886661938569886843 0.983829485167857842   473659.397194596822 -4.1616351227276027e-03
2023-04-17T11:53:31.500 20993.158917669177753851 0.885756246658873758   473653.223133458581 +8.0729817273095250e-03
2023-04-17T11:53:36.500 20373.258010827881662408 0.857169604540567009   473647.025064065994 -2.3549576872028410e-03
2023-04-17T11:53:41.500 23759.192763170012767660 0.966556264229500250   473640.815026980126 -2.3405820131301880e-02
2023-04-17T11:53:46.500 23819.728605095995590091 0.991641674774466853   473634.639980506152 -8.1222220906056464e-03
2023-04-17T11:53:51.500 22042.407144756951311138 0.906537928268870696   473628.461069344834 +4.6396221150644124e-03
2023-04-17T11:53:56.500 20747.570169184302358190 0.822118175994896339   473622.262943536160 -4.7115568304434419e-04
2023-04-17T11:54:01.500 21001.381513268770504510 0.945740678923624567   473616.083555304620 +1.4496767544187605e-02
2023-04-17T11:54:06.500 22449.404408782978862291 0.994848344023105735   473609.867352897243 -6.0092552448622882e-03
2023-04-17T11:54:11.500 23042.500593329794355668 0.922769534973321148   473603.678490084305 +2.1636593737639487e-03
2023-04-17T11:54:16.500 16622.479287249767367030 0.780085965992469155   473597.482205444365 +4.2532103834673762e-03
2023-04-17T11:54:21.500 22629.881265414580411743 0.921790454555658001   473591.259250455769 -1.8989995529409498e-02
2023-04-17T11:54:26.500 23548.638547785318223760 0.983436693036570664   473585.059409041540 -1.7782899027224630e-02
2023-04-17T11:54:31.500 19474.840799358640651917 0.940783536534459119   473578.875507203455 +6.9964549038559198e-04
2023-04-17T11:54:36.500 18549.309432903748529498 0.791663937185705380   473572.665672886651 -5.4152643424458802e-03
2023-04-17T11:54:41.500 20239.606009848452231381 0.907095442556225651   473566.470108998416 +4.0744395228102803e-03
2023-04-17T11:54:46.500 24121.815011777605832322 0.984650843595372471   473560.259807238821 +1.5962647739797831e-04
2023-04-17T11:54:51.500 22269.204607632967963582 0.957480460555805823   473554.084916323365 +3.2988190127070993e-02
2023-04-17T11:54:56.500 18530.044562841583683621 0.822304255617926527   473547.854270758166 +1.1393823428079486e-02
2023-04-17T11:55:01.500 22498.879797663350473158 0.889865957314219691   473541.633985610388 +1.4907899312674999e-03
2023-04-17T11:55:06.500 21722.347390000235463958 0.981256522819046739   473535.417972262832 -2.8103223885409534e-03
2023-04-17T11:55:11.500 21871.465117169027507771 0.961781220945444826   473529.199523047195 -8.2179666496813297e-03
2023-04-17T11:55:16.500 20792.915543450817494886 0.845117625762525693   473522.981981162971 -1.1389719031285495e-02
2023-04-17T11:55:21.500 19073.539498919264588039 0.871698135950570996   473516.767147350532 -1.0525604535359889e-02
2023-04-17T11:55:26.500 23086.564082117845828179 0.969349447994834912   473510.552967170079 -7.6808186713606119e-03
2023-04-17T11:55:31.500 25963.529935617614682997 0.967367740806079790   473504.370395187929 +2.8098459704779088e-02
2023-04-17T11:55:36.500 20808.746813805075362325 0.852895933328510991   473498.099372675526 -2.3247233242727816e-02
2023-04-17T11:55:41.500 20269.127945331802038709 0.850388615548666293   473491.896257770946 -5.3604834247380495e-03
2023-04-17T11:55:46.500 24629.256260860987822525 0.957774129993264944   473485.666263478110 -1.3029000896494836e-02
2023-04-17T11:55:51.500 23171.695665713723428780 0.968713917543008951   473479.466113532661 +1.0470247478224337e-02
2023-04-17T11:55:56.500 21533.251104919701901963 0.857698322457993267   473473.227450642851 -3.2207219046540558e-03
2023-04-17T11:56:01.500 20684.386148508656333433 0.841963621099039661   473467.006792706903 +2.4153092526830733e-03
2023-04-17T11:56:06.500 23265.458978563365235459 0.952841764076234998   473460.781617684755 +4.8556317342445254e-03
2023-04-17T11:56:11.500 22695.557782388357736636 0.966396930307671265   473454.553205333825 +5.3793459665030241e-03
2023-04-17T11:56:16.500 21156.344605512047564844 0.880161387197433975   473448.333713302913 +1.6143455402925611e-02
2023-04-17T11:56:21.500 21015.469743045716313645 0.828544997676516459   473442.086998089682 +1.0038243490271270e-03
2023-04-17T11:56:26.500 22376.596442287987883901 0.950469470100893665   473435.879953624913 +2.6853762450627983e-02
2023-04-17T11:56:31.500 22922.387100273444957566 0.975704484112157044   473429.640829516167 +2.1942268649581820e-02
2023-04-17T11:56:36.500 21845.065823700249893591 0.891457468032721190   473423.370950033248 -1.2406983645632863e-02
2023-04-17T11:56:41.500 19237.254171706394117791 0.823723595929125585   473417.139758357371 -6.7513963440433145e-03
2023-04-17T11:56:46.500 22862.600677783455466852 0.953787145383582557   473410.897355883440 -1.0990145266987383e-02
2023-04-17T11:56:51.500 24089.954959992417570902 0.980376139763681431   473404.665018173633 -3.8482254603877664e-03
2023-04-17T11:56:56.500 21725.115976891069294652 0.897871900817372226   473398.435929819709 +7.8584106522612274e-03
2023-04-17T11:57:01.500 17979.882860811587306671 0.810019171420534256   473392.197864405054 +1.1902815836947411e-02
2023-04-17T11:57:06.500 22608.164488771493779495 0.956222245783135305   473385.925031624967 -1.7505831609014422e-02
2023-04-17T11:57:11.500 21329.516042341350839706 0.981242171120066065   473379.721743698872 +2.3944184649735689e-02
2023-04-17T11:57:16.500 21216.822321231735259062 0.892233267705409561   473373.434494736081 -1.7253515135962516e-02
2023-04-17T11:57:21.500 20727.011085139562055701 0.813729099173773895   473367.209512886009 +5.1287433016113937e-03
2023-04-17T11:57:26.500 24078.396611252897855593 0.952666660953384037   473360.954969303450 -7.3834555223584175e-04
2023-04-17T11:57:31.500 26035.516519169363164110 0.977878014237937965   473354.711783141363 +6.0639251023530960e-03
2023-04-17T11:57:36.500 20031.421974978402431589 0.890704421126398360   473348.441586522094 -1.2832753534894437e-02
2023-04-17T11:57:41.500 18623.075982054557243828 0.811159569681244585   473342.202553397219 +7.4515375308692455e-04
2023-04-17T11:57:46.500 22462.657902641298278468 0.952839322353206675   473335.931089274993 -1.6797246062196791e-02
2023-04-17T11:57:51.500 25118.641453709951747442 0.983313265953991822   473329.698553795111 +5.8993006823584437e-03
2023-04-17T11:57:56.500 21626.919610501983697759 0.897382524422826178   473323.434375758574 -1.7367752734571695e-03
2023-04-17T11:58:01.500 18537.631242399955226574 0.819968893864751025   473317.183011440095 +4.7504458343610168e-03
2023-04-17T11:58:06.500 22430.301346442833164474 0.951342722863294243   473310.919416446821 +3.1623221002519131e-04
2023-04-17T11:58:11.500 22908.349358663381281076 0.985252348695252911   473304.687143241288 +2.8512723278254271e-02
2023-04-17T11:58:16.500 21153.685516119312524097 0.894521243694841317   473298.373504235002 -2.3347976151853800e-02
2023-04-17T11:58:21.500 20972.395865154085186077 0.830176023305074562   473292.125266005925 -8.4995786892250180e-03
2023-04-17T11:58:26.500 23129.105449384693201864 0.958244327210166058   473285.852815697202 -1.6555214882828295e-02
2023-04-17T11:58:31.500 24972.454389189671928762 0.992252659133881165   473279.616769961780 +1.3101510878186673e-02
2023-04-17T11:58:36.500 20899.617615162955189589 0.893416224811577786   473273.330433101568 -6.2253395444713533e-03
2023-04-17T11:58:41.500 19087.757119890280591790 0.831500869891838690   473267.077157901251 +8.8167951907962561e-03
2023-04-17T11:58:46.500 22826.082462477690569358 0.958361661952405908   473260.795105812664 -3.6108387284912169e-03
2023-04-17T11:58:51.500 21329.906295603192120325 0.971471011854005417   473254.538822362898 +1.1037097137887031e-02
2023-04-17T11:58:56.500 20668.468472605021815980 0.866852044326928972   473248.235054334393 -2.0492785144597292e-02
2023-04-17T11:59:01.500 20215.341745317284221528 0.845326923362605176   473241.995513137255 +1.3510771328583360e-02
2023-04-17T11:59:06.500 23419.919125923719548155 0.966842410164433064   473235.693699473981 -1.3451665814500302e-02
2023-04-17T11:59:11.500 23084.760857281733478885 0.974689936706695570   473229.440644706658 +9.6511486917734146e-03
2023-04-17T11:59:16.500 20771.353340753950760700 0.871225598813454294   473223.174685374310 +2.1155655675102025e-02
2023-04-17T11:59:21.500 19229.927085202754824422 0.856928206366879053   473216.880747187068 +5.9874853468500078e-03
2023-04-17T11:59:26.500 21780.560377080753823975 0.968074943509526831   473210.581820474879 -1.2863093579653651e-02
2023-04-17T11:59:31.500 25563.506974515570618678 0.969790839274023431   473204.293754128215 -1.9547232426702976e-02
2023-04-17T11:59:36.500 21931.311750903852953343 0.856906685844274429   473198.008690943592 -2.1922158193774521e-02
2023-04-17T11:59:41.500 21505.161197248882672284 0.878705142434635045   473191.752735053422 +6.1162578640505672e-03
2023-04-17T11:59:46.500 24937.033071971967729041 0.990014082279404128   473185.460480546113 -8.3788012852892280e-04
2023-04-17T11:59:51.500 21658.421544586282834643 0.968432861329755701   473179.184985820553 +1.0273861873429269e-02
2023-04-17T11:59:56.500 20930.256878179698105669 0.840171433635579445   473172.911917315039 +2.5117977347690612e-02
2023-04-17T12:00:01.500 21171.082742577884346247 0.897296217874674618   473166.567390687764 -3.0189800425432622e-02
2023-04-17T12:00:06.500 24866.185178624564287020 0.988551088592290350   473160.316940495919 +9.8851808579638600e-03
2023-04-17T12:00:11.500 22591.771679812318325276 0.950819041443657809   473154.010054171202 -5.1695312140509486e-03
2023-04-17T12:00:16.500 19731.847197218001383590 0.808669804509491441   473147.737192084664 +1.5106570324860513e-02
2023-04-17T12:00:21.500 21603.580222514356137253 0.913616320449029851   473141.440672364959 +1.3031771173700690e-02
2023-04-17T12:00:26.500 23845.111988173179270234 0.990928741691953885   473135.130753980193 -1.1347827967256308e-03
2023-04-17T12:00:31.500 21567.501343064930551918 0.936275051308276263   473128.845372719166 +1.0542896226979792e-02
2023-04-17T12:00:36.500 17164.733487118763150647 0.772265802168710769   473122.524287143839 -1.2176409887615591e-02
2023-04-17T12:00:41.500 21730.744105808214953868 0.934165750594404987   473116.240394795430 +3.6050818744115531e-03
2023-04-17T12:00:46.500 24723.204998973997135181 0.997572333912071341   473109.929176944075 -6.6310953116044402e-03
2023-04-17T12:00:51.500 21533.451931416671868647 0.916494381409707848   473103.621305074950 -1.2213170935865492e-02
2023-04-17T12:00:56.500 18032.823604640510893660 0.794045310383548308   473097.327638780000 -2.2812461247667670e-03
2023-04-17T12:01:01.500 23084.897479714927612804 0.949928923048538154   473091.021109167777 -3.9038831600919366e-03
2023-04-17T12:01:06.500 22938.685422752270824276 0.987937041670937655   473084.718189127219 -6.0784153174608946e-04
2023-04-17T12:01:11.500 22690.613555315885605523 0.897369527644645615   473078.390192908759 -2.1078496647533029e-02
2023-04-17T12:01:16.500 18613.314009343797806650 0.828380902675002528   473072.112771401182 +1.0335437080357224e-02
2023-04-17T12:01:21.500 21507.343535110001539579 0.973034550802260090   473065.802760236023 +1.0470011038705707e-02
2023-04-17T12:01:26.500 21649.615554310817969963 0.981778049931704144   473059.480314703716 -5.1904172869399190e-04
2023-04-17T12:01:31.500 20264.589924313429946778 0.869025150156298332   473053.174987238133 +6.9211789523251355e-03
2023-04-17T12:01:36.500 20280.654145340075046988 0.869416143112945461   473046.857229073416 +3.2423964585177600e-03
2023-04-17T12:01:41.500 23290.977234253095957683 0.980338340402795549   473040.537391156948 -1.2039283756166697e-03
2023-04-17T12:01:46.500 22182.946445310972194420 0.964106376561697509   473034.229268907744 +7.3781601968221366e-03
