# Observation conducted on 2020.02.22 at Bd rev. 2 
# Base frequency: 8400.49 MHz
# Format: UTC Time     |    Signal-to-Noise     |      Spectral max      | Freq detection [Hz] |   Doppler noise [Hz]  |
# 
2020-02-22T01:30:06.000 8.593484052513962013e+01 4.677094107973891823e+01  4029829.488451426383 +4.0665034230187302e-03
2020-02-22T01:30:16.000 7.857838103603307900e+01 4.416850430088669555e+01  4029821.502298635431 +1.3079405741791561e-03
2020-02-22T01:30:26.000 8.557256509696185276e+01 5.024810873878476514e+01  4029813.520468603354 -5.0731944035078413e-03
2020-02-22T01:30:36.000 1.010224582665069164e+02 5.403519296994794985e+01  4029805.554194979835 -4.1189355686128684e-03
2020-02-22T01:30:46.000 9.749118757355437026e+01 6.321413273933738708e+01  4029797.588655999396 -1.0890380775094854e-02
2020-02-22T01:30:56.000 1.118344255964266409e+02 5.793466109998600189e+01  4029789.656714363024 +7.2697884893386799e-03
2020-02-22T01:31:06.000 8.972710577428132694e+01 5.230011409976618353e+01  4029781.717879761476 +9.6974278219477128e-03
2020-02-22T01:31:16.000 6.701722202927845728e+01 4.465751949261549925e+01  4029773.785990184639 +1.0085839786825090e-02
2020-02-22T01:31:26.000 8.168754112597231654e+01 5.117930539026258430e+01  4029765.849312323146 -3.4162280439886672e-03
2020-02-22T01:31:36.000 9.046426561882024941e+01 5.065396098473348019e+01  4029757.946057933383 +7.3093839346256573e-03
2020-02-22T01:31:46.000 9.291683178415716782e+01 5.857194675192539535e+01  4029750.026043618564 -7.9923798136860569e-03
2020-02-22T01:31:56.000 8.698405917022616052e+01 5.335740294507206727e+01  4029742.132943475153 -5.6995348545569868e-03
2020-02-22T01:32:06.000 9.143215804591612539e+01 5.516591826619372085e+01  4029734.256286181509 +3.6816195834035166e-03
2020-02-22T01:32:16.000 8.945897258693395315e+01 5.276325795036596844e+01  4029726.370621164795 -5.3197257748252014e-03
2020-02-22T01:32:26.000 7.947132610627464544e+01 4.544334556992744467e+01  4029718.505742209032 -2.9176879761507735e-03
2020-02-22T01:32:36.000 1.076628551353352776e+02 6.552898932047030200e+01  4029710.649257516954 -1.5020285967466407e-03
2020-02-22T01:32:46.000 1.045147163443219256e+02 5.369605412551248946e+01  4029702.800477166194 -1.7531018953604871e-03
2020-02-22T01:32:56.000 7.902002995073745240e+01 4.679823063091450308e+01  4029694.964137257542 +1.0798941043503871e-03
2020-02-22T01:33:06.000 8.051907463456915082e+01 5.048165690950713724e+01  4029687.135420678183 +2.1972765995315058e-03
2020-02-22T01:33:16.000 9.484788311947416162e+01 5.735611165713568482e+01  4029679.321489581373 +8.7789631354553421e-03
2020-02-22T01:33:26.000 1.172413574016115234e+02 6.573088524250424314e+01  4029671.505798583850 +4.2952582977022757e-03
2020-02-22T01:33:36.000 1.097898540248757229e+02 7.172176554643029078e+01  4029663.700907471124 +1.3171641812732560e-03
2020-02-22T01:33:46.000 9.691742765012701000e+01 5.606671805203568226e+01  4029655.893403931055 -1.3563290166075603e-02
2020-02-22T01:33:56.000 1.238234816945741414e+02 7.320588462674108143e+01  4029648.124325633515 +6.8662957403375913e-04
2020-02-22T01:34:06.000 8.611499915984182962e+01 4.867444679022331400e+01  4029640.353226993699 +3.6047268444008296e-03
2020-02-22T01:34:16.000 1.015406060357981346e+02 6.430765394475842811e+01  4029632.579634952825 -5.3127492279827484e-03
2020-02-22T01:34:26.000 1.204537601120906771e+02 6.391740962934341752e+01  4029624.833989642560 +4.3271611241380015e-03
2020-02-22T01:34:36.000 7.011939625267685017e+01 4.619966180812963330e+01  4029617.083933982532 +1.0132172997145972e-04
2020-02-22T01:34:46.000 8.951754043180508802e+01 5.070674739760857364e+01  4029609.344476744067 -3.0688314327562694e-03
2020-02-22T01:34:56.000 8.111942712778309783e+01 4.110051529556321270e+01  4029601.611569028813 -9.3432207398791434e-03
2020-02-22T01:35:06.000 6.911299086600892849e+01 4.066069984540693127e+01  4029593.925548292231 +2.1478500394096045e-02
2020-02-22T01:35:16.000 8.220228694607649800e+01 5.047999599838308882e+01  4029586.191623311024 -5.5604875665267164e-03
2020-02-22T01:35:36.000 8.753514881133179415e+01 5.253463504564084730e+01  4029570.575585087296 -7.5022556891212844e-02
2020-02-22T01:35:46.000 9.458466715813935366e+01 5.887458983041521776e+01  4029562.644221256021 -6.1875838513515191e-02
2020-02-22T01:35:56.000 9.735264609977197381e+01 6.064791073152815670e+01  4029554.732603839133 -3.9182613537832367e-02
2020-02-22T01:36:06.000 1.090352720014489591e+02 6.943233184447652206e+01  4029546.859689075034 +1.1131821529602348e-02
2020-02-22T01:36:16.000 8.115487472417423476e+01 5.031629041697202354e+01  4029538.948954698630 +1.1811785605459590e-02
2020-02-22T01:36:26.000 9.217717007251607697e+01 5.624402435480590157e+01  4029531.051410595886 +1.3275173833335428e-02
2020-02-22T01:36:36.000 1.012920397070664933e+02 5.844194805986529673e+01  4029523.188517183065 +3.6525148912573968e-02
2020-02-22T01:36:46.000 8.377238480213206628e+01 5.672558196118728802e+01  4029515.352871581446 +7.3829623584856563e-02
2020-02-22T01:36:56.000 9.567720902080922940e+01 5.548166295207645504e+01  4029507.485242314171 +6.5749268873219080e-02
2020-02-22T01:37:06.000 1.054818481240176027e+02 5.832877458858988717e+01  4029499.646256782580 +7.2818296662944704e-02
2020-02-22T01:37:16.000 9.016654563032926717e+01 5.477109762113680347e+01  4029491.828050299082 +8.7186804659040718e-02
2020-02-22T01:37:26.000 8.060408585448624308e+01 5.615487078771789697e+01  4029483.987928078510 +6.6276075415657942e-02
2020-02-22T01:37:36.000 1.109418100049620790e+02 6.280143407088965546e+01  4029476.167894105427 +5.2300754222414973e-02
2020-02-22T01:37:46.000 9.310555956893077223e+01 5.545385712350985585e+01  4029468.374130814336 +5.1741838269890650e-02
2020-02-22T01:37:56.000 9.023158630884040576e+01 6.124683124210883278e+01  4029460.563009929378 +2.1350824713408656e-02
2020-02-22T01:38:06.000 8.917560348746457066e+01 4.925446695904332017e+01  4029452.780896159820 +7.9467170048701519e-03
2020-02-22T01:38:16.000 7.364725581802748877e+01 4.254869868990169124e+01  4029445.005973814521 -9.7640519771857726e-03
2020-02-22T01:38:26.000 9.602719554045808081e+01 5.317666711985297923e+01  4029437.249167509377 -2.0273602161751111e-02
2020-02-22T01:38:36.000 9.977355142555903456e+01 5.957035283802228065e+01  4029429.481400025543 -5.2021442927070893e-02
2020-02-22T01:38:46.000 8.127663760345873811e+01 4.945086917765431167e+01  4029421.734587613493 -7.2405851644930394e-02
2020-02-22T01:38:56.000 1.155335063884659235e+02 7.625276932523887297e+01  4029414.008114941418 -8.1315623374848656e-02
2020-02-22T01:39:06.000 9.088544814695458740e+01 5.617906818476641462e+01  4029406.279237512965 -1.0073434186517716e-01
2020-02-22T01:39:16.000 7.651831875475969014e+01 4.514434551961818443e+01  4029398.558921237476 -1.1890749733231588e-01
2020-02-22T01:39:26.000 8.878340123358232461e+01 4.878189148481061466e+01  4029390.858773353510 -1.2341825473663448e-01
2020-02-22T01:39:36.000 1.169090097983349068e+02 6.230843349525029140e+01  4029383.147489256691 -1.4474731976963540e-01
2020-02-22T01:39:46.000 8.584635385756506309e+01 5.628987268032694402e+01  4029375.471467977390 -1.3566414650279057e-01
2020-02-22T01:39:56.000 8.332956536387798963e+01 5.148611663850266496e+01  4029367.783956693485 -1.4208912076298927e-01
2020-02-22T01:40:06.000 8.684383429733853177e+01 5.421873712348600804e+01  4029360.105882757809 -1.4226821763452335e-01
2020-02-22T01:40:16.000 7.769060617782992040e+01 4.800611258357071165e+01  4029352.447635874618 -1.2499752062649348e-01
2020-02-22T01:40:26.000 9.438043500963254928e+01 5.835526897960730963e+01  4029344.806311366614 -9.2386642646147266e-02
2020-02-22T01:40:36.000 1.075329072419922056e+02 6.687529523727118885e+01  4029337.148218873423 -7.7356719176691527e-02
2020-02-22T01:40:46.000 1.059900688642516258e+02 6.523898865882028986e+01  4029329.531526482198 -2.1002965308070998e-02
2020-02-22T01:40:56.000 1.052696741277163568e+02 6.304257238243010875e+01  4029321.905158767942 +2.6296666607322550e-02
2020-02-22T01:41:06.000 1.009963660948054383e+02 6.053104171280646284e+01  4029314.305287511088 +1.0136552386904896e-01
2020-02-22T01:41:16.000 1.220331950243802623e+02 6.676624113189038212e+01  4029306.696866462473 +1.6975631793843604e-01
2020-02-22T01:41:26.000 1.109056406428809254e+02 6.011022983040785306e+01  4029299.095276242588 +2.4738934191725548e-01
2020-02-22T01:41:36.000 1.314910890028516519e+02 7.635261469025033421e+01  4029291.515064468607 +3.4928590018239447e-01
2020-02-22T01:41:46.000 9.496360511951628780e+01 5.823631460893452783e+01  4029283.856942647137 +3.7655851275178520e-01
2020-02-22T01:41:56.000 8.419113756530461501e+01 5.216875189694486181e+01  4029276.031288639177 +2.3990669123691075e-01
2020-02-22T01:42:06.000 1.031195198695639732e+02 5.757889240252445262e+01  4029268.234505965374 +1.3596955139030342e-01
2020-02-22T01:42:16.000 9.035598912473336952e+01 5.367867415220364791e+01  4029260.456988077611 +5.5283394032585427e-02
2020-02-22T01:42:26.000 1.085830427970074652e+02 6.129976994446972327e+01  4029252.677431589458 -2.3411751985918272e-02
2020-02-22T01:42:36.000 7.731822780837039488e+01 5.500346878201342093e+01  4029244.920436063316 -7.5579038353453143e-02
2020-02-22T01:42:46.000 1.255438746285274760e+02 6.783307849147175261e+01  4029237.144753108732 -1.4264238480109270e-01
2020-02-22T01:42:56.000 1.022047659293625230e+02 6.920171718781610082e+01  4029229.419369784184 -1.5590977365013714e-01
2020-02-22T01:43:06.000 9.151526927687100965e+01 5.742115103623849848e+01  4029221.669052739162 -1.9103578951205688e-01
2020-02-22T01:43:16.000 1.015545018292154253e+02 6.629441108949798434e+01  4029213.931040100753 -2.1133643318023587e-01
2020-02-22T01:43:26.000 1.109856386702044233e+02 6.910656643656429310e+01  4029206.222572099417 -2.0026518020813455e-01
2020-02-22T01:43:36.000 8.865699626450228266e+01 5.812643002032795891e+01  4029198.517078486271 -1.8523225571664167e-01
2020-02-22T01:43:46.000 8.536731064683124259e+01 5.806226552352442383e+01  4029190.816738167778 -1.6505169173808551e-01
2020-02-22T01:43:56.000 1.090332971404123157e+02 6.595710279882564464e+01  4029183.129580710549 -1.3284651083267815e-01
2020-02-22T01:44:06.000 9.096968256648368367e+01 5.231067251951103714e+01  4029175.446964658331 -9.8577101632827166e-02
2020-02-22T01:44:16.000 8.461172353940727930e+01 4.490405620083229365e+01  4029167.773612414487 -5.9013027238506766e-02
2020-02-22T01:44:26.000 7.224802078933359439e+01 3.828144385585915188e+01  4029160.095446086489 -2.9903867726375207e-02
2020-02-22T01:44:36.000 9.496544500051773241e+01 5.410938785025042108e+01  4029152.477373220026 +5.1799818424910882e-02
2020-02-22T01:44:46.000 7.560127283305271817e+01 4.566210017088409501e+01  4029144.861934899818 +1.2658790798366226e-01
2020-02-22T01:44:56.000 7.432049991820665014e+01 4.705302718305078713e+01  4029137.221984682605 +1.6506295216174749e-01
2020-02-22T01:45:06.000 5.842256249604875507e+01 3.961877371139231485e+01  4029129.552520736121 +1.5976562972082320e-01
2020-02-22T01:45:16.000 7.234329200235909241e+01 3.884864035050000552e+01  4029122.000121187884 +2.5460340100096346e-01
2020-02-22T01:45:26.000 4.230848870563114872e+01 2.589317861065418569e+01  4029114.315500549506 +1.9740024110353716e-01
2020-02-22T01:45:36.000 5.463352571401746616e+01 3.545941953636269517e+01  4029106.758024326526 +2.4440456225784143e-01
2020-02-22T01:45:46.000 5.415287984760870188e+01 3.815201850231697733e+01  4029099.210780328140 +2.7535383367046506e-01
2020-02-22T01:45:56.000 4.907353328833599448e+01 3.140147152673798914e+01  4029091.611837078352 +2.2472629665128352e-01
2020-02-22T01:46:06.000 5.594670638013553088e+01 3.302334106930198487e+01  4029084.126711219084 +2.5420168028244916e-01
2020-02-22T01:46:16.000 5.289379575491305729e+01 3.338193751839012435e+01  4029076.642043048982 +2.4633005273551589e-01
2020-02-22T01:46:26.000 5.582247964807449847e+01 3.448739033802689136e+01  4029068.913193667307 -4.7877731481094088e-02
2020-02-22T01:46:36.000 4.333391846234418665e+01 2.461573893986344075e+01  4029061.287629188970 -2.8557250386575106e-01
2020-02-22T01:46:46.000 4.225629223736002871e+01 2.569909812402337579e+01  4029053.760620698333 -4.7637351756520729e-01
2020-02-22T01:46:56.000 4.505165689125345807e+01 2.856609270247530574e+01  4029046.546418119222 -4.1120127317617522e-01
2020-02-22T01:50:06.000 5.589948386460628171e+01 3.209050519759526310e+01  4028902.337155320216 -1.5362225427566044e-02
2020-02-22T01:50:16.000 8.067045263309550762e+01 4.669439177740633085e+01  4028894.838049698621 +2.0880339560790159e-02
2020-02-22T01:50:26.000 7.254795045236114959e+01 4.409246860616785568e+01  4028887.265615340788 -1.5612669270126387e-02
2020-02-22T01:50:36.000 5.648946704943827513e+01 3.659086724831202986e+01  4028879.740771822631 -7.6486920885372447e-03
2020-02-22T01:50:46.000 7.204640846101736429e+01 4.153025063721912602e+01  4028872.217043494340 -4.6317757169163087e-03
2020-02-22T01:50:56.000 6.867250731263729335e+01 4.497178830652393344e+01  4028864.715600422584 +1.2395663470897487e-02
2020-02-22T01:51:06.000 8.123014650680636350e+01 5.073273840147285085e+01  4028857.181771225762 -1.2816994773629631e-02
2020-02-22T01:51:16.000 7.180853112775565705e+01 4.863727798617902920e+01  4028849.705687275156 +8.8329307524190881e-03
2020-02-22T01:51:26.000 8.192477051982778846e+01 4.905418291550386556e+01  4028842.222016258631 +1.1452300764403844e-02
2020-02-22T01:51:36.000 7.308047568049767051e+01 4.541239160017036625e+01  4028834.756759436801 +2.0866728911300925e-02
2020-02-22T01:51:46.000 1.056606342915615642e+02 5.618395999896906545e+01  4028827.255879808217 -1.6833947234317748e-02
2020-02-22T01:51:56.000 8.877000636293145419e+01 5.187550666247803122e+01  4028819.811970820185 -8.7096331209295386e-03
2020-02-22T01:52:06.000 6.459015298320940701e+01 4.066296203672981591e+01  4028812.387525631115 +8.2165915658833910e-03
2020-02-22T01:52:16.000 8.478001169250964608e+01 5.288206217941647935e+01  4028804.953103114385 +5.0417924929888613e-03
2020-02-22T01:52:26.000 9.536220209075207777e+01 5.861737053977633138e+01  4028797.535568119958 +9.1407570508863500e-03
2020-02-22T01:52:36.000 8.439965787687729915e+01 5.062157261271564579e+01  4028790.109755568206 -4.2526027310714198e-03
2020-02-22T01:52:46.000 7.964979626407645696e+01 4.732584257491463831e+01  4028782.704781462438 -5.8169178522575740e-03
2020-02-22T01:52:56.000 7.158248351892916617e+01 4.936020429080006267e+01  4028775.310805127025 -5.4638182303961003e-03
2020-02-22T01:53:06.000 7.883026852305083310e+01 4.233475424879016202e+01  4028767.935514159966 +4.0643374645696895e-03
2020-02-22T01:53:16.000 8.690637526801781121e+01 4.810928713845243720e+01  4028760.559048397467 +2.0357402542003911e-03
2020-02-22T01:53:26.000 7.539451134333336313e+01 4.331313609479132509e+01  4028753.198399601504 +4.0461291514475306e-03
2020-02-22T01:53:36.000 8.493618982656145988e+01 5.558550163672447297e+01  4028745.838598156814 -6.8771987737363816e-03
2020-02-22T01:53:46.000 7.412837565684633034e+01 4.459536544668384295e+01  4028738.516549762338 +3.4786189052056216e-03
2020-02-22T01:54:16.000 4.885797067379198921e+01 2.944604717346486922e+01  4028716.203944446985 +6.1715575153232294e-01
2020-02-22T01:54:26.000 8.567946828596392095e+01 5.775655483560915826e+01  4028708.638676412869 +3.2073069678403954e-01
2020-02-22T01:54:36.000 9.291366476055324597e+01 5.549726065327314473e+01  4028701.114316470455 +1.1017105541816365e-01
2020-02-22T01:54:46.000 8.145208032015152355e+01 4.851078053495489684e+01  4028693.586504278239 -6.2245039098684174e-02
2020-02-22T01:54:56.000 9.616174349735439364e+01 5.149908113430588230e+01  4028686.065554824658 -1.9009119158999965e-01
2020-02-22T01:55:06.000 7.403395842610412103e+01 5.141030716863749461e+01  4028678.564571265597 -2.6460115794213834e-01
2020-02-22T01:55:16.000 6.853184447692393633e+01 4.128030197776448773e+01  4028671.068264110480 -3.0577091770749121e-01
2020-02-22T01:55:26.000 8.975722388198408908e+01 5.330717347695491526e+01  4028663.585819222499 -3.0941192940485962e-01
2020-02-22T01:55:36.000 8.735504690292663099e+01 5.545140654686984760e+01  4028656.099633892998 -2.9833631462417998e-01
2020-02-22T01:55:46.000 9.367171716313927732e+01 5.764299716268116924e+01  4028648.646558111999 -2.4103683740781889e-01
2020-02-22T01:55:56.000 6.403562947673746919e+01 4.276373651087393313e+01  4028641.191925189458 -1.7757754964134165e-01
2020-02-22T01:56:06.000 8.848498281620638295e+01 5.251908042451822922e+01  4028633.755473855417 -9.3592933449144766e-02
2020-02-22T01:56:16.000 9.680137076922403594e+01 5.409837630420494747e+01  4028626.320501616690 -1.1055810507627937e-02
2020-02-22T01:56:26.000 7.576347838098227783e+01 4.252980067193045954e+01  4028618.896064309403 +7.4000958932856506e-02
2020-02-22T01:56:36.000 9.346518966191052868e+01 5.855872342692489951e+01  4028611.477053252980 +1.5164037138185904e-01
2020-02-22T01:56:46.000 9.025114999679975369e+01 5.246507690139824120e+01  4028604.057317515835 +2.1122229379830060e-01
2020-02-22T01:56:56.000 7.983483188390546559e+01 4.967362095854975479e+01  4028596.675307179336 +2.8712546636177194e-01
2020-02-22T01:57:06.000 8.034341344382421823e+01 4.500049323035210591e+01  4028589.319199332036 +3.6395224602813414e-01
2020-02-22T01:57:16.000 9.905204104738751880e+01 5.305664192908537302e+01  4028581.917707866989 +3.6741714274830878e-01
2020-02-22T01:57:26.000 7.428178788073041972e+01 4.199655437241182909e+01  4028574.582414839417 +4.0675692539969083e-01
2020-02-22T01:57:36.000 7.388334049932605296e+01 4.506697646579738858e+01  4028567.199665179942 +3.6670407748181327e-01
2020-02-22T01:57:46.000 9.056115380430092898e+01 5.006287734102570397e+01  4028559.880803400651 +3.5780224693485252e-01
2020-02-22T01:57:56.000 7.788704703225698722e+01 5.174023333960246163e+01  4028552.544089488219 +2.9840088090361405e-01
2020-02-22T01:58:06.000 7.839453345005212270e+01 4.762049571615481369e+01  4028545.237451400142 +2.3748647226898356e-01
2020-02-22T01:58:16.000 9.185165219495725353e+01 5.595491859284959446e+01  4028537.916417189408 +1.3269342308205978e-01
2020-02-22T01:58:26.000 8.774316603615964993e+01 4.717785867328404947e+01  4028530.620389443822 +2.6657227795681138e-02
2020-02-22T01:58:36.000 1.066005953233727439e+02 5.419956321811833533e+01  4028523.332838051021 -9.2714013820000205e-02
2020-02-22T01:58:46.000 8.588416461803825541e+01 5.112132187321417121e+01  4028516.063357499894 -2.1010355597252328e-01
2020-02-22T01:58:56.000 8.028052826800738728e+01 4.954682497738041747e+01  4028508.786278183106 -3.4409595443435137e-01
2020-02-22T01:59:06.000 9.463846118729607326e+01 5.724166759784245784e+01  4028501.536476496141 -4.5128823193840617e-01
2020-02-22T01:59:16.000 7.415552144475331886e+01 4.246761596257184834e+01  4028494.297227436211 -5.3835852429085662e-01
2020-02-22T01:59:26.000 9.294297933440051906e+01 5.068083705611778100e+01  4028487.065322699025 -5.9686925036032790e-01
2020-02-22T01:59:36.000 7.560480398755436227e+01 4.422840446359425925e+01  4028479.837276487146 -6.1698255285500636e-01
2020-02-22T01:59:46.000 8.497848371620743535e+01 5.157592313771401393e+01  4028472.616894170176 -5.7981289630936317e-01
2020-02-22T01:59:56.000 8.486348858063701073e+01 5.108200368437078964e+01  4028465.414431270212 -4.5818933883697355e-01
2020-02-22T02:00:06.000 6.974356729118460407e+01 3.873559603943834873e+01  4028458.174541178625 -2.8862906798906351e-01
2020-02-22T02:00:16.000 1.023292558660383236e+02 5.925931869771928007e+01  4028450.796019929461 -1.5151388515846520e-01
2020-02-22T02:00:26.000 5.421372112080873507e+01 3.698064600646318922e+01  4028443.370597056579 +6.7779392355419077e-02
2020-02-22T02:00:36.000 6.269043085850438501e+01 3.777808212287001055e+01  4028435.965127982199 +4.6115007003834302e-01
2020-02-22T02:00:46.000 5.903568106761822065e+01 3.342849700105759325e+01  4028428.478506435174 +9.5476473344547230e-01
2020-02-22T02:00:56.000 2.940288991198517365e+01 1.772490903556917985e+01  4028421.081255229656 +1.7487267740419838e+00
2020-02-22T02:01:06.000 3.384072892528332943e+01 1.836513954596350473e+01  4028413.517151811160 +2.6187806779926177e+00
2020-02-22T02:01:16.000 3.118053565836911645e+01 1.942177213135480685e+01  4028406.418673487380 +4.2318360001214614e+00
2020-02-22T02:01:26.000 1.721622663609350568e+01 1.069078197217206849e+01  4028399.614282804076 +6.4533314857136475e+00
2020-02-22T02:01:36.000 2.201692226623827153e+01 1.342383810337506844e+01  4028391.046927683055 +7.2658139509501325e+00
2020-02-22T02:01:46.000 1.324002217629266376e+01 8.942415466759342735e+00  4028383.457109511830 +9.4520851170103679e+00
2020-02-22T02:01:56.000 1.108494083986357559e+01 7.238578605435234792e+00  4028378.139944187831 +1.4352341398137924e+01
2020-02-22T02:02:06.000 1.460211037349902874e+01 9.040249899385246479e+00  4028369.926455024164 +1.6845545553273496e+01
2020-02-22T02:02:16.000 1.258846856651185853e+01 8.401889039634170331e+00  4028364.318579545710 +2.2484512223469665e+01
2020-02-22T02:02:26.000 1.262181078318937288e+01 7.933380621946032107e+00  4028353.257875502575 +2.3264692690181391e+01
2020-02-22T02:02:36.000 9.812783857636702578e+00 6.188915797703290700e+00  4028345.632557940204 +2.8131290690378815e+01
2020-02-22T02:02:46.000 8.042064280914104302e+00 5.545601214856364258e+00  4028340.287548106629 +3.5989390066843043e+01
2020-02-22T02:02:56.000 6.771467369366157563e+00 5.023063914539610764e+00  4027667.673462297767 -6.2264697764195239e+02
2020-02-22T02:03:06.000 7.442502765122280373e+00 5.293013213211881229e+00  4028328.543475360144 +5.3042109043193477e+01
2020-02-22T02:03:16.000 8.389556183585257898e+00 5.911965084703836304e+00  4028315.347730158363 +5.5576949759890795e+01
2020-02-22T02:03:26.000 8.159777316331092933e+00 5.644398539610866017e+00  4027928.606655897573 -3.1444838064229259e+02
2020-02-22T02:03:36.000 6.090794806799261885e+00 4.718997306801055558e+00  4028688.570348371286 +4.6329342690536896e+02
2020-02-22T02:03:46.000 8.519473061368570299e+00 5.674386882254219167e+00  4028177.655236517545 -2.8700339018270256e+01
2020-02-22T02:03:56.000 7.257888211012614832e+00 4.849072197209002510e+00  4028290.559147736058 +1.0435273373683869e+02
